1 0 car -1 -1 -1 336 177 387 208 -1 -1 -1 -14.08 1.99 41.54 -1 1.000000
1 1 car -1 -1 -1 413 177 458 205 -1 -1 -1 -9.97 1.90 41.62 -1 1.000000
1 2 car -1 -1 -1 598 171 678 236 -1 -1 -1 0.81 1.64 20.38 -1 1.000000
2 0 car -1 -1 -1 325 179 376 208 -1 -1 -1 -13.88 1.97 38.78 -1 1.000000
2 1 car -1 -1 -1 405 179 455 207 -1 -1 -1 -9.68 1.90 38.95 -1 1.000000
2 2 car -1 -1 -1 596 173 673 236 -1 -1 -1 0.70 1.65 20.36 -1 1.000000
3 0 car -1 -1 -1 311 181 365 213 -1 -1 -1 -13.73 2.04 35.98 -1 1.000000
3 1 car -1 -1 -1 392 180 444 211 -1 -1 -1 -9.52 1.97 35.95 -1 1.000000
3 2 car -1 -1 -1 589 174 669 240 -1 -1 -1 0.60 1.70 20.42 -1 1.000000
4 0 car -1 -1 -1 295 182 355 216 -1 -1 -1 -13.34 2.06 33.47 -1 1.000000
4 1 car -1 -1 -1 377 183 436 217 -1 -1 -1 -9.12 2.00 32.37 -1 1.000000
4 2 car -1 -1 -1 589 177 664 239 -1 -1 -1 0.47 1.77 20.31 -1 1.000000
5 0 car -1 -1 -1 276 183 341 219 -1 -1 -1 -13.12 2.00 31.60 -1 1.000000
5 1 car -1 -1 -1 369 183 429 219 -1 -1 -1 -8.71 1.91 29.96 -1 1.000000
5 2 car -1 -1 -1 586 177 662 239 -1 -1 -1 0.41 1.72 20.25 -1 1.000000
6 0 car -1 -1 -1 252 183 325 222 -1 -1 -1 -12.89 2.02 29.23 -1 1.000000
6 1 car -1 -1 -1 345 183 410 223 -1 -1 -1 -8.28 1.93 26.81 -1 1.000000
6 2 car -1 -1 -1 585 177 658 240 -1 -1 -1 0.32 1.75 20.21 -1 1.000000
7 0 car -1 -1 -1 226 186 310 230 -1 -1 -1 -12.66 2.08 26.56 -1 1.000000
7 1 car -1 -1 -1 311 186 392 225 -1 -1 -1 -8.06 1.97 23.90 -1 1.000000
7 2 car -1 -1 -1 582 177 655 247 -1 -1 -1 0.24 1.80 20.30 -1 1.000000
8 0 car -1 -1 -1 192 186 283 237 -1 -1 -1 -12.44 2.11 24.02 -1 1.000000
8 1 car -1 -1 -1 278 189 368 241 -1 -1 -1 -7.84 1.99 20.87 -1 1.000000
8 2 car -1 -1 -1 582 180 653 237 -1 -1 -1 0.24 1.85 20.37 -1 1.000000
9 0 car -1 -1 -1 164 189 255 240 -1 -1 -1 -12.32 2.04 21.48 -1 1.000000
9 1 car -1 -1 -1 248 190 338 253 -1 -1 -1 -7.67 1.93 17.86 -1 1.000000
9 2 car -1 -1 -1 580 179 650 240 -1 -1 -1 0.17 1.84 20.39 -1 1.000000
10 1 car -1 -1 -1 92 186 297 277 -1 -1 -1 -7.98 1.87 14.24 -1 1.000000
10 2 car -1 -1 -1 578 178 647 239 -1 -1 -1 0.09 1.80 20.55 -1 1.000000
10 3 road sign -1 -1 -1 814 213 836 282 -1 -1 -1 3.45 1.69 11.65 -1 1.000000
11 1 car -1 -1 -1 1 188 227 305 -1 -1 -1 -7.71 1.81 11.49 -1 1.000000
11 2 car -1 -1 -1 575 177 645 236 -1 -1 -1 0.02 1.79 20.63 -1 1.000000
12 1 car -1 -1 -1 0 197 130 309 -1 -1 -1 -7.71 1.80 8.59 -1 1.000000
12 2 car -1 -1 -1 573 177 641 236 -1 -1 -1 -0.06 1.79 20.75 -1 1.000000
13 2 car -1 -1 -1 570 177 638 237 -1 -1 -1 -0.14 1.80 20.74 -1 1.000000
14 2 car -1 -1 -1 568 175 635 236 -1 -1 -1 -0.24 1.76 20.74 -1 1.000000
15 2 car -1 -1 -1 566 175 633 234 -1 -1 -1 -0.31 1.73 20.81 -1 1.000000
16 2 car -1 -1 -1 565 174 631 232 -1 -1 -1 -0.37 1.70 20.87 -1 1.000000
17 2 car -1 -1 -1 563 175 628 233 -1 -1 -1 -0.45 1.69 20.94 -1 1.000000
18 2 car -1 -1 -1 561 175 624 234 -1 -1 -1 -0.51 1.72 20.98 -1 1.000000
19 2 car -1 -1 -1 560 175 623 234 -1 -1 -1 -0.55 1.74 21.00 -1 1.000000
20 2 car -1 -1 -1 559 176 622 234 -1 -1 -1 -0.56 1.74 20.97 -1 1.000000
21 2 car -1 -1 -1 559 176 621 234 -1 -1 -1 -0.57 1.76 20.99 -1 1.000000
22 2 car -1 -1 -1 559 176 621 236 -1 -1 -1 -0.54 1.77 21.10 -1 1.000000
23 2 car -1 -1 -1 560 176 621 234 -1 -1 -1 -0.56 1.78 21.18 -1 1.000000
24 2 car -1 -1 -1 561 176 621 233 -1 -1 -1 -0.55 1.78 21.26 -1 1.000000
24 4 road sign -1 -1 -1 426 194 459 258 -1 -1 -1 -3.19 1.78 13.72 -1 1.000000
25 2 car -1 -1 -1 561 175 622 233 -1 -1 -1 -0.53 1.73 21.23 -1 1.000000
25 4 road sign -1 -1 -1 412 186 448 265 -1 -1 -1 -3.10 1.75 12.32 -1 1.000000
26 2 car -1 -1 -1 562 175 623 232 -1 -1 -1 -0.54 1.71 21.15 -1 1.000000
26 4 road sign -1 -1 -1 389 197 431 269 -1 -1 -1 -3.01 1.72 10.84 -1 1.000000
27 2 car -1 -1 -1 563 174 623 231 -1 -1 -1 -0.53 1.74 21.21 -1 1.000000
27 4 road sign -1 -1 -1 362 200 409 290 -1 -1 -1 -2.93 1.70 9.47 -1 1.000000
28 2 car -1 -1 -1 563 173 624 229 -1 -1 -1 -0.51 1.67 21.26 -1 1.000000
29 2 car -1 -1 -1 564 172 625 230 -1 -1 -1 -0.47 1.68 21.25 -1 1.000000
30 2 car -1 -1 -1 566 169 627 230 -1 -1 -1 -0.45 1.62 21.30 -1 1.000000
31 2 car -1 -1 -1 567 170 627 230 -1 -1 -1 -0.42 1.67 21.48 -1 1.000000
32 2 car -1 -1 -1 568 172 627 232 -1 -1 -1 -0.39 1.69 21.55 -1 1.000000
33 2 car -1 -1 -1 569 173 628 231 -1 -1 -1 -0.36 1.73 21.55 -1 1.000000
34 2 car -1 -1 -1 570 175 629 233 -1 -1 -1 -0.31 1.76 21.63 -1 1.000000
35 2 car -1 -1 -1 572 175 630 232 -1 -1 -1 -0.27 1.75 21.67 -1 1.000000
36 2 car -1 -1 -1 573 173 632 229 -1 -1 -1 -0.23 1.72 21.74 -1 1.000000
37 2 car -1 -1 -1 573 173 632 230 -1 -1 -1 -0.22 1.69 21.92 -1 1.000000
38 2 car -1 -1 -1 574 172 633 228 -1 -1 -1 -0.21 1.70 22.06 -1 1.000000
39 2 car -1 -1 -1 575 172 633 229 -1 -1 -1 -0.20 1.71 22.15 -1 1.000000
40 2 car -1 -1 -1 576 173 633 229 -1 -1 -1 -0.20 1.72 22.16 -1 1.000000
41 2 car -1 -1 -1 576 174 633 230 -1 -1 -1 -0.19 1.72 22.17 -1 1.000000
42 2 car -1 -1 -1 577 174 633 231 -1 -1 -1 -0.20 1.70 22.30 -1 1.000000
43 2 car -1 -1 -1 575 174 634 229 -1 -1 -1 -0.18 1.75 22.42 -1 1.000000
44 2 car -1 -1 -1 575 174 633 230 -1 -1 -1 -0.18 1.77 22.53 -1 1.000000
45 2 car -1 -1 -1 576 175 632 231 -1 -1 -1 -0.19 1.85 22.58 -1 1.000000
46 2 car -1 -1 -1 576 174 633 230 -1 -1 -1 -0.18 1.86 22.73 -1 1.000000
47 2 car -1 -1 -1 576 175 632 230 -1 -1 -1 -0.23 1.79 22.83 -1 1.000000
48 2 car -1 -1 -1 575 174 631 229 -1 -1 -1 -0.23 1.78 22.80 -1 1.000000
49 2 car -1 -1 -1 575 175 631 229 -1 -1 -1 -0.23 1.81 22.88 -1 1.000000
50 2 car -1 -1 -1 574 176 630 231 -1 -1 -1 -0.25 1.86 23.05 -1 1.000000
51 2 car -1 -1 -1 574 177 629 230 -1 -1 -1 -0.28 1.85 23.20 -1 1.000000
52 2 car -1 -1 -1 573 175 628 230 -1 -1 -1 -0.29 1.86 23.30 -1 1.000000
53 2 car -1 -1 -1 572 175 628 229 -1 -1 -1 -0.32 1.84 23.41 -1 1.000000
54 2 car -1 -1 -1 571 174 627 228 -1 -1 -1 -0.35 1.89 23.48 -1 1.000000
55 2 car -1 -1 -1 571 172 627 227 -1 -1 -1 -0.37 1.77 23.56 -1 1.000000
56 2 car -1 -1 -1 569 172 625 225 -1 -1 -1 -0.41 1.72 23.66 -1 1.000000
57 2 car -1 -1 -1 568 171 624 226 -1 -1 -1 -0.45 1.73 23.74 -1 1.000000
58 2 car -1 -1 -1 568 174 622 228 -1 -1 -1 -0.49 1.79 23.77 -1 1.000000
59 2 car -1 -1 -1 566 177 623 230 -1 -1 -1 -0.52 1.90 23.76 -1 1.000000
60 2 car -1 -1 -1 564 181 621 233 -1 -1 -1 -0.56 1.98 23.60 -1 1.000000
61 2 car -1 -1 -1 562 178 620 231 -1 -1 -1 -0.63 1.98 23.77 -1 1.000000
62 2 car -1 -1 -1 562 170 619 223 -1 -1 -1 -0.71 1.71 23.99 -1 1.000000
63 2 car -1 -1 -1 561 168 619 218 -1 -1 -1 -0.69 1.56 24.25 -1 1.000000
64 2 car -1 -1 -1 560 168 617 219 -1 -1 -1 -0.69 1.66 24.22 -1 1.000000
65 2 car -1 -1 -1 561 175 616 224 -1 -1 -1 -0.66 1.79 24.27 -1 1.000000
66 2 car -1 -1 -1 560 177 617 228 -1 -1 -1 -0.69 1.89 24.19 -1 1.000000
67 2 car -1 -1 -1 561 177 615 227 -1 -1 -1 -0.70 1.83 24.21 -1 1.000000
68 2 car -1 -1 -1 563 175 616 226 -1 -1 -1 -0.72 1.82 24.25 -1 1.000000
69 2 car -1 -1 -1 564 172 616 223 -1 -1 -1 -0.70 1.77 24.30 -1 1.000000
70 2 car -1 -1 -1 564 169 618 221 -1 -1 -1 -0.73 1.70 24.48 -1 1.000000
71 2 car -1 -1 -1 564 169 619 221 -1 -1 -1 -0.71 1.71 24.65 -1 1.000000
72 2 car -1 -1 -1 563 172 615 223 -1 -1 -1 -0.69 1.76 24.55 -1 1.000000
72 5 car -1 -1 -1 465 176 512 202 -1 -1 -1 -7.97 1.91 48.52 -1 1.000000
73 2 car -1 -1 -1 563 172 617 223 -1 -1 -1 -0.67 1.79 24.78 -1 1.000000
73 5 car -1 -1 -1 465 178 507 203 -1 -1 -1 -7.68 1.99 44.45 -1 1.000000
74 2 car -1 -1 -1 564 169 619 221 -1 -1 -1 -0.62 1.70 24.89 -1 1.000000
74 5 car -1 -1 -1 445 177 501 206 -1 -1 -1 -7.76 1.89 42.47 -1 1.000000
75 2 car -1 -1 -1 565 173 620 221 -1 -1 -1 -0.65 1.75 24.99 -1 1.000000
75 5 car -1 -1 -1 447 174 493 210 -1 -1 -1 -7.60 1.96 38.84 -1 1.000000
76 2 car -1 -1 -1 564 173 617 223 -1 -1 -1 -0.67 1.75 25.14 -1 1.000000
76 5 car -1 -1 -1 434 182 485 213 -1 -1 -1 -7.60 1.97 35.78 -1 1.000000
76 6 car -1 -1 -1 500 174 556 201 -1 -1 -1 -4.83 1.98 48.04 -1 1.000000
77 2 car -1 -1 -1 565 172 620 221 -1 -1 -1 -0.64 1.72 25.07 -1 1.000000
77 5 car -1 -1 -1 420 182 473 216 -1 -1 -1 -7.57 1.87 32.46 -1 1.000000
77 6 car -1 -1 -1 517 175 558 202 -1 -1 -1 -4.61 1.85 43.48 -1 1.000000
77 7 cyclist -1 -1 -1 222 184 253 232 -1 -1 -1 -12.95 1.96 25.20 -1 1.000000
78 2 car -1 -1 -1 565 177 620 225 -1 -1 -1 -0.64 1.88 25.22 -1 1.000000
78 5 car -1 -1 -1 402 186 460 225 -1 -1 -1 -7.46 2.08 29.33 -1 1.000000
78 6 car -1 -1 -1 511 178 550 207 -1 -1 -1 -4.52 2.11 39.66 -1 1.000000
78 7 cyclist -1 -1 -1 181 190 220 244 -1 -1 -1 -12.91 2.14 22.97 -1 1.000000
79 2 car -1 -1 -1 566 181 620 229 -1 -1 -1 -0.62 2.13 25.17 -1 1.000000
79 5 car -1 -1 -1 375 195 445 239 -1 -1 -1 -7.21 2.32 25.94 -1 1.000000
79 6 car -1 -1 -1 504 185 545 217 -1 -1 -1 -4.36 2.44 35.65 -1 1.000000
79 7 cyclist -1 -1 -1 140 196 185 254 -1 -1 -1 -12.95 2.38 20.88 -1 1.000000
80 2 car -1 -1 -1 567 182 622 230 -1 -1 -1 -0.56 2.08 25.22 -1 1.000000
80 5 car -1 -1 -1 340 198 426 247 -1 -1 -1 -6.99 2.24 22.78 -1 1.000000
80 6 car -1 -1 -1 492 186 540 221 -1 -1 -1 -4.23 2.33 32.45 -1 1.000000
80 7 cyclist -1 -1 -1 91 199 134 264 -1 -1 -1 -13.05 2.36 19.01 -1 1.000000
81 2 car -1 -1 -1 567 177 627 228 -1 -1 -1 -0.55 2.04 25.26 -1 1.000000
81 5 car -1 -1 -1 300 199 389 254 -1 -1 -1 -6.89 2.15 19.25 -1 1.000000
81 6 car -1 -1 -1 481 184 534 225 -1 -1 -1 -4.11 2.20 29.14 -1 1.000000
81 7 cyclist -1 -1 -1 19 207 84 275 -1 -1 -1 -13.15 2.31 17.06 -1 1.000000
82 2 car -1 -1 -1 568 178 627 228 -1 -1 -1 -0.53 2.02 25.32 -1 1.000000
82 5 car -1 -1 -1 196 205 378 277 -1 -1 -1 -6.79 2.06 16.15 -1 1.000000
82 6 car -1 -1 -1 463 185 527 231 -1 -1 -1 -4.00 2.12 25.45 -1 1.000000
83 2 car -1 -1 -1 568 177 626 226 -1 -1 -1 -0.51 1.93 25.35 -1 1.000000
83 5 car -1 -1 -1 146 202 324 293 -1 -1 -1 -6.63 1.97 13.07 -1 1.000000
83 6 car -1 -1 -1 439 187 513 240 -1 -1 -1 -3.89 2.00 21.85 -1 1.000000
84 2 car -1 -1 -1 568 175 630 223 -1 -1 -1 -0.51 1.87 25.27 -1 1.000000
84 5 car -1 -1 -1 1 205 254 345 -1 -1 -1 -6.45 1.86 10.19 -1 1.000000
84 6 car -1 -1 -1 409 184 500 249 -1 -1 -1 -3.87 1.88 18.31 -1 1.000000
85 2 car -1 -1 -1 568 174 623 222 -1 -1 -1 -0.53 1.85 25.37 -1 1.000000
85 5 car -1 -1 -1 1 210 144 360 -1 -1 -1 -6.30 1.85 9.08 -1 1.000000
85 6 car -1 -1 -1 360 185 480 264 -1 -1 -1 -3.79 1.84 14.89 -1 1.000000
86 2 car -1 -1 -1 569 175 620 222 -1 -1 -1 -0.51 1.86 25.38 -1 1.000000
86 5 car -1 -1 -1 0 249 83 360 -1 -1 -1 -6.14 1.85 7.31 -1 1.000000
86 6 car -1 -1 -1 313 186 450 280 -1 -1 -1 -3.46 1.81 12.04 -1 1.000000
87 2 car -1 -1 -1 569 176 620 223 -1 -1 -1 -0.49 1.84 25.42 -1 1.000000
87 6 car -1 -1 -1 186 197 400 315 -1 -1 -1 -3.35 1.78 8.66 -1 1.000000
88 2 car -1 -1 -1 570 175 620 223 -1 -1 -1 -0.52 1.86 25.48 -1 1.000000
88 6 car -1 -1 -1 1 204 311 374 -1 -1 -1 -3.22 1.73 5.58 -1 1.000000
89 2 car -1 -1 -1 569 176 620 223 -1 -1 -1 -0.52 1.80 25.45 -1 1.000000
89 6 car -1 -1 -1 0 250 74 375 -1 -1 -1 -3.16 1.72 2.07 -1 1.000000
90 2 car -1 -1 -1 568 176 620 223 -1 -1 -1 -0.52 1.80 25.45 -1 1.000000
91 2 car -1 -1 -1 566 177 620 222 -1 -1 -1 -0.54 1.82 25.37 -1 1.000000
92 2 car -1 -1 -1 566 176 620 221 -1 -1 -1 -0.53 1.76 25.37 -1 1.000000
93 2 car -1 -1 -1 566 175 619 221 -1 -1 -1 -0.56 1.80 25.29 -1 1.000000
94 2 car -1 -1 -1 564 177 618 221 -1 -1 -1 -0.54 1.76 25.43 -1 1.000000
95 2 car -1 -1 -1 564 177 618 223 -1 -1 -1 -0.62 1.89 25.39 -1 1.000000
96 2 car -1 -1 -1 566 177 619 224 -1 -1 -1 -0.57 1.85 25.43 -1 1.000000
97 2 car -1 -1 -1 566 177 617 224 -1 -1 -1 -0.62 1.80 25.53 -1 1.000000
98 2 car -1 -1 -1 564 175 616 223 -1 -1 -1 -0.66 1.74 25.48 -1 1.000000
99 2 car -1 -1 -1 563 174 615 222 -1 -1 -1 -0.72 1.75 25.41 -1 1.000000
100 2 car -1 -1 -1 563 175 614 222 -1 -1 -1 -0.74 1.80 25.16 -1 1.000000
101 2 car -1 -1 -1 562 177 614 225 -1 -1 -1 -0.73 1.85 25.13 -1 1.000000
102 2 car -1 -1 -1 562 178 614 227 -1 -1 -1 -0.75 1.87 25.12 -1 1.000000
103 2 car -1 -1 -1 561 178 614 225 -1 -1 -1 -0.74 1.86 25.11 -1 1.000000
104 2 car -1 -1 -1 561 176 615 225 -1 -1 -1 -0.75 1.88 24.84 -1 1.000000
105 2 car -1 -1 -1 561 175 614 224 -1 -1 -1 -0.76 1.85 24.91 -1 1.000000
106 2 car -1 -1 -1 561 176 615 224 -1 -1 -1 -0.76 1.83 24.95 -1 1.000000
107 2 car -1 -1 -1 561 176 615 225 -1 -1 -1 -0.78 1.86 24.87 -1 1.000000
108 2 car -1 -1 -1 562 176 616 224 -1 -1 -1 -0.70 1.77 24.83 -1 1.000000
109 2 car -1 -1 -1 562 175 617 224 -1 -1 -1 -0.67 1.75 24.86 -1 1.000000
109 8 van -1 -1 -1 919 156 973 190 -1 -1 -1 20.47 0.91 41.39 -1 1.000000
110 2 car -1 -1 -1 563 175 621 223 -1 -1 -1 -0.67 1.77 24.44 -1 1.000000
110 8 van -1 -1 -1 948 153 1021 188 -1 -1 -1 20.40 0.98 39.64 -1 1.000000
111 2 car -1 -1 -1 563 175 622 224 -1 -1 -1 -0.65 1.75 24.42 -1 1.000000
111 8 van -1 -1 -1 973 152 1041 189 -1 -1 -1 20.63 0.91 37.94 -1 1.000000
111 9 car -1 -1 -1 904 164 965 185 -1 -1 -1 19.84 0.98 43.46 -1 1.000000
112 2 car -1 -1 -1 564 176 624 224 -1 -1 -1 -0.69 1.88 24.26 -1 1.000000
112 8 van -1 -1 -1 983 151 1063 188 -1 -1 -1 20.99 0.99 37.02 -1 1.000000
112 9 car -1 -1 -1 918 166 976 184 -1 -1 -1 19.92 1.11 42.35 -1 1.000000
113 2 car -1 -1 -1 564 177 629 226 -1 -1 -1 -0.62 1.87 24.29 -1 1.000000
113 8 van -1 -1 -1 987 153 1089 196 -1 -1 -1 20.65 1.13 35.30 -1 1.000000
113 9 car -1 -1 -1 931 168 989 187 -1 -1 -1 20.06 1.19 40.97 -1 1.000000
114 2 car -1 -1 -1 564 177 633 226 -1 -1 -1 -0.61 1.85 24.26 -1 1.000000
114 8 van -1 -1 -1 1005 153 1116 199 -1 -1 -1 20.62 1.09 33.46 -1 1.000000
114 9 car -1 -1 -1 942 168 1006 189 -1 -1 -1 20.05 1.15 39.46 -1 1.000000
115 2 car -1 -1 -1 564 175 626 225 -1 -1 -1 -0.60 1.74 24.29 -1 1.000000
115 8 van -1 -1 -1 1005 149 1146 197 -1 -1 -1 20.62 0.87 31.93 -1 1.000000
115 9 car -1 -1 -1 954 164 1026 188 -1 -1 -1 20.14 1.04 37.95 -1 1.000000
115 10 car -1 -1 -1 474 176 546 206 -1 -1 -1 -6.60 2.01 41.89 -1 1.000000
116 2 car -1 -1 -1 564 172 628 222 -1 -1 -1 -0.61 1.73 24.15 -1 1.000000
116 8 van -1 -1 -1 1078 147 1180 194 -1 -1 -1 20.70 0.83 30.43 -1 1.000000
116 10 car -1 -1 -1 465 175 508 207 -1 -1 -1 -6.61 2.02 38.42 -1 1.000000
116 11 car -1 -1 -1 977 162 1061 186 -1 -1 -1 20.23 0.89 35.29 -1 1.000000
117 2 car -1 -1 -1 565 172 631 222 -1 -1 -1 -0.53 1.73 24.01 -1 1.000000
117 8 van -1 -1 -1 1066 142 1192 191 -1 -1 -1 20.80 0.72 29.30 -1 1.000000
117 10 car -1 -1 -1 452 177 500 212 -1 -1 -1 -6.53 2.07 35.17 -1 1.000000
117 11 car -1 -1 -1 992 161 1073 185 -1 -1 -1 20.78 0.76 35.10 -1 1.000000
118 2 car -1 -1 -1 567 174 639 223 -1 -1 -1 -0.50 1.80 24.02 -1 1.000000
118 8 van -1 -1 -1 1092 137 1239 192 -1 -1 -1 21.27 0.80 28.11 -1 1.000000
118 10 car -1 -1 -1 434 180 491 221 -1 -1 -1 -6.47 2.14 31.80 -1 1.000000
118 11 car -1 -1 -1 1011 161 1101 187 -1 -1 -1 21.23 0.85 34.29 -1 1.000000
119 2 car -1 -1 -1 567 179 630 229 -1 -1 -1 -0.45 1.87 23.79 -1 1.000000
119 8 van -1 -1 -1 1128 147 1240 200 -1 -1 -1 21.31 0.99 26.46 -1 1.000000
119 10 car -1 -1 -1 414 184 551 226 -1 -1 -1 -6.36 2.16 28.18 -1 1.000000
119 11 car -1 -1 -1 1044 166 1132 194 -1 -1 -1 21.28 1.06 32.31 -1 1.000000
120 2 car -1 -1 -1 567 179 624 229 -1 -1 -1 -0.50 1.91 23.68 -1 1.000000
120 8 van -1 -1 -1 1158 149 1240 203 -1 -1 -1 21.12 1.09 25.37 -1 1.000000
120 10 car -1 -1 -1 385 187 459 238 -1 -1 -1 -6.26 2.17 24.24 -1 1.000000
120 11 car -1 -1 -1 1064 166 1158 197 -1 -1 -1 21.76 1.09 31.47 -1 1.000000
121 2 car -1 -1 -1 566 171 635 224 -1 -1 -1 -0.49 1.74 23.66 -1 1.000000
121 8 van -1 -1 -1 1193 148 1242 204 -1 -1 -1 21.36 1.00 24.04 -1 1.000000
121 10 car -1 -1 -1 350 180 438 240 -1 -1 -1 -6.15 1.95 20.91 -1 1.000000
122 2 car -1 -1 -1 566 166 633 219 -1 -1 -1 -0.47 1.64 23.56 -1 1.000000
122 10 car -1 -1 -1 297 183 411 254 -1 -1 -1 -6.01 1.82 17.14 -1 1.000000
123 2 car -1 -1 -1 566 167 648 219 -1 -1 -1 -0.45 1.60 23.54 -1 1.000000
123 10 car -1 -1 -1 219 186 370 277 -1 -1 -1 -5.92 1.86 13.58 -1 1.000000
124 2 car -1 -1 -1 567 166 647 219 -1 -1 -1 -0.49 1.65 23.52 -1 1.000000
124 10 car -1 -1 -1 87 193 314 314 -1 -1 -1 -5.84 1.86 10.34 -1 1.000000
124 12 car -1 -1 -1 483 174 525 203 -1 -1 -1 -6.57 1.86 43.31 -1 1.000000
125 2 car -1 -1 -1 568 171 633 223 -1 -1 -1 -0.46 1.71 23.39 -1 1.000000
125 10 car -1 -1 -1 0 203 229 375 -1 -1 -1 -5.79 1.92 6.85 -1 1.000000
125 12 car -1 -1 -1 473 178 518 207 -1 -1 -1 -6.67 2.06 40.95 -1 1.000000
126 2 car -1 -1 -1 567 174 635 226 -1 -1 -1 -0.38 1.71 23.42 -1 1.000000
126 10 car -1 -1 -1 0 320 76 375 -1 -1 -1 -5.74 1.94 3.37 -1 1.000000
126 12 car -1 -1 -1 457 182 509 214 -1 -1 -1 -6.54 2.14 37.78 -1 1.000000
127 2 car -1 -1 -1 567 175 641 226 -1 -1 -1 -0.42 1.82 23.21 -1 1.000000
127 12 car -1 -1 -1 446 184 500 219 -1 -1 -1 -6.32 2.17 33.67 -1 1.000000
128 2 car -1 -1 -1 567 175 636 227 -1 -1 -1 -0.44 1.86 23.05 -1 1.000000
128 12 car -1 -1 -1 427 185 489 224 -1 -1 -1 -6.23 2.19 29.79 -1 1.000000
129 2 car -1 -1 -1 565 174 636 227 -1 -1 -1 -0.41 1.76 23.06 -1 1.000000
129 12 car -1 -1 -1 404 185 475 228 -1 -1 -1 -6.08 2.03 26.31 -1 1.000000
130 2 car -1 -1 -1 565 172 635 225 -1 -1 -1 -0.42 1.66 23.10 -1 1.000000
130 12 car -1 -1 -1 372 185 460 240 -1 -1 -1 -6.03 1.91 23.03 -1 1.000000
131 2 car -1 -1 -1 566 172 625 224 -1 -1 -1 -0.42 1.60 23.01 -1 1.000000
131 12 car -1 -1 -1 332 190 437 252 -1 -1 -1 -5.92 1.86 19.51 -1 1.000000
132 2 car -1 -1 -1 565 173 625 226 -1 -1 -1 -0.48 1.69 22.92 -1 1.000000
132 12 car -1 -1 -1 271 193 410 268 -1 -1 -1 -5.90 1.97 16.15 -1 1.000000
133 2 car -1 -1 -1 565 174 625 228 -1 -1 -1 -0.49 1.74 22.88 -1 1.000000
133 12 car -1 -1 -1 186 200 375 296 -1 -1 -1 -5.80 1.98 12.98 -1 1.000000
134 2 car -1 -1 -1 565 176 639 228 -1 -1 -1 -0.49 1.80 22.86 -1 1.000000
134 12 car -1 -1 -1 36 207 314 334 -1 -1 -1 -5.73 1.99 9.98 -1 1.000000
135 2 car -1 -1 -1 566 177 622 233 -1 -1 -1 -0.52 1.92 22.66 -1 1.000000
135 12 car -1 -1 -1 1 222 222 374 -1 -1 -1 -5.55 1.99 8.62 -1 1.000000
136 2 car -1 -1 -1 565 177 624 231 -1 -1 -1 -0.51 1.93 22.55 -1 1.000000
136 12 car -1 -1 -1 0 223 192 375 -1 -1 -1 -5.54 1.96 7.80 -1 1.000000
137 2 car -1 -1 -1 565 177 625 230 -1 -1 -1 -0.46 1.82 22.56 -1 1.000000
137 12 car -1 -1 -1 0 225 163 375 -1 -1 -1 -5.53 1.92 7.06 -1 1.000000
138 2 car -1 -1 -1 567 175 626 229 -1 -1 -1 -0.46 1.79 22.51 -1 1.000000
139 2 car -1 -1 -1 567 172 627 228 -1 -1 -1 -0.44 1.72 22.44 -1 1.000000
140 2 car -1 -1 -1 568 170 628 224 -1 -1 -1 -0.39 1.65 22.39 -1 1.000000
141 2 car -1 -1 -1 570 164 634 225 -1 -1 -1 -0.34 1.68 22.37 -1 1.000000
142 2 car -1 -1 -1 571 172 629 228 -1 -1 -1 -0.33 1.77 22.31 -1 1.000000
143 2 car -1 -1 -1 573 174 631 229 -1 -1 -1 -0.20 1.75 22.44 -1 1.000000
144 2 car -1 -1 -1 575 173 633 230 -1 -1 -1 -0.13 1.73 22.37 -1 1.000000
145 2 car -1 -1 -1 576 174 634 230 -1 -1 -1 -0.15 1.81 22.11 -1 1.000000
146 2 car -1 -1 -1 577 172 643 230 -1 -1 -1 -0.03 1.77 22.11 -1 1.000000
147 2 car -1 -1 -1 578 173 640 230 -1 -1 -1 -0.02 1.81 21.90 -1 1.000000
148 2 car -1 -1 -1 579 174 639 230 -1 -1 -1 0.05 1.73 21.89 -1 1.000000
149 2 car -1 -1 -1 580 174 640 232 -1 -1 -1 0.07 1.74 21.85 -1 1.000000
149 13 car -1 -1 -1 952 162 1024 197 -1 -1 -1 21.01 0.80 41.20 -1 1.000000
150 2 car -1 -1 -1 582 177 641 234 -1 -1 -1 0.05 1.94 21.64 -1 1.000000
150 13 car -1 -1 -1 966 167 1030 200 -1 -1 -1 20.76 1.49 38.78 -1 1.000000
151 2 car -1 -1 -1 583 176 643 231 -1 -1 -1 0.16 1.77 21.82 -1 1.000000
151 13 car -1 -1 -1 981 163 1048 199 -1 -1 -1 21.36 0.96 37.83 -1 1.000000
151 14 car -1 -1 -1 929 169 987 196 -1 -1 -1 21.37 0.97 44.01 -1 1.000000
152 2 car -1 -1 -1 585 171 643 229 -1 -1 -1 0.11 1.71 21.68 -1 1.000000
152 13 car -1 -1 -1 994 159 1069 196 -1 -1 -1 20.74 0.93 35.23 -1 1.000000
152 14 car -1 -1 -1 940 167 1001 193 -1 -1 -1 20.48 0.94 40.92 -1 1.000000
153 2 car -1 -1 -1 586 170 648 229 -1 -1 -1 0.18 1.69 21.71 -1 1.000000
153 13 car -1 -1 -1 1013 156 1091 196 -1 -1 -1 20.83 0.77 33.59 -1 1.000000
153 14 car -1 -1 -1 953 164 1017 191 -1 -1 -1 20.74 0.80 39.56 -1 1.000000
153 15 car -1 -1 -1 663 160 727 212 -1 -1 -1 3.99 1.55 29.78 -1 1.000000
154 2 car -1 -1 -1 588 173 649 230 -1 -1 -1 0.27 1.71 21.66 -1 1.000000
154 13 car -1 -1 -1 1031 151 1122 196 -1 -1 -1 21.43 0.63 32.77 -1 1.000000
154 14 car -1 -1 -1 972 164 1037 191 -1 -1 -1 21.26 0.67 38.61 -1 1.000000
154 15 car -1 -1 -1 668 173 733 215 -1 -1 -1 3.99 1.54 28.24 -1 1.000000
155 2 car -1 -1 -1 590 174 649 232 -1 -1 -1 0.26 1.79 21.58 -1 1.000000
155 13 car -1 -1 -1 1050 152 1149 197 -1 -1 -1 21.38 0.89 31.19 -1 1.000000
155 14 car -1 -1 -1 981 165 1017 190 -1 -1 -1 21.03 0.95 37.33 -1 1.000000
155 15 car -1 -1 -1 684 168 742 219 -1 -1 -1 3.96 1.65 26.50 -1 1.000000
156 2 car -1 -1 -1 591 174 650 233 -1 -1 -1 0.31 1.78 21.52 -1 1.000000
156 13 car -1 -1 -1 1104 154 1181 203 -1 -1 -1 21.79 0.82 29.75 -1 1.000000
156 14 car -1 -1 -1 996 166 1084 194 -1 -1 -1 21.09 0.92 35.92 -1 1.000000
156 15 car -1 -1 -1 689 177 747 222 -1 -1 -1 3.92 1.63 24.85 -1 1.000000
157 2 car -1 -1 -1 592 174 652 232 -1 -1 -1 0.34 1.78 21.44 -1 1.000000
157 13 car -1 -1 -1 1104 151 1240 210 -1 -1 -1 21.88 0.85 28.73 -1 1.000000
157 14 car -1 -1 -1 1012 166 1099 198 -1 -1 -1 21.20 0.93 34.51 -1 1.000000
157 15 car -1 -1 -1 693 178 757 226 -1 -1 -1 3.84 1.63 23.28 -1 1.000000
158 2 car -1 -1 -1 593 173 652 232 -1 -1 -1 0.39 1.74 21.39 -1 1.000000
158 13 car -1 -1 -1 1118 150 1240 203 -1 -1 -1 22.33 0.83 27.86 -1 1.000000
158 14 car -1 -1 -1 1028 165 1120 192 -1 -1 -1 21.36 0.92 33.60 -1 1.000000
158 15 car -1 -1 -1 700 178 768 230 -1 -1 -1 3.79 1.61 21.77 -1 1.000000
159 2 car -1 -1 -1 594 173 655 230 -1 -1 -1 0.38 1.80 21.32 -1 1.000000
159 13 car -1 -1 -1 1140 149 1240 214 -1 -1 -1 21.93 0.96 26.44 -1 1.000000
159 14 car -1 -1 -1 1046 162 1143 192 -1 -1 -1 21.52 0.85 32.34 -1 1.000000
159 15 car -1 -1 -1 704 177 778 233 -1 -1 -1 3.62 1.67 20.18 -1 1.000000
160 2 car -1 -1 -1 596 174 656 232 -1 -1 -1 0.53 1.71 21.41 -1 1.000000
160 13 car -1 -1 -1 1170 149 1242 216 -1 -1 -1 22.13 0.95 25.12 -1 1.000000
160 15 car -1 -1 -1 711 175 791 239 -1 -1 -1 3.69 1.57 18.64 -1 1.000000
161 2 car -1 -1 -1 597 175 658 233 -1 -1 -1 0.55 1.74 21.35 -1 1.000000
161 13 car -1 -1 -1 1198 154 1242 217 -1 -1 -1 22.33 0.96 23.78 -1 1.000000
161 15 car -1 -1 -1 718 173 807 247 -1 -1 -1 3.62 1.58 17.12 -1 1.000000
162 2 car -1 -1 -1 599 174 660 232 -1 -1 -1 0.56 1.79 21.28 -1 1.000000
162 15 car -1 -1 -1 724 168 827 255 -1 -1 -1 3.58 1.60 15.61 -1 1.000000
163 2 car -1 -1 -1 600 173 659 231 -1 -1 -1 0.58 1.81 21.14 -1 1.000000
163 15 car -1 -1 -1 737 184 848 265 -1 -1 -1 3.55 1.61 14.09 -1 1.000000
164 2 car -1 -1 -1 601 174 661 232 -1 -1 -1 0.61 1.78 21.00 -1 1.000000
164 15 car -1 -1 -1 747 176 874 276 -1 -1 -1 3.54 1.60 12.67 -1 1.000000
165 2 car -1 -1 -1 600 176 663 234 -1 -1 -1 0.67 1.77 20.99 -1 1.000000
165 15 car -1 -1 -1 759 179 907 283 -1 -1 -1 3.46 1.59 11.25 -1 1.000000
166 2 car -1 -1 -1 601 176 662 234 -1 -1 -1 0.65 1.82 20.90 -1 1.000000
166 15 car -1 -1 -1 776 183 955 314 -1 -1 -1 3.33 1.61 9.61 -1 1.000000
167 2 car -1 -1 -1 601 176 662 234 -1 -1 -1 0.65 1.80 20.85 -1 1.000000
167 15 car -1 -1 -1 795 187 1011 337 -1 -1 -1 3.22 1.60 8.17 -1 1.000000
168 2 car -1 -1 -1 600 176 663 233 -1 -1 -1 0.64 1.75 20.77 -1 1.000000
168 15 car -1 -1 -1 818 186 1095 372 -1 -1 -1 3.14 1.58 6.68 -1 1.000000
169 2 car -1 -1 -1 600 176 663 234 -1 -1 -1 0.60 1.79 20.60 -1 1.000000
169 15 car -1 -1 -1 850 133 1238 373 -1 -1 -1 3.12 1.54 5.28 -1 1.000000
170 2 car -1 -1 -1 600 176 662 235 -1 -1 -1 0.63 1.80 20.56 -1 1.000000
170 15 car -1 -1 -1 903 176 1242 375 -1 -1 -1 3.23 1.52 4.02 -1 1.000000
171 2 car -1 -1 -1 600 177 663 235 -1 -1 -1 0.68 1.77 20.59 -1 1.000000
171 16 car -1 -1 -1 973 218 1242 375 -1 -1 -1 3.34 1.51 2.77 -1 1.000000
172 2 car -1 -1 -1 601 180 662 240 -1 -1 -1 0.65 1.76 20.51 -1 1.000000
173 2 car -1 -1 -1 601 180 662 240 -1 -1 -1 0.57 1.85 20.44 -1 1.000000
174 2 car -1 -1 -1 601 180 662 240 -1 -1 -1 0.60 1.83 20.43 -1 1.000000
175 2 car -1 -1 -1 600 179 663 241 -1 -1 -1 0.63 1.78 20.28 -1 1.000000
176 2 car -1 -1 -1 600 179 662 241 -1 -1 -1 0.62 1.74 20.14 -1 1.000000
177 2 car -1 -1 -1 599 175 663 235 -1 -1 -1 0.59 1.72 19.96 -1 1.000000
178 2 car -1 -1 -1 599 175 663 235 -1 -1 -1 0.62 1.68 20.01 -1 1.000000
179 2 car -1 -1 -1 598 175 665 237 -1 -1 -1 0.58 1.68 19.85 -1 1.000000
180 2 car -1 -1 -1 598 175 663 236 -1 -1 -1 0.60 1.67 19.87 -1 1.000000
181 2 car -1 -1 -1 597 175 663 235 -1 -1 -1 0.56 1.74 19.71 -1 1.000000
182 2 car -1 -1 -1 597 174 662 237 -1 -1 -1 0.60 1.65 19.77 -1 1.000000
183 2 car -1 -1 -1 594 173 661 236 -1 -1 -1 0.52 1.65 19.57 -1 1.000000
184 2 car -1 -1 -1 593 172 660 235 -1 -1 -1 0.49 1.61 19.47 -1 1.000000
185 2 car -1 -1 -1 593 171 660 234 -1 -1 -1 0.48 1.58 19.38 -1 1.000000
186 2 car -1 -1 -1 593 171 660 235 -1 -1 -1 0.48 1.54 19.38 -1 1.000000
187 2 car -1 -1 -1 593 171 660 235 -1 -1 -1 0.45 1.56 19.18 -1 1.000000
188 2 car -1 -1 -1 593 171 659 236 -1 -1 -1 0.44 1.56 19.10 -1 1.000000
189 2 car -1 -1 -1 593 172 659 236 -1 -1 -1 0.45 1.55 19.08 -1 1.000000
190 2 car -1 -1 -1 593 172 660 238 -1 -1 -1 0.46 1.53 19.07 -1 1.000000
191 2 car -1 -1 -1 593 172 661 239 -1 -1 -1 0.42 1.62 18.93 -1 1.000000
192 2 car -1 -1 -1 593 173 661 247 -1 -1 -1 0.45 1.63 19.00 -1 1.000000
193 2 car -1 -1 -1 593 174 661 247 -1 -1 -1 0.46 1.63 19.03 -1 1.000000
194 2 car -1 -1 -1 593 171 661 246 -1 -1 -1 0.42 1.68 18.94 -1 1.000000
195 2 car -1 -1 -1 593 172 661 247 -1 -1 -1 0.44 1.66 18.90 -1 1.000000
196 2 car -1 -1 -1 593 175 661 245 -1 -1 -1 0.46 1.68 18.91 -1 1.000000
197 2 car -1 -1 -1 593 174 661 245 -1 -1 -1 0.46 1.67 18.95 -1 1.000000
198 2 car -1 -1 -1 593 172 661 243 -1 -1 -1 0.45 1.63 18.97 -1 1.000000
199 2 car -1 -1 -1 596 170 662 242 -1 -1 -1 0.43 1.66 18.99 -1 1.000000
200 2 car -1 -1 -1 596 167 662 240 -1 -1 -1 0.47 1.63 19.07 -1 1.000000
201 2 car -1 -1 -1 597 170 662 243 -1 -1 -1 0.48 1.65 18.87 -1 1.000000
202 2 car -1 -1 -1 597 169 662 242 -1 -1 -1 0.49 1.63 18.92 -1 1.000000
203 2 car -1 -1 -1 594 172 661 241 -1 -1 -1 0.47 1.65 18.94 -1 1.000000
204 2 car -1 -1 -1 594 173 661 241 -1 -1 -1 0.48 1.66 19.02 -1 1.000000
205 2 car -1 -1 -1 596 172 662 240 -1 -1 -1 0.50 1.66 19.02 -1 1.000000
205 17 train -1 -1 -1 707 137 769 198 -1 -1 -1 8.73 1.53 47.96 -1 1.000000
206 2 car -1 -1 -1 596 173 663 240 -1 -1 -1 0.49 1.68 19.04 -1 1.000000
206 17 train -1 -1 -1 709 135 781 199 -1 -1 -1 8.50 1.59 44.00 -1 1.000000
207 2 car -1 -1 -1 594 174 661 239 -1 -1 -1 0.47 1.68 19.12 -1 1.000000
207 17 train -1 -1 -1 711 100 789 207 -1 -1 -1 8.37 1.56 40.80 -1 1.000000
208 2 car -1 -1 -1 594 174 661 240 -1 -1 -1 0.46 1.69 19.13 -1 1.000000
208 17 train -1 -1 -1 709 129 798 203 -1 -1 -1 8.03 1.63 37.55 -1 1.000000
209 2 car -1 -1 -1 592 174 660 241 -1 -1 -1 0.46 1.68 19.20 -1 1.000000
209 17 train -1 -1 -1 707 125 812 204 -1 -1 -1 7.88 1.56 34.39 -1 1.000000
210 2 car -1 -1 -1 589 174 658 242 -1 -1 -1 0.43 1.69 19.22 -1 1.000000
210 17 train -1 -1 -1 706 118 829 211 -1 -1 -1 7.66 1.58 30.93 -1 1.000000
211 2 car -1 -1 -1 588 174 657 241 -1 -1 -1 0.36 1.68 19.30 -1 1.000000
211 17 train -1 -1 -1 702 113 849 211 -1 -1 -1 7.31 1.56 27.74 -1 1.000000
211 18 person -1 -1 -1 290 178 310 227 -1 -1 -1 -11.36 1.93 26.49 -1 1.000000
212 2 car -1 -1 -1 589 174 656 247 -1 -1 -1 0.32 1.68 19.39 -1 1.000000
212 17 train -1 -1 -1 704 78 892 219 -1 -1 -1 7.08 1.56 24.57 -1 1.000000
212 18 person -1 -1 -1 270 180 287 230 -1 -1 -1 -11.33 1.92 24.66 -1 1.000000
213 2 car -1 -1 -1 588 174 655 247 -1 -1 -1 0.30 1.66 19.53 -1 1.000000
213 17 train -1 -1 -1 701 83 919 226 -1 -1 -1 6.87 1.54 21.34 -1 1.000000
213 18 person -1 -1 -1 243 179 262 232 -1 -1 -1 -11.37 1.90 23.02 -1 1.000000
214 2 car -1 -1 -1 588 175 654 239 -1 -1 -1 0.25 1.69 19.56 -1 1.000000
214 17 train -1 -1 -1 768 80 973 239 -1 -1 -1 6.65 1.57 17.98 -1 1.000000
214 18 person -1 -1 -1 211 179 234 235 -1 -1 -1 -11.49 1.92 21.49 -1 1.000000
215 2 car -1 -1 -1 586 174 652 239 -1 -1 -1 0.19 1.70 19.59 -1 1.000000
215 17 train -1 -1 -1 774 62 1053 239 -1 -1 -1 6.38 1.62 14.80 -1 1.000000
215 18 person -1 -1 -1 174 182 199 242 -1 -1 -1 -11.53 1.85 19.80 -1 1.000000
216 2 car -1 -1 -1 584 174 649 237 -1 -1 -1 0.15 1.69 19.74 -1 1.000000
216 17 train -1 -1 -1 778 32 1214 256 -1 -1 -1 6.36 1.59 11.81 -1 1.000000
216 18 person -1 -1 -1 130 182 162 249 -1 -1 -1 -11.64 1.85 18.24 -1 1.000000
217 2 car -1 -1 -1 583 174 647 237 -1 -1 -1 0.09 1.69 19.84 -1 1.000000
217 17 train -1 -1 -1 837 2 1241 265 -1 -1 -1 6.19 1.59 9.17 -1 1.000000
217 18 person -1 -1 -1 84 182 118 259 -1 -1 -1 -11.77 1.84 16.69 -1 1.000000
218 2 car -1 -1 -1 581 174 646 237 -1 -1 -1 0.06 1.69 19.92 -1 1.000000
218 18 person -1 -1 -1 30 186 66 263 -1 -1 -1 -11.77 1.84 14.95 -1 1.000000
218 19 train -1 -1 -1 847 10 1241 228 -1 -1 -1 5.98 1.60 8.39 -1 1.000000
219 2 car -1 -1 -1 580 175 645 237 -1 -1 -1 0.04 1.68 20.01 -1 1.000000
219 18 person -1 -1 -1 0 205 62 305 -1 -1 -1 -11.82 1.85 13.43 -1 1.000000
219 19 train -1 -1 -1 850 5 1241 258 -1 -1 -1 5.89 1.60 8.07 -1 1.000000
220 2 car -1 -1 -1 580 175 644 237 -1 -1 -1 0.03 1.69 20.05 -1 1.000000
220 19 train -1 -1 -1 810 2 1241 282 -1 -1 -1 5.83 1.61 7.97 -1 1.000000
221 2 car -1 -1 -1 580 175 644 236 -1 -1 -1 0.00 1.69 20.23 -1 1.000000
221 19 train -1 -1 -1 723 3 1241 275 -1 -1 -1 5.78 1.59 9.39 -1 1.000000
222 2 car -1 -1 -1 580 175 643 236 -1 -1 -1 -0.02 1.72 20.39 -1 1.000000
222 19 train -1 -1 -1 850 5 1241 270 -1 -1 -1 5.83 1.58 9.32 -1 1.000000
223 2 car -1 -1 -1 580 175 643 236 -1 -1 -1 -0.02 1.74 20.35 -1 1.000000
223 19 train -1 -1 -1 729 5 1241 291 -1 -1 -1 5.77 1.60 9.65 -1 1.000000
224 2 car -1 -1 -1 579 176 642 236 -1 -1 -1 -0.02 1.74 20.44 -1 1.000000
224 19 train -1 -1 -1 810 2 1241 272 -1 -1 -1 5.74 1.61 8.93 -1 1.000000
225 2 car -1 -1 -1 579 176 642 236 -1 -1 -1 -0.03 1.74 20.63 -1 1.000000
225 19 train -1 -1 -1 939 0 1242 303 -1 -1 -1 5.74 1.59 6.88 -1 1.000000
226 2 car -1 -1 -1 578 176 642 235 -1 -1 -1 -0.06 1.74 20.79 -1 1.000000
226 19 train -1 -1 -1 1007 0 1242 309 -1 -1 -1 5.72 1.59 4.81 -1 1.000000
227 2 car -1 -1 -1 578 175 641 235 -1 -1 -1 -0.08 1.72 20.95 -1 1.000000
228 2 car -1 -1 -1 577 176 640 235 -1 -1 -1 -0.11 1.79 21.09 -1 1.000000
229 2 car -1 -1 -1 577 177 640 234 -1 -1 -1 -0.12 1.80 21.14 -1 1.000000
230 2 car -1 -1 -1 576 177 639 235 -1 -1 -1 -0.13 1.80 21.26 -1 1.000000
231 2 car -1 -1 -1 576 177 637 235 -1 -1 -1 -0.15 1.81 21.36 -1 1.000000
232 2 car -1 -1 -1 576 177 636 235 -1 -1 -1 -0.15 1.79 21.50 -1 1.000000
233 2 car -1 -1 -1 575 177 636 234 -1 -1 -1 -0.19 1.76 21.54 -1 1.000000
234 2 car -1 -1 -1 575 176 635 234 -1 -1 -1 -0.21 1.77 21.60 -1 1.000000
235 2 car -1 -1 -1 575 177 634 233 -1 -1 -1 -0.21 1.75 21.80 -1 1.000000
236 2 car -1 -1 -1 575 176 634 233 -1 -1 -1 -0.22 1.76 21.86 -1 1.000000
237 2 car -1 -1 -1 575 176 634 233 -1 -1 -1 -0.22 1.74 21.96 -1 1.000000
238 2 car -1 -1 -1 574 176 634 232 -1 -1 -1 -0.22 1.74 22.01 -1 1.000000
239 2 car -1 -1 -1 575 176 634 231 -1 -1 -1 -0.22 1.73 22.17 -1 1.000000
240 2 car -1 -1 -1 575 175 634 230 -1 -1 -1 -0.22 1.71 22.35 -1 1.000000
241 2 car -1 -1 -1 575 176 635 230 -1 -1 -1 -0.21 1.72 22.45 -1 1.000000
242 2 car -1 -1 -1 575 176 636 230 -1 -1 -1 -0.18 1.73 22.54 -1 1.000000
243 2 car -1 -1 -1 575 175 637 230 -1 -1 -1 -0.16 1.71 22.57 -1 1.000000
244 2 car -1 -1 -1 577 174 638 229 -1 -1 -1 -0.14 1.68 22.58 -1 1.000000
245 2 car -1 -1 -1 577 174 639 228 -1 -1 -1 -0.12 1.68 22.62 -1 1.000000
246 2 car -1 -1 -1 578 174 641 228 -1 -1 -1 -0.09 1.66 22.64 -1 1.000000
247 2 car -1 -1 -1 578 174 640 228 -1 -1 -1 -0.06 1.65 22.57 -1 1.000000
248 2 car -1 -1 -1 580 174 641 228 -1 -1 -1 -0.04 1.66 22.58 -1 1.000000
249 2 car -1 -1 -1 580 175 641 228 -1 -1 -1 -0.01 1.65 22.76 -1 1.000000
250 2 car -1 -1 -1 581 174 641 228 -1 -1 -1 0.01 1.66 22.81 -1 1.000000
251 2 car -1 -1 -1 582 175 641 228 -1 -1 -1 0.02 1.68 22.85 -1 1.000000
252 2 car -1 -1 -1 584 174 641 227 -1 -1 -1 0.06 1.67 22.81 -1 1.000000
253 2 car -1 -1 -1 584 175 641 228 -1 -1 -1 0.07 1.70 22.95 -1 1.000000
254 2 car -1 -1 -1 586 176 643 229 -1 -1 -1 0.13 1.72 23.12 -1 1.000000
255 2 car -1 -1 -1 587 176 645 230 -1 -1 -1 0.16 1.74 23.20 -1 1.000000
256 2 car -1 -1 -1 588 176 646 229 -1 -1 -1 0.21 1.73 23.32 -1 1.000000
257 2 car -1 -1 -1 590 175 647 228 -1 -1 -1 0.24 1.74 23.35 -1 1.000000
258 2 car -1 -1 -1 591 175 650 226 -1 -1 -1 0.31 1.72 23.28 -1 1.000000
259 2 car -1 -1 -1 593 175 650 228 -1 -1 -1 0.32 1.72 23.34 -1 1.000000
260 2 car -1 -1 -1 594 175 650 228 -1 -1 -1 0.36 1.74 23.49 -1 1.000000
261 2 car -1 -1 -1 595 175 651 229 -1 -1 -1 0.38 1.70 23.62 -1 1.000000
262 2 car -1 -1 -1 596 174 651 228 -1 -1 -1 0.40 1.71 23.62 -1 1.000000
263 2 car -1 -1 -1 594 175 653 228 -1 -1 -1 0.44 1.72 23.68 -1 1.000000
264 2 car -1 -1 -1 598 176 655 229 -1 -1 -1 0.47 1.74 23.49 -1 1.000000
265 2 car -1 -1 -1 599 176 656 229 -1 -1 -1 0.51 1.75 23.62 -1 1.000000
266 2 car -1 -1 -1 601 175 657 228 -1 -1 -1 0.57 1.75 23.64 -1 1.000000
267 2 car -1 -1 -1 602 176 658 228 -1 -1 -1 0.63 1.73 23.56 -1 1.000000
268 2 car -1 -1 -1 602 177 657 228 -1 -1 -1 0.63 1.75 23.59 -1 1.000000
269 2 car -1 -1 -1 604 176 659 228 -1 -1 -1 0.69 1.72 23.54 -1 1.000000
270 2 car -1 -1 -1 605 176 660 228 -1 -1 -1 0.66 1.74 23.55 -1 1.000000
271 2 car -1 -1 -1 605 176 660 228 -1 -1 -1 0.73 1.70 23.65 -1 1.000000
272 2 car -1 -1 -1 606 176 661 228 -1 -1 -1 0.78 1.70 23.62 -1 1.000000
273 2 car -1 -1 -1 607 176 661 228 -1 -1 -1 0.77 1.70 23.71 -1 1.000000
274 2 car -1 -1 -1 608 176 661 228 -1 -1 -1 0.77 1.71 23.71 -1 1.000000
275 2 car -1 -1 -1 608 176 662 228 -1 -1 -1 0.79 1.67 23.54 -1 1.000000
275 20 car -1 -1 -1 535 175 587 204 -1 -1 -1 -2.91 1.71 42.97 -1 1.000000
276 2 car -1 -1 -1 609 174 662 226 -1 -1 -1 0.80 1.64 23.64 -1 1.000000
276 20 car -1 -1 -1 528 176 578 204 -1 -1 -1 -3.11 1.72 39.14 -1 1.000000
277 2 car -1 -1 -1 609 174 663 224 -1 -1 -1 0.82 1.64 23.69 -1 1.000000
277 20 car -1 -1 -1 518 176 570 207 -1 -1 -1 -3.23 1.71 35.76 -1 1.000000
277 21 car -1 -1 -1 482 176 530 205 -1 -1 -1 -5.97 1.74 39.23 -1 1.000000
278 2 car -1 -1 -1 610 174 664 225 -1 -1 -1 0.90 1.61 23.69 -1 1.000000
278 20 car -1 -1 -1 509 176 562 212 -1 -1 -1 -3.23 1.69 32.18 -1 1.000000
278 21 car -1 -1 -1 468 178 518 208 -1 -1 -1 -6.13 1.74 36.06 -1 1.000000
279 2 car -1 -1 -1 610 174 664 225 -1 -1 -1 0.91 1.64 23.81 -1 1.000000
279 20 car -1 -1 -1 492 179 552 217 -1 -1 -1 -3.39 1.72 28.68 -1 1.000000
279 21 car -1 -1 -1 449 178 504 213 -1 -1 -1 -6.44 1.76 32.53 -1 1.000000
280 2 car -1 -1 -1 612 174 666 225 -1 -1 -1 0.93 1.62 23.77 -1 1.000000
280 20 car -1 -1 -1 482 178 539 221 -1 -1 -1 -3.25 1.70 25.41 -1 1.000000
280 21 car -1 -1 -1 426 180 486 218 -1 -1 -1 -6.62 1.75 29.33 -1 1.000000
281 2 car -1 -1 -1 613 174 666 226 -1 -1 -1 0.92 1.67 23.71 -1 1.000000
281 20 car -1 -1 -1 465 181 526 228 -1 -1 -1 -3.17 1.74 21.96 -1 1.000000
281 21 car -1 -1 -1 397 181 463 225 -1 -1 -1 -6.85 1.81 26.05 -1 1.000000
282 2 car -1 -1 -1 613 174 667 227 -1 -1 -1 0.97 1.71 23.77 -1 1.000000
282 20 car -1 -1 -1 430 184 509 237 -1 -1 -1 -3.43 1.77 18.61 -1 1.000000
282 21 car -1 -1 -1 361 185 437 233 -1 -1 -1 -6.94 1.83 22.72 -1 1.000000
283 2 car -1 -1 -1 614 174 668 228 -1 -1 -1 1.01 1.68 23.84 -1 1.000000
283 20 car -1 -1 -1 385 185 485 257 -1 -1 -1 -3.50 1.76 15.46 -1 1.000000
283 21 car -1 -1 -1 315 186 400 242 -1 -1 -1 -7.13 1.85 19.41 -1 1.000000
284 2 car -1 -1 -1 615 173 669 227 -1 -1 -1 1.04 1.69 23.89 -1 1.000000
284 20 car -1 -1 -1 290 186 453 269 -1 -1 -1 -3.62 1.75 12.25 -1 1.000000
285 2 car -1 -1 -1 616 173 669 226 -1 -1 -1 1.06 1.70 23.90 -1 1.000000
285 20 car -1 -1 -1 145 185 405 331 -1 -1 -1 -3.72 1.74 8.74 -1 1.000000
286 2 car -1 -1 -1 617 173 670 224 -1 -1 -1 1.10 1.69 23.89 -1 1.000000
286 20 car -1 -1 -1 1 194 315 374 -1 -1 -1 -3.52 1.72 6.16 -1 1.000000
287 2 car -1 -1 -1 618 173 671 225 -1 -1 -1 1.15 1.69 23.94 -1 1.000000
287 20 car -1 -1 -1 1 218 150 374 -1 -1 -1 -3.59 1.73 4.61 -1 1.000000
288 2 car -1 -1 -1 619 173 671 225 -1 -1 -1 1.18 1.69 23.89 -1 1.000000
289 2 car -1 -1 -1 619 173 671 226 -1 -1 -1 1.23 1.65 24.11 -1 1.000000
290 2 car -1 -1 -1 619 173 671 225 -1 -1 -1 1.18 1.68 24.02 -1 1.000000
291 2 car -1 -1 -1 619 174 671 225 -1 -1 -1 1.18 1.68 24.15 -1 1.000000
292 2 car -1 -1 -1 618 174 671 225 -1 -1 -1 1.19 1.66 24.38 -1 1.000000
293 2 car -1 -1 -1 618 174 670 225 -1 -1 -1 1.16 1.67 24.49 -1 1.000000
