1 0 unknown -1 -1 -1 786 157 936 316 -1 -1 -1 2.72 1.37 7.88 -1 1.000000
1 1 tracking error -1 -1 -1 820 170 941 305 -1 -1 -1 3.31 1.35 7.82 -1 1.000000
1 2 person -1 -1 -1 703 149 743 233 -1 -1 -1 2.80 1.16 15.81 -1 1.000000
1 3 bicycle -1 -1 -1 927 188 1000 244 -1 -1 -1 5.84 1.17 11.43 -1 1.000000
1 4 bicycle -1 -1 -1 388 205 490 286 -1 -1 -1 -2.38 1.49 10.11 -1 1.000000
1 5 car -1 -1 -1 25 186 182 302 -1 -1 -1 -7.19 1.66 10.43 -1 1.000000
2 1 tracking error -1 -1 -1 863 177 950 299 -1 -1 -1 3.29 1.36 7.97 -1 1.000000
2 3 bicycle -1 -1 -1 926 189 999 243 -1 -1 -1 5.77 1.17 11.44 -1 1.000000
2 4 bicycle -1 -1 -1 409 208 510 288 -1 -1 -1 -2.08 1.49 9.99 -1 1.000000
2 5 car -1 -1 -1 1 186 182 309 -1 -1 -1 -7.23 1.67 10.46 -1 1.000000
2 6 unknown -1 -1 -1 831 166 871 223 -1 -1 -1 2.74 1.38 7.82 -1 1.000000
3 1 tracking error -1 -1 -1 857 175 951 288 -1 -1 -1 3.26 1.37 8.11 -1 1.000000
3 3 bicycle -1 -1 -1 932 191 1000 243 -1 -1 -1 5.84 1.20 11.38 -1 1.000000
3 4 bicycle -1 -1 -1 426 209 530 290 -1 -1 -1 -1.80 1.51 9.86 -1 1.000000
3 5 car -1 -1 -1 32 190 182 302 -1 -1 -1 -7.17 1.69 10.32 -1 1.000000
3 6 unknown -1 -1 -1 822 168 862 223 -1 -1 -1 2.71 1.39 7.97 -1 1.000000
4 3 bicycle -1 -1 -1 895 197 1000 247 -1 -1 -1 5.66 1.20 11.45 -1 1.000000
4 4 bicycle -1 -1 -1 442 218 548 291 -1 -1 -1 -1.51 1.49 9.75 -1 1.000000
4 5 car -1 -1 -1 1 187 182 310 -1 -1 -1 -7.19 1.68 10.29 -1 1.000000
4 6 unknown -1 -1 -1 824 152 859 225 -1 -1 -1 2.73 1.38 8.11 -1 1.000000
4 7 bicycle -1 -1 -1 1042 160 1117 217 -1 -1 -1 10.75 0.91 15.94 -1 1.000000
5 3 bicycle -1 -1 -1 894 197 1000 247 -1 -1 -1 5.66 1.14 11.49 -1 1.000000
5 4 bicycle -1 -1 -1 462 211 568 293 -1 -1 -1 -1.24 1.46 9.57 -1 1.000000
5 5 car -1 -1 -1 1 186 182 310 -1 -1 -1 -7.22 1.64 10.44 -1 1.000000
5 6 unknown -1 -1 -1 818 157 857 219 -1 -1 -1 2.71 1.37 8.24 -1 1.000000
5 7 bicycle -1 -1 -1 1042 167 1117 217 -1 -1 -1 10.78 0.80 15.93 -1 1.000000
6 3 bicycle -1 -1 -1 893 198 999 247 -1 -1 -1 5.67 1.18 11.48 -1 1.000000
6 4 bicycle -1 -1 -1 481 216 589 296 -1 -1 -1 -0.94 1.48 9.37 -1 1.000000
6 5 car -1 -1 -1 29 190 182 302 -1 -1 -1 -7.16 1.68 10.17 -1 1.000000
6 6 unknown -1 -1 -1 811 163 845 226 -1 -1 -1 2.68 1.38 8.36 -1 1.000000
6 7 bicycle -1 -1 -1 1041 156 1117 217 -1 -1 -1 10.77 0.88 15.90 -1 1.000000
7 3 bicycle -1 -1 -1 887 198 999 248 -1 -1 -1 5.67 1.19 11.50 -1 1.000000
7 4 bicycle -1 -1 -1 497 213 613 299 -1 -1 -1 -0.62 1.47 9.22 -1 1.000000
7 5 car -1 -1 -1 1 186 183 310 -1 -1 -1 -7.14 1.67 10.23 -1 1.000000
7 6 unknown -1 -1 -1 807 164 843 222 -1 -1 -1 2.66 1.37 8.49 -1 1.000000
7 7 bicycle -1 -1 -1 1042 156 1117 217 -1 -1 -1 10.72 0.90 15.89 -1 1.000000
7 8 cyclist -1 -1 -1 487 164 512 223 -1 -1 -1 -3.25 1.26 21.11 -1 1.000000
7 9 tracking error -1 -1 -1 832 170 915 291 -1 -1 -1 3.21 1.35 8.63 -1 1.000000
7 10 tracking error -1 -1 -1 324 144 397 210 -1 -1 -1 -12.37 1.22 35.59 -1 1.000000
7 11 tracking error -1 -1 -1 296 132 328 202 -1 -1 -1 -12.96 1.34 31.30 -1 1.000000
8 3 bicycle -1 -1 -1 881 199 999 247 -1 -1 -1 5.67 1.18 11.51 -1 1.000000
8 4 bicycle -1 -1 -1 522 207 637 303 -1 -1 -1 -0.31 1.46 9.06 -1 1.000000
8 5 car -1 -1 -1 27 189 182 302 -1 -1 -1 -7.20 1.67 10.38 -1 1.000000
8 7 bicycle -1 -1 -1 1041 155 1117 217 -1 -1 -1 10.78 0.88 15.95 -1 1.000000
8 8 cyclist -1 -1 -1 488 165 511 220 -1 -1 -1 -3.24 1.23 21.71 -1 1.000000
8 10 tracking error -1 -1 -1 324 143 396 212 -1 -1 -1 -12.38 1.23 35.60 -1 1.000000
8 11 tracking error -1 -1 -1 295 133 328 204 -1 -1 -1 -13.06 1.35 31.55 -1 1.000000
8 12 tracking error -1 -1 -1 784 159 834 293 -1 -1 -1 2.64 1.36 8.78 -1 1.000000
9 3 bicycle -1 -1 -1 885 199 999 247 -1 -1 -1 5.66 1.21 11.51 -1 1.000000
9 4 bicycle -1 -1 -1 544 189 663 304 -1 -1 -1 0.03 1.46 8.89 -1 1.000000
9 5 car -1 -1 -1 28 189 182 302 -1 -1 -1 -7.20 1.67 10.37 -1 1.000000
9 7 bicycle -1 -1 -1 1042 165 1117 217 -1 -1 -1 10.77 0.94 15.96 -1 1.000000
9 8 cyclist -1 -1 -1 489 164 523 219 -1 -1 -1 -3.32 1.27 22.26 -1 1.000000
9 10 tracking error -1 -1 -1 324 144 394 212 -1 -1 -1 -12.42 1.29 35.60 -1 1.000000
9 12 tracking error -1 -1 -1 782 155 828 293 -1 -1 -1 2.59 1.37 8.95 -1 1.000000
10 3 bicycle -1 -1 -1 881 198 999 247 -1 -1 -1 5.63 1.20 11.53 -1 1.000000
10 4 bicycle -1 -1 -1 567 201 690 306 -1 -1 -1 0.35 1.45 8.70 -1 1.000000
10 5 car -1 -1 -1 31 189 182 301 -1 -1 -1 -7.19 1.68 10.29 -1 1.000000
10 7 bicycle -1 -1 -1 1041 159 1117 217 -1 -1 -1 10.77 0.91 15.94 -1 1.000000
10 8 cyclist -1 -1 -1 489 164 511 217 -1 -1 -1 -3.37 1.25 22.81 -1 1.000000
10 10 tracking error -1 -1 -1 324 143 395 212 -1 -1 -1 -12.45 1.30 35.55 -1 1.000000
10 12 tracking error -1 -1 -1 780 156 823 286 -1 -1 -1 2.56 1.36 9.07 -1 1.000000
11 3 bicycle -1 -1 -1 881 198 999 247 -1 -1 -1 5.67 1.21 11.53 -1 1.000000
11 4 bicycle -1 -1 -1 589 206 718 308 -1 -1 -1 0.65 1.45 8.51 -1 1.000000
11 5 car -1 -1 -1 29 189 181 302 -1 -1 -1 -7.14 1.67 10.12 -1 1.000000
11 7 bicycle -1 -1 -1 1042 147 1117 216 -1 -1 -1 10.83 0.95 15.96 -1 1.000000
11 11 tracking error -1 -1 -1 296 133 328 205 -1 -1 -1 -13.46 1.41 32.48 -1 1.000000
11 12 tracking error -1 -1 -1 774 156 825 282 -1 -1 -1 2.54 1.37 9.22 -1 1.000000
11 13 bicycle -1 -1 -1 1123 145 1224 231 -1 -1 -1 10.38 1.03 12.98 -1 1.000000
11 14 tracking error -1 -1 -1 815 173 858 288 -1 -1 -1 3.04 1.35 9.26 -1 1.000000
11 15 building -1 -1 -1 139 113 430 251 -1 -1 -1 -12.49 1.47 27.34 -1 1.000000
12 3 bicycle -1 -1 -1 881 199 999 247 -1 -1 -1 5.66 1.21 11.52 -1 1.000000
12 4 bicycle -1 -1 -1 613 205 751 310 -1 -1 -1 0.95 1.44 8.33 -1 1.000000
12 5 car -1 -1 -1 1 186 182 310 -1 -1 -1 -7.20 1.67 10.30 -1 1.000000
12 7 bicycle -1 -1 -1 1042 156 1117 217 -1 -1 -1 10.83 0.95 15.92 -1 1.000000
12 11 tracking error -1 -1 -1 296 133 328 205 -1 -1 -1 -13.38 1.40 32.45 -1 1.000000
12 12 tracking error -1 -1 -1 771 156 822 285 -1 -1 -1 2.53 1.37 9.30 -1 1.000000
12 13 bicycle -1 -1 -1 1124 149 1223 231 -1 -1 -1 10.35 1.02 12.92 -1 1.000000
12 14 tracking error -1 -1 -1 821 176 857 280 -1 -1 -1 3.04 1.35 9.26 -1 1.000000
12 15 building -1 -1 -1 140 114 431 250 -1 -1 -1 -12.41 1.48 27.33 -1 1.000000
12 16 window -1 -1 -1 1 107 97 184 -1 -1 -1 -12.74 1.71 16.89 -1 1.000000
13 3 bicycle -1 -1 -1 886 190 968 246 -1 -1 -1 5.36 1.21 11.56 -1 1.000000
13 4 bicycle -1 -1 -1 637 202 779 311 -1 -1 -1 1.25 1.43 8.19 -1 1.000000
13 5 car -1 -1 -1 1 186 183 310 -1 -1 -1 -7.19 1.68 10.34 -1 1.000000
13 7 bicycle -1 -1 -1 1042 157 1117 217 -1 -1 -1 10.81 0.92 15.93 -1 1.000000
13 12 tracking error -1 -1 -1 769 165 816 270 -1 -1 -1 2.51 1.35 9.43 -1 1.000000
13 13 bicycle -1 -1 -1 1125 153 1223 230 -1 -1 -1 10.34 1.00 12.88 -1 1.000000
13 16 window -1 -1 -1 1 105 97 184 -1 -1 -1 -12.80 1.73 16.94 -1 1.000000
13 17 cyclist -1 -1 -1 490 156 512 215 -1 -1 -1 -3.69 1.23 25.14 -1 1.000000
13 18 unknown -1 -1 -1 968 158 1027 230 -1 -1 -1 8.37 1.04 14.79 -1 1.000000
13 19 tracking error -1 -1 -1 325 146 455 210 -1 -1 -1 -12.22 1.33 34.79 -1 1.000000
14 3 bicycle -1 -1 -1 887 190 968 246 -1 -1 -1 5.35 1.14 11.58 -1 1.000000
14 4 bicycle -1 -1 -1 657 205 814 313 -1 -1 -1 1.52 1.41 8.05 -1 1.000000
14 5 car -1 -1 -1 28 189 181 302 -1 -1 -1 -7.25 1.65 10.38 -1 1.000000
14 7 bicycle -1 -1 -1 1042 165 1117 217 -1 -1 -1 10.79 0.79 15.95 -1 1.000000
14 12 tracking error -1 -1 -1 770 165 814 262 -1 -1 -1 2.52 1.32 9.54 -1 1.000000
14 13 bicycle -1 -1 -1 1123 156 1223 230 -1 -1 -1 10.34 0.91 12.92 -1 1.000000
14 16 window -1 -1 -1 1 106 98 184 -1 -1 -1 -12.72 1.62 16.84 -1 1.000000
14 17 cyclist -1 -1 -1 492 159 512 214 -1 -1 -1 -3.70 0.97 25.30 -1 1.000000
14 18 unknown -1 -1 -1 969 157 1027 230 -1 -1 -1 8.41 0.91 14.88 -1 1.000000
14 19 tracking error -1 -1 -1 325 138 442 210 -1 -1 -1 -12.10 0.97 34.59 -1 1.000000
15 3 bicycle -1 -1 -1 886 190 968 246 -1 -1 -1 5.34 1.19 11.56 -1 1.000000
15 4 bicycle -1 -1 -1 695 197 845 316 -1 -1 -1 1.77 1.42 7.88 -1 1.000000
15 5 car -1 -1 -1 1 183 180 308 -1 -1 -1 -7.17 1.68 10.28 -1 1.000000
15 7 bicycle -1 -1 -1 1041 168 1117 217 -1 -1 -1 10.77 0.89 15.94 -1 1.000000
15 12 tracking error -1 -1 -1 768 165 806 243 -1 -1 -1 2.41 1.35 9.54 -1 1.000000
15 13 bicycle -1 -1 -1 1123 156 1223 230 -1 -1 -1 10.32 0.98 12.87 -1 1.000000
15 17 cyclist -1 -1 -1 492 156 516 214 -1 -1 -1 -3.75 1.18 25.67 -1 1.000000
15 18 unknown -1 -1 -1 969 158 1027 230 -1 -1 -1 8.44 1.00 14.87 -1 1.000000
15 19 tracking error -1 -1 -1 324 147 454 212 -1 -1 -1 -11.97 1.26 34.63 -1 1.000000
16 3 bicycle -1 -1 -1 887 190 968 246 -1 -1 -1 5.36 1.20 11.55 -1 1.000000
16 4 bicycle -1 -1 -1 723 177 884 317 -1 -1 -1 2.08 1.41 7.69 -1 1.000000
16 5 car -1 -1 -1 27 189 181 303 -1 -1 -1 -7.20 1.68 10.37 -1 1.000000
16 7 bicycle -1 -1 -1 1041 166 1117 217 -1 -1 -1 10.75 0.90 15.91 -1 1.000000
16 12 tracking error -1 -1 -1 762 164 801 242 -1 -1 -1 2.38 1.36 9.69 -1 1.000000
16 13 bicycle -1 -1 -1 1123 146 1223 230 -1 -1 -1 10.31 0.98 12.88 -1 1.000000
16 17 cyclist -1 -1 -1 494 154 516 214 -1 -1 -1 -3.83 1.19 26.38 -1 1.000000
16 19 tracking error -1 -1 -1 324 143 397 213 -1 -1 -1 -11.83 1.35 32.79 -1 1.000000
17 3 bicycle -1 -1 -1 887 196 967 246 -1 -1 -1 5.35 1.17 11.55 -1 1.000000
17 4 bicycle -1 -1 -1 747 202 923 316 -1 -1 -1 2.43 1.41 7.53 -1 1.000000
17 5 car -1 -1 -1 29 190 181 302 -1 -1 -1 -7.25 1.67 10.31 -1 1.000000
17 7 bicycle -1 -1 -1 1042 166 1117 217 -1 -1 -1 10.70 0.83 15.91 -1 1.000000
17 17 cyclist -1 -1 -1 494 157 514 213 -1 -1 -1 -3.92 0.98 27.02 -1 1.000000
17 19 tracking error -1 -1 -1 324 145 395 216 -1 -1 -1 -11.67 1.11 32.43 -1 1.000000
17 20 bicycle -1 -1 -1 1155 162 1223 231 -1 -1 -1 10.34 0.95 12.57 -1 1.000000
17 21 person -1 -1 -1 739 139 787 256 -1 -1 -1 2.27 1.33 10.02 -1 1.000000
18 3 bicycle -1 -1 -1 906 196 968 235 -1 -1 -1 5.43 1.20 11.50 -1 1.000000
18 4 bicycle -1 -1 -1 787 237 960 316 -1 -1 -1 2.80 1.40 7.35 -1 1.000000
18 5 car -1 -1 -1 31 191 180 302 -1 -1 -1 -7.20 1.69 10.17 -1 1.000000
18 7 bicycle -1 -1 -1 1043 165 1117 219 -1 -1 -1 10.71 0.91 15.87 -1 1.000000
18 20 bicycle -1 -1 -1 1155 164 1222 231 -1 -1 -1 10.30 1.00 12.50 -1 1.000000
18 21 person -1 -1 -1 739 139 788 276 -1 -1 -1 2.29 1.35 10.03 -1 1.000000
18 22 person -1 -1 -1 781 156 838 256 -1 -1 -1 2.81 1.34 9.97 -1 1.000000
18 23 tracking error -1 -1 -1 530 162 590 197 -1 -1 -1 -1.71 0.81 38.40 -1 1.000000
18 24 cyclist -1 -1 -1 368 156 394 219 -1 -1 -1 -8.26 1.36 26.13 -1 1.000000
19 3 bicycle -1 -1 -1 905 195 968 236 -1 -1 -1 5.41 1.20 11.47 -1 1.000000
19 4 bicycle -1 -1 -1 809 203 1008 321 -1 -1 -1 3.22 1.39 7.25 -1 1.000000
19 5 car -1 -1 -1 28 191 179 303 -1 -1 -1 -7.16 1.69 10.16 -1 1.000000
19 7 bicycle -1 -1 -1 1044 162 1117 219 -1 -1 -1 10.79 0.95 15.85 -1 1.000000
19 20 bicycle -1 -1 -1 1154 165 1222 231 -1 -1 -1 10.28 1.03 12.51 -1 1.000000
19 21 person -1 -1 -1 737 139 783 276 -1 -1 -1 2.27 1.36 10.16 -1 1.000000
19 22 person -1 -1 -1 780 155 837 269 -1 -1 -1 2.89 1.34 10.08 -1 1.000000
19 24 cyclist -1 -1 -1 368 155 393 220 -1 -1 -1 -8.04 1.40 25.32 -1 1.000000
20 4 bicycle -1 -1 -1 856 200 1057 322 -1 -1 -1 3.56 1.39 7.12 -1 1.000000
20 5 car -1 -1 -1 26 190 178 304 -1 -1 -1 -7.17 1.68 10.19 -1 1.000000
20 20 bicycle -1 -1 -1 1154 167 1222 231 -1 -1 -1 10.29 1.04 12.53 -1 1.000000
20 21 person -1 -1 -1 730 143 785 277 -1 -1 -1 2.25 1.36 10.26 -1 1.000000
20 22 person -1 -1 -1 785 169 820 272 -1 -1 -1 2.88 1.34 10.22 -1 1.000000
20 24 cyclist -1 -1 -1 367 154 393 221 -1 -1 -1 -7.81 1.41 24.38 -1 1.000000
21 4 bicycle -1 -1 -1 892 201 1101 322 -1 -1 -1 3.90 1.38 7.01 -1 1.000000
21 5 car -1 -1 -1 27 191 177 303 -1 -1 -1 -7.17 1.68 10.21 -1 1.000000
21 20 bicycle -1 -1 -1 1144 143 1223 233 -1 -1 -1 10.31 1.02 12.81 -1 1.000000
21 21 person -1 -1 -1 729 141 809 274 -1 -1 -1 2.26 1.35 10.40 -1 1.000000
21 22 person -1 -1 -1 780 170 823 271 -1 -1 -1 2.87 1.34 10.31 -1 1.000000
21 24 cyclist -1 -1 -1 365 154 392 222 -1 -1 -1 -7.73 1.40 24.01 -1 1.000000
22 4 bicycle -1 -1 -1 933 189 1135 321 -1 -1 -1 4.17 1.37 6.89 -1 1.000000
22 5 car -1 -1 -1 22 190 175 305 -1 -1 -1 -7.28 1.68 10.41 -1 1.000000
22 20 bicycle -1 -1 -1 1146 184 1214 234 -1 -1 -1 10.29 1.02 12.79 -1 1.000000
22 21 person -1 -1 -1 729 163 779 271 -1 -1 -1 2.20 1.36 10.49 -1 1.000000
22 22 person -1 -1 -1 777 169 822 268 -1 -1 -1 2.86 1.34 10.39 -1 1.000000
22 24 cyclist -1 -1 -1 362 154 391 224 -1 -1 -1 -7.61 1.41 23.33 -1 1.000000
22 25 bicycle -1 -1 -1 883 181 979 249 -1 -1 -1 5.15 1.24 11.49 -1 1.000000
23 4 bicycle -1 -1 -1 969 153 1192 322 -1 -1 -1 4.42 1.37 6.84 -1 1.000000
23 5 car -1 -1 -1 23 190 173 304 -1 -1 -1 -7.19 1.69 10.19 -1 1.000000
23 21 person -1 -1 -1 726 163 773 272 -1 -1 -1 2.15 1.36 10.56 -1 1.000000
23 22 person -1 -1 -1 775 159 820 263 -1 -1 -1 2.84 1.34 10.51 -1 1.000000
23 24 cyclist -1 -1 -1 359 154 390 226 -1 -1 -1 -7.53 1.43 22.71 -1 1.000000
23 25 bicycle -1 -1 -1 881 194 1002 248 -1 -1 -1 5.42 1.22 11.44 -1 1.000000
24 4 bicycle -1 -1 -1 1017 183 1219 324 -1 -1 -1 4.79 1.35 6.82 -1 1.000000
24 5 car -1 -1 -1 1 190 170 308 -1 -1 -1 -7.24 1.67 10.25 -1 1.000000
24 21 person -1 -1 -1 719 166 759 272 -1 -1 -1 2.08 1.36 10.62 -1 1.000000
24 24 cyclist -1 -1 -1 354 153 385 227 -1 -1 -1 -7.38 1.43 22.01 -1 1.000000
24 25 bicycle -1 -1 -1 881 193 1001 248 -1 -1 -1 5.51 1.23 11.41 -1 1.000000
24 26 person -1 -1 -1 720 137 808 276 -1 -1 -1 2.68 1.34 10.63 -1 1.000000
24 27 bicycle -1 -1 -1 803 182 864 236 -1 -1 -1 4.73 1.21 14.07 -1 1.000000
25 4 bicycle -1 -1 -1 1052 202 1221 318 -1 -1 -1 5.17 1.34 6.83 -1 1.000000
25 5 car -1 -1 -1 1 189 165 308 -1 -1 -1 -7.31 1.66 10.34 -1 1.000000
25 21 person -1 -1 -1 712 155 760 270 -1 -1 -1 2.01 1.36 10.75 -1 1.000000
25 24 cyclist -1 -1 -1 349 162 375 228 -1 -1 -1 -7.28 1.44 21.30 -1 1.000000
25 25 bicycle -1 -1 -1 881 199 1001 248 -1 -1 -1 5.53 1.24 11.36 -1 1.000000
25 26 person -1 -1 -1 745 138 799 272 -1 -1 -1 2.64 1.34 10.73 -1 1.000000
25 27 bicycle -1 -1 -1 788 187 862 239 -1 -1 -1 4.39 1.22 14.01 -1 1.000000
26 4 bicycle -1 -1 -1 1093 195 1222 317 -1 -1 -1 5.45 1.33 6.82 -1 1.000000
26 5 car -1 -1 -1 1 189 162 311 -1 -1 -1 -7.39 1.67 10.36 -1 1.000000
26 21 person -1 -1 -1 710 163 744 266 -1 -1 -1 1.91 1.36 10.84 -1 1.000000
26 24 cyclist -1 -1 -1 346 163 375 230 -1 -1 -1 -7.20 1.45 20.70 -1 1.000000
26 25 bicycle -1 -1 -1 881 197 999 249 -1 -1 -1 5.55 1.22 11.34 -1 1.000000
26 26 person -1 -1 -1 744 140 797 268 -1 -1 -1 2.61 1.33 10.82 -1 1.000000
26 27 bicycle -1 -1 -1 787 185 860 236 -1 -1 -1 4.40 1.20 14.02 -1 1.000000
27 4 bicycle -1 -1 -1 1131 226 1223 317 -1 -1 -1 5.65 1.31 6.82 -1 1.000000
27 5 car -1 -1 -1 1 189 156 313 -1 -1 -1 -7.25 1.69 10.05 -1 1.000000
27 21 person -1 -1 -1 705 161 739 265 -1 -1 -1 1.83 1.34 10.90 -1 1.000000
27 24 cyclist -1 -1 -1 340 164 368 232 -1 -1 -1 -7.16 1.45 20.07 -1 1.000000
27 25 bicycle -1 -1 -1 881 197 998 250 -1 -1 -1 5.52 1.20 11.27 -1 1.000000
27 26 person -1 -1 -1 752 140 796 265 -1 -1 -1 2.58 1.32 10.88 -1 1.000000
27 27 bicycle -1 -1 -1 788 187 859 236 -1 -1 -1 4.39 1.18 14.00 -1 1.000000
28 4 bicycle -1 -1 -1 1163 242 1223 315 -1 -1 -1 5.77 1.31 6.79 -1 1.000000
28 5 car -1 -1 -1 1 189 150 316 -1 -1 -1 -7.30 1.68 10.04 -1 1.000000
28 21 person -1 -1 -1 693 153 735 271 -1 -1 -1 1.75 1.34 10.93 -1 1.000000
28 24 cyclist -1 -1 -1 332 165 359 234 -1 -1 -1 -7.11 1.44 19.39 -1 1.000000
28 25 bicycle -1 -1 -1 881 197 996 249 -1 -1 -1 5.47 1.20 11.23 -1 1.000000
28 26 person -1 -1 -1 746 144 799 266 -1 -1 -1 2.54 1.31 10.99 -1 1.000000
28 27 bicycle -1 -1 -1 793 184 857 236 -1 -1 -1 4.40 1.17 13.96 -1 1.000000
29 4 bicycle -1 -1 -1 1199 246 1223 312 -1 -1 -1 5.89 1.31 6.78 -1 1.000000
29 5 car -1 -1 -1 34 189 144 284 -1 -1 -1 -7.45 1.67 10.32 -1 1.000000
29 21 person -1 -1 -1 689 159 730 270 -1 -1 -1 1.67 1.34 10.98 -1 1.000000
29 24 cyclist -1 -1 -1 324 164 355 237 -1 -1 -1 -7.14 1.42 18.90 -1 1.000000
29 25 bicycle -1 -1 -1 877 200 993 250 -1 -1 -1 5.43 1.20 11.21 -1 1.000000
29 26 person -1 -1 -1 743 158 779 257 -1 -1 -1 2.47 1.31 11.07 -1 1.000000
29 27 bicycle -1 -1 -1 795 173 891 236 -1 -1 -1 4.66 1.12 14.21 -1 1.000000
29 28 bicycle -1 -1 -1 1041 160 1108 221 -1 -1 -1 10.49 0.90 15.71 -1 1.000000
29 29 bicycle -1 -1 -1 1155 164 1223 233 -1 -1 -1 9.94 1.01 12.14 -1 1.000000
30 5 car -1 -1 -1 30 189 136 281 -1 -1 -1 -7.69 1.68 10.77 -1 1.000000
30 21 person -1 -1 -1 684 162 723 251 -1 -1 -1 1.58 1.34 11.07 -1 1.000000
30 24 cyclist -1 -1 -1 314 168 350 239 -1 -1 -1 -7.15 1.49 18.30 -1 1.000000
30 25 bicycle -1 -1 -1 870 199 990 252 -1 -1 -1 5.36 1.20 11.19 -1 1.000000
30 26 person -1 -1 -1 736 156 775 251 -1 -1 -1 2.38 1.31 11.15 -1 1.000000
30 28 bicycle -1 -1 -1 1032 152 1104 219 -1 -1 -1 10.41 0.90 15.74 -1 1.000000
30 29 bicycle -1 -1 -1 1142 163 1220 232 -1 -1 -1 9.90 1.00 12.12 -1 1.000000
30 30 bicycle -1 -1 -1 770 189 850 237 -1 -1 -1 4.08 1.18 13.83 -1 1.000000
31 5 car -1 -1 -1 1 188 129 313 -1 -1 -1 -8.34 1.69 11.39 -1 1.000000
31 21 person -1 -1 -1 678 160 722 254 -1 -1 -1 1.49 1.35 11.15 -1 1.000000
31 24 cyclist -1 -1 -1 305 164 343 243 -1 -1 -1 -7.12 1.50 17.75 -1 1.000000
31 25 bicycle -1 -1 -1 865 195 987 252 -1 -1 -1 5.29 1.21 11.16 -1 1.000000
31 26 person -1 -1 -1 732 156 770 256 -1 -1 -1 2.29 1.32 11.22 -1 1.000000
31 28 bicycle -1 -1 -1 1030 165 1100 221 -1 -1 -1 10.33 0.92 15.73 -1 1.000000
31 29 bicycle -1 -1 -1 1132 171 1215 232 -1 -1 -1 9.82 1.01 12.08 -1 1.000000
31 30 bicycle -1 -1 -1 778 181 851 237 -1 -1 -1 4.15 1.18 13.76 -1 1.000000
32 5 car -1 -1 -1 13 190 117 288 -1 -1 -1 -8.30 1.70 11.23 -1 1.000000
32 21 person -1 -1 -1 671 163 719 267 -1 -1 -1 1.39 1.36 11.18 -1 1.000000
32 24 cyclist -1 -1 -1 287 162 333 246 -1 -1 -1 -7.17 1.51 17.15 -1 1.000000
32 25 bicycle -1 -1 -1 865 198 983 252 -1 -1 -1 5.19 1.23 11.13 -1 1.000000
32 26 person -1 -1 -1 716 157 758 256 -1 -1 -1 2.16 1.33 11.28 -1 1.000000
32 28 bicycle -1 -1 -1 1021 170 1093 220 -1 -1 -1 10.15 0.97 15.70 -1 1.000000
32 29 bicycle -1 -1 -1 1133 164 1209 232 -1 -1 -1 9.71 1.04 12.07 -1 1.000000
32 30 bicycle -1 -1 -1 771 181 844 238 -1 -1 -1 4.03 1.21 13.69 -1 1.000000
33 5 car -1 -1 -1 1 190 102 293 -1 -1 -1 -8.70 1.72 11.46 -1 1.000000
33 21 person -1 -1 -1 663 160 706 268 -1 -1 -1 1.26 1.36 11.22 -1 1.000000
33 24 cyclist -1 -1 -1 277 172 329 248 -1 -1 -1 -7.24 1.55 16.70 -1 1.000000
33 25 bicycle -1 -1 -1 860 198 977 253 -1 -1 -1 5.07 1.22 11.07 -1 1.000000
33 26 person -1 -1 -1 710 172 748 261 -1 -1 -1 2.01 1.33 11.30 -1 1.000000
33 28 bicycle -1 -1 -1 1019 164 1087 221 -1 -1 -1 9.98 0.94 15.56 -1 1.000000
33 29 bicycle -1 -1 -1 1133 165 1205 233 -1 -1 -1 9.63 1.01 12.06 -1 1.000000
33 30 bicycle -1 -1 -1 769 182 840 240 -1 -1 -1 3.94 1.20 13.67 -1 1.000000
34 5 car -1 -1 -1 1 192 85 289 -1 -1 -1 -8.55 1.73 11.15 -1 1.000000
34 21 person -1 -1 -1 656 164 697 264 -1 -1 -1 1.10 1.36 11.23 -1 1.000000
34 24 cyclist -1 -1 -1 263 167 320 244 -1 -1 -1 -7.34 1.57 16.19 -1 1.000000
34 25 bicycle -1 -1 -1 849 198 972 254 -1 -1 -1 4.98 1.22 11.05 -1 1.000000
34 26 person -1 -1 -1 695 162 737 261 -1 -1 -1 1.82 1.33 11.42 -1 1.000000
34 28 bicycle -1 -1 -1 1009 164 1080 222 -1 -1 -1 9.75 0.94 15.50 -1 1.000000
34 29 bicycle -1 -1 -1 1120 164 1196 233 -1 -1 -1 9.49 1.02 12.03 -1 1.000000
34 30 bicycle -1 -1 -1 761 181 832 239 -1 -1 -1 3.84 1.20 13.58 -1 1.000000
34 31 person -1 -1 -1 720 157 766 271 -1 -1 -1 2.45 1.28 12.17 -1 1.000000
35 5 car -1 -1 -1 17 199 68 293 -1 -1 -1 -8.67 1.74 10.93 -1 1.000000
35 21 person -1 -1 -1 644 164 688 261 -1 -1 -1 0.96 1.36 11.30 -1 1.000000
35 24 cyclist -1 -1 -1 245 156 308 255 -1 -1 -1 -7.45 1.58 15.69 -1 1.000000
35 25 bicycle -1 -1 -1 849 192 964 254 -1 -1 -1 4.86 1.22 10.96 -1 1.000000
35 26 person -1 -1 -1 692 172 726 263 -1 -1 -1 1.68 1.33 11.48 -1 1.000000
35 29 bicycle -1 -1 -1 1110 165 1188 233 -1 -1 -1 9.37 1.01 12.05 -1 1.000000
35 31 person -1 -1 -1 718 151 766 261 -1 -1 -1 2.39 1.28 12.21 -1 1.000000
35 32 bicycle -1 -1 -1 971 140 1073 229 -1 -1 -1 9.57 0.92 15.54 -1 1.000000
35 33 bicycle -1 -1 -1 799 172 861 222 -1 -1 -1 6.49 0.87 21.96 -1 1.000000
36 5 car -1 -1 -1 0 199 47 296 -1 -1 -1 -8.81 1.75 10.69 -1 1.000000
36 21 person -1 -1 -1 632 165 676 263 -1 -1 -1 0.75 1.37 11.35 -1 1.000000
36 24 cyclist -1 -1 -1 224 161 294 262 -1 -1 -1 -7.54 1.62 14.96 -1 1.000000
36 25 bicycle -1 -1 -1 833 193 956 255 -1 -1 -1 4.71 1.22 10.90 -1 1.000000
36 26 person -1 -1 -1 680 172 711 261 -1 -1 -1 1.48 1.33 11.50 -1 1.000000
36 29 bicycle -1 -1 -1 1109 168 1179 235 -1 -1 -1 9.22 1.00 12.01 -1 1.000000
36 31 person -1 -1 -1 710 155 758 258 -1 -1 -1 2.29 1.28 12.18 -1 1.000000
36 32 bicycle -1 -1 -1 966 140 1065 230 -1 -1 -1 9.38 0.90 15.62 -1 1.000000
36 34 bicycle -1 -1 -1 749 181 831 242 -1 -1 -1 3.56 1.20 13.54 -1 1.000000
37 21 person -1 -1 -1 619 164 655 266 -1 -1 -1 0.52 1.37 11.41 -1 1.000000
37 24 cyclist -1 -1 -1 203 159 252 262 -1 -1 -1 -7.65 1.64 14.41 -1 1.000000
37 25 bicycle -1 -1 -1 827 191 947 256 -1 -1 -1 4.52 1.21 10.85 -1 1.000000
37 26 person -1 -1 -1 658 174 697 264 -1 -1 -1 1.23 1.34 11.51 -1 1.000000
37 29 bicycle -1 -1 -1 1100 168 1168 234 -1 -1 -1 9.03 0.99 12.01 -1 1.000000
37 31 person -1 -1 -1 713 153 748 255 -1 -1 -1 2.17 1.29 12.00 -1 1.000000
37 32 bicycle -1 -1 -1 952 154 1056 221 -1 -1 -1 9.16 0.89 15.68 -1 1.000000
37 34 bicycle -1 -1 -1 740 183 814 243 -1 -1 -1 3.34 1.20 13.42 -1 1.000000
38 21 person -1 -1 -1 604 163 639 266 -1 -1 -1 0.30 1.37 11.45 -1 1.000000
38 24 cyclist -1 -1 -1 177 161 229 252 -1 -1 -1 -7.77 1.65 13.79 -1 1.000000
38 25 bicycle -1 -1 -1 817 201 937 256 -1 -1 -1 4.34 1.21 10.82 -1 1.000000
38 26 person -1 -1 -1 642 173 683 265 -1 -1 -1 0.99 1.34 11.51 -1 1.000000
38 29 bicycle -1 -1 -1 1087 167 1156 234 -1 -1 -1 8.80 0.98 11.95 -1 1.000000
38 30 bicycle -1 -1 -1 732 179 810 243 -1 -1 -1 3.14 1.19 13.28 -1 1.000000
38 31 person -1 -1 -1 705 152 739 255 -1 -1 -1 2.01 1.28 11.87 -1 1.000000
38 32 bicycle -1 -1 -1 940 141 1042 232 -1 -1 -1 8.82 0.89 15.63 -1 1.000000
38 35 car -1 -1 -1 217 182 273 218 -1 -1 -1 -14.33 1.50 29.05 -1 1.000000
38 36 bicycle -1 -1 -1 1125 154 1224 233 -1 -1 -1 11.86 0.78 14.49 -1 1.000000
39 21 person -1 -1 -1 590 161 629 271 -1 -1 -1 0.10 1.36 11.41 -1 1.000000
39 24 cyclist -1 -1 -1 147 161 201 238 -1 -1 -1 -7.92 1.65 13.04 -1 1.000000
39 25 bicycle -1 -1 -1 801 201 926 258 -1 -1 -1 4.14 1.21 10.75 -1 1.000000
39 29 bicycle -1 -1 -1 1064 168 1141 234 -1 -1 -1 8.53 0.98 11.92 -1 1.000000
39 30 bicycle -1 -1 -1 717 181 797 244 -1 -1 -1 2.89 1.19 13.17 -1 1.000000
39 31 person -1 -1 -1 693 150 730 256 -1 -1 -1 1.81 1.28 11.73 -1 1.000000
39 32 bicycle -1 -1 -1 954 139 1030 225 -1 -1 -1 8.63 0.85 15.70 -1 1.000000
39 35 car -1 -1 -1 196 182 255 217 -1 -1 -1 -14.87 1.46 28.58 -1 1.000000
39 36 bicycle -1 -1 -1 1121 153 1223 230 -1 -1 -1 11.51 0.79 14.19 -1 1.000000
40 21 person -1 -1 -1 580 164 613 268 -1 -1 -1 -0.13 1.39 11.28 -1 1.000000
40 24 cyclist -1 -1 -1 118 162 168 224 -1 -1 -1 -8.06 1.71 12.42 -1 1.000000
40 25 bicycle -1 -1 -1 795 190 915 260 -1 -1 -1 3.92 1.24 10.64 -1 1.000000
40 29 bicycle -1 -1 -1 1044 172 1126 237 -1 -1 -1 8.23 1.01 11.92 -1 1.000000
40 30 bicycle -1 -1 -1 709 180 787 245 -1 -1 -1 2.68 1.22 13.07 -1 1.000000
40 31 person -1 -1 -1 683 154 733 255 -1 -1 -1 1.62 1.31 11.55 -1 1.000000
40 32 bicycle -1 -1 -1 939 149 1014 234 -1 -1 -1 8.33 0.90 15.63 -1 1.000000
40 35 car -1 -1 -1 169 182 234 218 -1 -1 -1 -15.52 1.60 28.03 -1 1.000000
40 36 bicycle -1 -1 -1 1121 165 1222 227 -1 -1 -1 11.19 0.83 14.07 -1 1.000000
40 37 tracking error -1 -1 -1 622 147 653 221 -1 -1 -1 0.59 1.35 11.51 -1 1.000000
41 21 person -1 -1 -1 563 167 597 270 -1 -1 -1 -0.39 1.40 11.20 -1 1.000000
41 24 cyclist -1 -1 -1 80 161 135 226 -1 -1 -1 -8.23 1.68 11.78 -1 1.000000
41 25 bicycle -1 -1 -1 782 186 899 263 -1 -1 -1 3.69 1.27 10.57 -1 1.000000
41 29 bicycle -1 -1 -1 1029 173 1109 240 -1 -1 -1 7.94 1.07 11.94 -1 1.000000
41 30 bicycle -1 -1 -1 697 183 773 247 -1 -1 -1 2.42 1.25 12.98 -1 1.000000
41 31 person -1 -1 -1 666 154 712 239 -1 -1 -1 1.41 1.33 11.37 -1 1.000000
41 32 bicycle -1 -1 -1 926 152 998 236 -1 -1 -1 7.93 0.99 15.56 -1 1.000000
41 35 car -1 -1 -1 144 182 213 218 -1 -1 -1 -16.40 1.55 27.71 -1 1.000000
41 36 bicycle -1 -1 -1 1093 165 1199 229 -1 -1 -1 10.94 0.91 14.05 -1 1.000000
41 38 advertising -1 -1 -1 633 134 670 199 -1 -1 -1 1.12 1.21 16.53 -1 1.000000
42 21 person -1 -1 -1 546 168 580 272 -1 -1 -1 -0.66 1.41 11.14 -1 1.000000
42 25 bicycle -1 -1 -1 768 207 886 264 -1 -1 -1 3.44 1.29 10.49 -1 1.000000
42 29 bicycle -1 -1 -1 1016 178 1092 243 -1 -1 -1 7.63 1.11 11.88 -1 1.000000
42 30 bicycle -1 -1 -1 681 186 755 249 -1 -1 -1 2.11 1.28 12.76 -1 1.000000
42 31 person -1 -1 -1 652 154 696 247 -1 -1 -1 1.16 1.35 11.18 -1 1.000000
42 35 car -1 -1 -1 119 181 190 217 -1 -1 -1 -17.02 1.54 27.18 -1 1.000000
42 38 advertising -1 -1 -1 618 136 659 199 -1 -1 -1 0.77 1.22 16.41 -1 1.000000
42 39 tracking error -1 -1 -1 585 148 620 218 -1 -1 -1 0.02 1.38 11.49 -1 1.000000
42 40 bicycle -1 -1 -1 1144 176 1223 228 -1 -1 -1 11.15 0.93 13.88 -1 1.000000
43 21 person -1 -1 -1 528 169 569 270 -1 -1 -1 -0.95 1.40 11.12 -1 1.000000
43 25 bicycle -1 -1 -1 753 207 869 265 -1 -1 -1 3.15 1.30 10.34 -1 1.000000
43 29 bicycle -1 -1 -1 993 179 1073 243 -1 -1 -1 7.34 1.11 11.88 -1 1.000000
43 30 bicycle -1 -1 -1 667 182 742 250 -1 -1 -1 1.82 1.26 12.66 -1 1.000000
43 31 person -1 -1 -1 635 154 677 253 -1 -1 -1 0.87 1.35 10.95 -1 1.000000
43 35 car -1 -1 -1 93 181 163 218 -1 -1 -1 -17.81 1.46 26.82 -1 1.000000
43 38 advertising -1 -1 -1 599 134 638 201 -1 -1 -1 0.37 1.20 16.28 -1 1.000000
43 40 bicycle -1 -1 -1 1116 173 1220 232 -1 -1 -1 11.00 0.91 13.99 -1 1.000000
43 41 person -1 -1 -1 569 181 600 258 -1 -1 -1 -0.33 1.38 11.38 -1 1.000000
44 21 person -1 -1 -1 498 165 536 270 -1 -1 -1 -1.31 1.43 11.08 -1 1.000000
44 25 bicycle -1 -1 -1 733 209 851 268 -1 -1 -1 2.83 1.32 10.25 -1 1.000000
44 29 bicycle -1 -1 -1 971 182 1053 244 -1 -1 -1 6.97 1.15 11.88 -1 1.000000
44 30 bicycle -1 -1 -1 648 185 722 251 -1 -1 -1 1.52 1.30 12.56 -1 1.000000
44 31 person -1 -1 -1 619 155 663 255 -1 -1 -1 0.58 1.38 10.77 -1 1.000000
44 35 car -1 -1 -1 69 181 134 221 -1 -1 -1 -18.49 1.56 26.53 -1 1.000000
44 38 advertising -1 -1 -1 580 136 621 199 -1 -1 -1 -0.06 1.27 16.06 -1 1.000000
44 40 bicycle -1 -1 -1 1093 175 1188 232 -1 -1 -1 10.58 0.98 14.11 -1 1.000000
44 41 person -1 -1 -1 540 159 580 271 -1 -1 -1 -0.66 1.41 11.27 -1 1.000000
44 42 bicycle -1 -1 -1 1174 169 1224 220 -1 -1 -1 14.02 0.81 16.59 -1 1.000000
45 21 person -1 -1 -1 476 170 515 273 -1 -1 -1 -1.67 1.44 10.94 -1 1.000000
45 25 bicycle -1 -1 -1 712 204 834 271 -1 -1 -1 2.53 1.34 10.14 -1 1.000000
45 29 bicycle -1 -1 -1 951 183 1034 247 -1 -1 -1 6.60 1.17 11.88 -1 1.000000
45 30 bicycle -1 -1 -1 628 189 687 255 -1 -1 -1 1.11 1.32 12.37 -1 1.000000
45 31 person -1 -1 -1 593 154 638 278 -1 -1 -1 0.26 1.39 10.52 -1 1.000000
45 35 car -1 -1 -1 38 181 102 220 -1 -1 -1 -19.29 1.52 26.26 -1 1.000000
45 38 advertising -1 -1 -1 561 136 601 200 -1 -1 -1 -0.50 1.27 15.83 -1 1.000000
45 40 bicycle -1 -1 -1 1071 176 1167 235 -1 -1 -1 10.18 1.00 14.15 -1 1.000000
45 41 person -1 -1 -1 515 171 557 270 -1 -1 -1 -1.03 1.41 11.15 -1 1.000000
45 42 bicycle -1 -1 -1 1156 172 1222 228 -1 -1 -1 13.43 0.85 16.39 -1 1.000000
46 21 person -1 -1 -1 452 170 494 275 -1 -1 -1 -2.01 1.45 10.82 -1 1.000000
46 25 bicycle -1 -1 -1 689 206 815 274 -1 -1 -1 2.25 1.35 10.00 -1 1.000000
46 29 bicycle -1 -1 -1 931 187 1014 259 -1 -1 -1 6.24 1.19 11.86 -1 1.000000
46 31 person -1 -1 -1 573 157 615 279 -1 -1 -1 -0.04 1.41 10.24 -1 1.000000
46 35 car -1 -1 -1 5 178 69 220 -1 -1 -1 -20.11 1.48 25.62 -1 1.000000
46 38 advertising -1 -1 -1 541 136 583 202 -1 -1 -1 -0.95 1.28 15.61 -1 1.000000
46 40 bicycle -1 -1 -1 1048 183 1140 238 -1 -1 -1 9.69 1.02 14.12 -1 1.000000
46 41 person -1 -1 -1 493 164 534 271 -1 -1 -1 -1.41 1.42 11.10 -1 1.000000
46 42 bicycle -1 -1 -1 1131 182 1223 232 -1 -1 -1 12.95 0.88 16.23 -1 1.000000
47 21 person -1 -1 -1 424 173 461 275 -1 -1 -1 -2.41 1.46 10.65 -1 1.000000
47 25 bicycle -1 -1 -1 673 202 796 277 -1 -1 -1 1.94 1.38 9.85 -1 1.000000
47 29 bicycle -1 -1 -1 908 178 993 253 -1 -1 -1 5.89 1.23 11.84 -1 1.000000
47 31 person -1 -1 -1 553 157 604 282 -1 -1 -1 -0.32 1.43 9.94 -1 1.000000
47 35 car -1 -1 -1 0 184 29 228 -1 -1 -1 -21.14 1.46 25.14 -1 1.000000
47 38 advertising -1 -1 -1 519 137 559 202 -1 -1 -1 -1.41 1.30 15.35 -1 1.000000
47 40 bicycle -1 -1 -1 1030 192 1117 238 -1 -1 -1 9.27 1.09 14.12 -1 1.000000
47 41 person -1 -1 -1 468 178 511 272 -1 -1 -1 -1.78 1.44 10.92 -1 1.000000
47 42 bicycle -1 -1 -1 1111 173 1184 233 -1 -1 -1 12.43 0.96 16.22 -1 1.000000
48 21 person -1 -1 -1 394 166 439 278 -1 -1 -1 -2.79 1.46 10.51 -1 1.000000
48 25 bicycle -1 -1 -1 655 216 777 281 -1 -1 -1 1.64 1.39 9.70 -1 1.000000
48 29 bicycle -1 -1 -1 886 183 972 256 -1 -1 -1 5.50 1.24 11.82 -1 1.000000
48 31 person -1 -1 -1 530 157 600 286 -1 -1 -1 -0.61 1.44 9.62 -1 1.000000
48 38 advertising -1 -1 -1 495 137 535 204 -1 -1 -1 -1.89 1.31 15.12 -1 1.000000
48 40 bicycle -1 -1 -1 1008 191 1091 242 -1 -1 -1 8.78 1.11 14.15 -1 1.000000
48 41 person -1 -1 -1 441 178 486 287 -1 -1 -1 -2.17 1.44 10.77 -1 1.000000
48 42 bicycle -1 -1 -1 1086 176 1164 235 -1 -1 -1 11.88 0.97 16.29 -1 1.000000
49 21 person -1 -1 -1 366 170 415 278 -1 -1 -1 -3.16 1.47 10.31 -1 1.000000
49 25 bicycle -1 -1 -1 633 192 756 283 -1 -1 -1 1.35 1.41 9.51 -1 1.000000
49 29 bicycle -1 -1 -1 861 189 949 259 -1 -1 -1 5.14 1.29 11.78 -1 1.000000
49 31 person -1 -1 -1 506 157 557 288 -1 -1 -1 -0.92 1.45 9.31 -1 1.000000
49 38 advertising -1 -1 -1 472 137 513 204 -1 -1 -1 -2.35 1.35 14.79 -1 1.000000
49 40 bicycle -1 -1 -1 983 199 1066 242 -1 -1 -1 8.25 1.18 14.05 -1 1.000000
49 41 person -1 -1 -1 414 156 466 277 -1 -1 -1 -2.55 1.45 10.57 -1 1.000000
49 42 bicycle -1 -1 -1 1060 181 1141 240 -1 -1 -1 11.30 1.08 16.24 -1 1.000000
49 43 tracking error -1 -1 -1 1194 166 1224 261 -1 -1 -1 11.04 1.16 12.98 -1 1.000000
50 21 person -1 -1 -1 332 163 372 283 -1 -1 -1 -3.56 1.48 10.11 -1 1.000000
50 25 bicycle -1 -1 -1 610 189 736 287 -1 -1 -1 1.08 1.44 9.33 -1 1.000000
50 29 bicycle -1 -1 -1 843 194 928 261 -1 -1 -1 4.76 1.35 11.77 -1 1.000000
50 31 person -1 -1 -1 482 156 530 293 -1 -1 -1 -1.21 1.47 9.03 -1 1.000000
50 38 advertising -1 -1 -1 446 137 487 213 -1 -1 -1 -2.84 1.38 14.51 -1 1.000000
50 40 bicycle -1 -1 -1 957 195 1042 245 -1 -1 -1 7.70 1.27 13.97 -1 1.000000
50 41 person -1 -1 -1 389 157 451 280 -1 -1 -1 -2.93 1.46 10.38 -1 1.000000
50 42 bicycle -1 -1 -1 1040 192 1115 240 -1 -1 -1 10.72 1.19 16.24 -1 1.000000
50 43 tracking error -1 -1 -1 1161 168 1213 271 -1 -1 -1 10.61 1.26 12.96 -1 1.000000
50 44 bicycle -1 -1 -1 750 179 817 240 -1 -1 -1 4.12 1.29 15.22 -1 1.000000
51 21 person -1 -1 -1 297 164 341 289 -1 -1 -1 -3.98 1.50 9.85 -1 1.000000
51 25 bicycle -1 -1 -1 583 221 711 290 -1 -1 -1 0.67 1.47 9.11 -1 1.000000
51 29 bicycle -1 -1 -1 821 183 905 263 -1 -1 -1 4.35 1.38 11.73 -1 1.000000
51 31 person -1 -1 -1 453 157 500 300 -1 -1 -1 -1.53 1.50 8.71 -1 1.000000
51 38 advertising -1 -1 -1 418 137 459 213 -1 -1 -1 -3.37 1.40 14.17 -1 1.000000
51 40 bicycle -1 -1 -1 934 192 1019 247 -1 -1 -1 7.18 1.30 13.99 -1 1.000000
51 41 person -1 -1 -1 359 185 420 277 -1 -1 -1 -3.33 1.48 10.21 -1 1.000000
51 43 tracking error -1 -1 -1 1118 170 1181 271 -1 -1 -1 9.79 1.31 12.79 -1 1.000000
51 44 bicycle -1 -1 -1 727 179 793 242 -1 -1 -1 3.55 1.31 15.12 -1 1.000000
52 21 person -1 -1 -1 257 166 304 298 -1 -1 -1 -4.40 1.51 9.59 -1 1.000000
52 25 bicycle -1 -1 -1 555 218 685 297 -1 -1 -1 0.32 1.49 8.91 -1 1.000000
52 29 bicycle -1 -1 -1 794 186 880 264 -1 -1 -1 3.91 1.40 11.62 -1 1.000000
52 31 person -1 -1 -1 422 162 501 306 -1 -1 -1 -1.83 1.51 8.41 -1 1.000000
52 38 advertising -1 -1 -1 387 138 430 213 -1 -1 -1 -3.87 1.41 13.80 -1 1.000000
52 40 bicycle -1 -1 -1 907 194 990 250 -1 -1 -1 6.64 1.33 13.98 -1 1.000000
52 41 person -1 -1 -1 323 188 384 290 -1 -1 -1 -3.78 1.49 10.03 -1 1.000000
52 43 tracking error -1 -1 -1 1081 171 1151 271 -1 -1 -1 8.91 1.35 12.54 -1 1.000000
52 44 bicycle -1 -1 -1 711 183 769 244 -1 -1 -1 3.01 1.35 14.90 -1 1.000000
53 21 person -1 -1 -1 218 172 265 311 -1 -1 -1 -4.82 1.53 9.35 -1 1.000000
53 25 bicycle -1 -1 -1 526 233 661 301 -1 -1 -1 -0.02 1.52 8.67 -1 1.000000
53 29 bicycle -1 -1 -1 774 185 857 268 -1 -1 -1 3.50 1.46 11.49 -1 1.000000
53 31 person -1 -1 -1 393 162 467 296 -1 -1 -1 -2.12 1.53 8.06 -1 1.000000
53 38 advertising -1 -1 -1 347 139 399 240 -1 -1 -1 -4.47 1.46 13.60 -1 1.000000
53 40 bicycle -1 -1 -1 884 199 962 252 -1 -1 -1 6.15 1.42 13.98 -1 1.000000
53 41 person -1 -1 -1 285 190 349 289 -1 -1 -1 -4.21 1.52 9.78 -1 1.000000
53 43 tracking error -1 -1 -1 1040 176 1138 271 -1 -1 -1 8.10 1.43 12.25 -1 1.000000
53 44 bicycle -1 -1 -1 700 186 744 247 -1 -1 -1 2.50 1.42 14.69 -1 1.000000
54 21 person -1 -1 -1 174 173 223 315 -1 -1 -1 -5.25 1.52 9.10 -1 1.000000
54 25 bicycle -1 -1 -1 495 236 635 308 -1 -1 -1 -0.37 1.53 8.42 -1 1.000000
54 29 bicycle -1 -1 -1 747 193 831 273 -1 -1 -1 3.06 1.48 11.40 -1 1.000000
54 31 person -1 -1 -1 355 163 445 302 -1 -1 -1 -2.39 1.55 7.66 -1 1.000000
54 38 advertising -1 -1 -1 320 142 367 215 -1 -1 -1 -4.86 1.45 13.00 -1 1.000000
54 40 bicycle -1 -1 -1 859 192 934 256 -1 -1 -1 5.61 1.42 14.01 -1 1.000000
54 41 person -1 -1 -1 236 168 307 296 -1 -1 -1 -4.66 1.52 9.49 -1 1.000000
54 43 tracking error -1 -1 -1 1004 181 1055 287 -1 -1 -1 7.16 1.47 11.90 -1 1.000000
54 44 bicycle -1 -1 -1 664 188 719 251 -1 -1 -1 1.90 1.41 14.53 -1 1.000000
55 21 person -1 -1 -1 117 167 181 315 -1 -1 -1 -5.72 1.49 8.79 -1 1.000000
55 25 bicycle -1 -1 -1 458 236 604 312 -1 -1 -1 -0.75 1.54 8.13 -1 1.000000
55 29 bicycle -1 -1 -1 718 213 804 275 -1 -1 -1 2.58 1.52 11.19 -1 1.000000
55 31 person -1 -1 -1 318 160 389 330 -1 -1 -1 -2.63 1.53 7.28 -1 1.000000
55 40 bicycle -1 -1 -1 830 207 904 258 -1 -1 -1 5.01 1.51 13.78 -1 1.000000
55 41 person -1 -1 -1 186 165 238 299 -1 -1 -1 -5.12 1.50 9.16 -1 1.000000
55 43 tracking error -1 -1 -1 962 180 1010 287 -1 -1 -1 6.28 1.54 11.55 -1 1.000000
55 44 bicycle -1 -1 -1 623 188 691 253 -1 -1 -1 1.22 1.48 14.27 -1 1.000000
56 21 person -1 -1 -1 66 168 117 306 -1 -1 -1 -6.17 1.43 8.45 -1 1.000000
56 25 bicycle -1 -1 -1 418 224 574 318 -1 -1 -1 -1.15 1.52 7.85 -1 1.000000
56 29 bicycle -1 -1 -1 692 198 778 277 -1 -1 -1 2.12 1.55 11.06 -1 1.000000
56 31 person -1 -1 -1 272 156 353 338 -1 -1 -1 -2.88 1.52 6.88 -1 1.000000
56 40 bicycle -1 -1 -1 801 205 876 258 -1 -1 -1 4.43 1.57 13.58 -1 1.000000
56 43 tracking error -1 -1 -1 923 182 973 285 -1 -1 -1 5.49 1.60 11.23 -1 1.000000
56 44 bicycle -1 -1 -1 595 188 663 253 -1 -1 -1 0.64 1.50 14.02 -1 1.000000
56 45 bicycle -1 -1 -1 378 196 441 234 -1 -1 -1 -5.16 1.37 17.92 -1 1.000000
57 21 person -1 -1 -1 1 166 70 306 -1 -1 -1 -6.51 1.36 8.31 -1 1.000000
57 25 bicycle -1 -1 -1 383 232 544 323 -1 -1 -1 -1.46 1.51 7.54 -1 1.000000
57 29 bicycle -1 -1 -1 663 215 751 280 -1 -1 -1 1.63 1.53 10.84 -1 1.000000
57 40 bicycle -1 -1 -1 779 217 848 260 -1 -1 -1 3.88 1.55 13.44 -1 1.000000
57 43 tracking error -1 -1 -1 878 221 933 293 -1 -1 -1 4.66 1.61 10.84 -1 1.000000
57 44 bicycle -1 -1 -1 569 189 635 255 -1 -1 -1 0.00 1.44 13.69 -1 1.000000
57 45 bicycle -1 -1 -1 342 198 407 235 -1 -1 -1 -6.01 1.21 17.39 -1 1.000000
57 46 bicycle -1 -1 -1 283 221 356 304 -1 -1 -1 -3.49 1.43 8.81 -1 1.000000
58 25 bicycle -1 -1 -1 341 243 510 330 -1 -1 -1 -1.79 1.50 7.18 -1 1.000000
58 29 bicycle -1 -1 -1 633 210 722 284 -1 -1 -1 1.16 1.57 10.60 -1 1.000000
58 40 bicycle -1 -1 -1 746 217 819 265 -1 -1 -1 3.31 1.62 13.24 -1 1.000000
58 43 tracking error -1 -1 -1 839 227 896 304 -1 -1 -1 3.91 1.67 10.49 -1 1.000000
58 44 bicycle -1 -1 -1 533 200 605 257 -1 -1 -1 -0.58 1.47 13.42 -1 1.000000
58 45 bicycle -1 -1 -1 304 196 368 238 -1 -1 -1 -6.72 1.20 16.91 -1 1.000000
58 46 bicycle -1 -1 -1 235 220 312 304 -1 -1 -1 -3.95 1.40 8.41 -1 1.000000
59 25 bicycle -1 -1 -1 294 245 474 338 -1 -1 -1 -2.14 1.45 6.81 -1 1.000000
59 29 bicycle -1 -1 -1 604 217 694 287 -1 -1 -1 0.71 1.59 10.40 -1 1.000000
59 40 bicycle -1 -1 -1 723 218 793 265 -1 -1 -1 2.82 1.68 13.16 -1 1.000000
59 43 tracking error -1 -1 -1 799 225 860 304 -1 -1 -1 3.20 1.69 10.07 -1 1.000000
59 44 bicycle -1 -1 -1 501 196 575 259 -1 -1 -1 -1.12 1.51 13.08 -1 1.000000
59 45 bicycle -1 -1 -1 262 198 327 239 -1 -1 -1 -7.42 1.25 16.43 -1 1.000000
59 46 bicycle -1 -1 -1 181 218 264 319 -1 -1 -1 -4.29 1.36 7.95 -1 1.000000
60 25 bicycle -1 -1 -1 239 250 436 348 -1 -1 -1 -2.45 1.45 6.45 -1 1.000000
60 29 bicycle -1 -1 -1 578 208 666 290 -1 -1 -1 0.30 1.57 10.12 -1 1.000000
60 40 bicycle -1 -1 -1 692 218 766 267 -1 -1 -1 2.20 1.65 12.83 -1 1.000000
60 43 tracking error -1 -1 -1 760 227 828 304 -1 -1 -1 2.59 1.66 9.66 -1 1.000000
60 44 bicycle -1 -1 -1 482 189 545 262 -1 -1 -1 -1.65 1.50 12.73 -1 1.000000
60 46 bicycle -1 -1 -1 113 225 215 320 -1 -1 -1 -4.67 1.36 7.54 -1 1.000000
60 47 road sign -1 -1 -1 1172 187 1222 270 -1 -1 -1 3.47 1.68 4.25 -1 1.000000
60 48 cyclist -1 -1 -1 1083 196 1150 277 -1 -1 -1 8.95 1.92 13.05 -1 1.000000
61 25 bicycle -1 -1 -1 180 207 393 365 -1 -1 -1 -2.73 1.45 6.08 -1 1.000000
61 29 bicycle -1 -1 -1 545 216 639 290 -1 -1 -1 -0.11 1.56 9.80 -1 1.000000
61 40 bicycle -1 -1 -1 671 201 727 267 -1 -1 -1 1.63 1.63 12.49 -1 1.000000
61 43 tracking error -1 -1 -1 716 230 787 315 -1 -1 -1 1.93 1.62 9.14 -1 1.000000
61 44 bicycle -1 -1 -1 422 188 518 267 -1 -1 -1 -2.22 1.50 12.35 -1 1.000000
61 46 bicycle -1 -1 -1 34 228 160 329 -1 -1 -1 -5.03 1.38 7.10 -1 1.000000
61 47 road sign -1 -1 -1 1156 181 1223 270 -1 -1 -1 3.28 1.63 4.08 -1 1.000000
61 48 cyclist -1 -1 -1 1054 191 1092 280 -1 -1 -1 8.56 1.86 13.12 -1 1.000000
61 49 cyclist -1 -1 -1 907 192 970 250 -1 -1 -1 9.17 1.92 20.03 -1 1.000000
62 25 bicycle -1 -1 -1 115 256 351 365 -1 -1 -1 -2.96 1.45 5.69 -1 1.000000
62 29 bicycle -1 -1 -1 513 217 611 292 -1 -1 -1 -0.50 1.53 9.48 -1 1.000000
62 43 tracking error -1 -1 -1 668 234 749 316 -1 -1 -1 1.29 1.57 8.60 -1 1.000000
62 44 bicycle -1 -1 -1 392 202 486 266 -1 -1 -1 -2.72 1.47 12.01 -1 1.000000
62 46 bicycle -1 -1 -1 0 231 104 340 -1 -1 -1 -5.34 1.39 6.65 -1 1.000000
62 47 road sign -1 -1 -1 1143 185 1223 270 -1 -1 -1 3.12 1.62 3.90 -1 1.000000
62 48 cyclist -1 -1 -1 1026 194 1061 269 -1 -1 -1 8.24 1.78 13.38 -1 1.000000
62 49 cyclist -1 -1 -1 878 190 912 247 -1 -1 -1 8.09 1.78 19.81 -1 1.000000
63 25 bicycle -1 -1 -1 90 260 304 367 -1 -1 -1 -3.05 1.45 5.30 -1 1.000000
63 29 bicycle -1 -1 -1 482 218 582 296 -1 -1 -1 -0.88 1.54 9.19 -1 1.000000
63 43 tracking error -1 -1 -1 623 245 713 326 -1 -1 -1 0.73 1.57 7.98 -1 1.000000
63 44 bicycle -1 -1 -1 359 191 455 270 -1 -1 -1 -3.17 1.50 11.59 -1 1.000000
63 46 bicycle -1 -1 -1 0 276 42 352 -1 -1 -1 -5.63 1.39 6.18 -1 1.000000
63 47 road sign -1 -1 -1 1142 172 1223 287 -1 -1 -1 2.97 1.58 3.69 -1 1.000000
63 48 cyclist -1 -1 -1 999 183 1034 264 -1 -1 -1 7.93 1.80 13.70 -1 1.000000
63 49 cyclist -1 -1 -1 851 188 885 247 -1 -1 -1 7.14 1.84 19.55 -1 1.000000
64 25 bicycle -1 -1 -1 1 218 250 367 -1 -1 -1 -3.17 1.45 4.99 -1 1.000000
64 29 bicycle -1 -1 -1 451 224 553 302 -1 -1 -1 -1.24 1.52 8.81 -1 1.000000
64 43 tracking error -1 -1 -1 581 227 679 351 -1 -1 -1 0.21 1.56 7.35 -1 1.000000
64 44 bicycle -1 -1 -1 325 199 422 278 -1 -1 -1 -3.62 1.46 11.15 -1 1.000000
64 47 road sign -1 -1 -1 1145 174 1223 287 -1 -1 -1 2.80 1.63 3.52 -1 1.000000
64 48 cyclist -1 -1 -1 974 191 1006 270 -1 -1 -1 7.61 1.83 13.97 -1 1.000000
64 49 cyclist -1 -1 -1 821 188 852 249 -1 -1 -1 6.20 1.81 19.06 -1 1.000000
65 25 bicycle -1 -1 -1 1 289 192 367 -1 -1 -1 -3.20 1.46 4.69 -1 1.000000
65 29 bicycle -1 -1 -1 416 225 524 310 -1 -1 -1 -1.54 1.55 8.43 -1 1.000000
65 43 tracking error -1 -1 -1 529 242 639 367 -1 -1 -1 -0.25 1.57 6.70 -1 1.000000
65 44 bicycle -1 -1 -1 260 203 389 286 -1 -1 -1 -4.11 1.50 10.74 -1 1.000000
65 47 road sign -1 -1 -1 1144 186 1223 295 -1 -1 -1 2.65 1.61 3.28 -1 1.000000
65 48 cyclist -1 -1 -1 946 192 982 270 -1 -1 -1 7.30 1.85 14.30 -1 1.000000
65 49 cyclist -1 -1 -1 795 188 823 252 -1 -1 -1 5.34 1.85 18.65 -1 1.000000
65 50 unknown -1 -1 -1 661 201 715 258 -1 -1 -1 1.93 1.72 15.91 -1 1.000000
66 25 bicycle -1 -1 -1 6 316 134 370 -1 -1 -1 -3.39 1.48 4.26 -1 1.000000
66 29 bicycle -1 -1 -1 378 225 493 318 -1 -1 -1 -1.93 1.56 8.06 -1 1.000000
66 43 tracking error -1 -1 -1 467 258 584 369 -1 -1 -1 -0.67 1.56 6.02 -1 1.000000
66 44 bicycle -1 -1 -1 210 191 353 289 -1 -1 -1 -4.59 1.53 10.25 -1 1.000000
66 48 cyclist -1 -1 -1 930 187 962 269 -1 -1 -1 7.01 1.90 14.55 -1 1.000000
66 49 cyclist -1 -1 -1 769 189 797 255 -1 -1 -1 4.52 1.90 18.07 -1 1.000000
66 51 unknown -1 -1 -1 592 207 657 265 -1 -1 -1 0.55 1.74 14.70 -1 1.000000
67 25 bicycle -1 -1 -1 0 335 70 370 -1 -1 -1 -3.55 1.50 3.82 -1 1.000000
67 29 bicycle -1 -1 -1 342 233 453 318 -1 -1 -1 -2.34 1.56 7.69 -1 1.000000
67 43 tracking error -1 -1 -1 395 268 546 369 -1 -1 -1 -1.05 1.54 5.35 -1 1.000000
67 44 bicycle -1 -1 -1 176 186 316 304 -1 -1 -1 -5.04 1.53 9.76 -1 1.000000
67 48 cyclist -1 -1 -1 908 193 941 270 -1 -1 -1 6.69 1.91 14.88 -1 1.000000
67 49 cyclist -1 -1 -1 744 187 770 257 -1 -1 -1 3.72 1.89 17.41 -1 1.000000
67 51 unknown -1 -1 -1 573 208 639 267 -1 -1 -1 0.07 1.74 14.42 -1 1.000000
67 52 bicycle -1 -1 -1 491 189 589 286 -1 -1 -1 -0.80 1.67 11.64 -1 1.000000
68 43 tracking error -1 -1 -1 317 270 473 369 -1 -1 -1 -1.38 1.55 4.63 -1 1.000000
68 44 bicycle -1 -1 -1 113 182 278 321 -1 -1 -1 -5.40 1.54 9.22 -1 1.000000
68 48 cyclist -1 -1 -1 889 188 919 268 -1 -1 -1 6.43 1.88 15.22 -1 1.000000
68 49 cyclist -1 -1 -1 717 188 744 260 -1 -1 -1 2.99 1.84 16.86 -1 1.000000
68 51 unknown -1 -1 -1 549 205 616 269 -1 -1 -1 -0.40 1.72 14.13 -1 1.000000
68 52 bicycle -1 -1 -1 472 211 563 303 -1 -1 -1 -1.30 1.65 10.62 -1 1.000000
69 43 tracking error -1 -1 -1 228 293 403 370 -1 -1 -1 -1.67 1.53 3.90 -1 1.000000
69 44 bicycle -1 -1 -1 55 203 229 342 -1 -1 -1 -5.84 1.51 8.67 -1 1.000000
69 48 cyclist -1 -1 -1 872 193 900 266 -1 -1 -1 6.09 1.88 15.43 -1 1.000000
69 49 cyclist -1 -1 -1 693 186 719 261 -1 -1 -1 2.30 1.82 16.29 -1 1.000000
69 51 unknown -1 -1 -1 523 206 595 270 -1 -1 -1 -0.86 1.71 13.74 -1 1.000000
69 52 bicycle -1 -1 -1 443 218 538 295 -1 -1 -1 -1.69 1.62 10.05 -1 1.000000
70 48 cyclist -1 -1 -1 853 191 882 261 -1 -1 -1 5.78 1.85 15.67 -1 1.000000
70 49 cyclist -1 -1 -1 667 184 696 270 -1 -1 -1 1.66 1.77 15.68 -1 1.000000
70 51 unknown -1 -1 -1 497 203 574 272 -1 -1 -1 -1.28 1.67 13.42 -1 1.000000
70 52 bicycle -1 -1 -1 412 220 511 299 -1 -1 -1 -2.02 1.60 9.54 -1 1.000000
70 53 tracking error -1 -1 -1 82 177 268 369 -1 -1 -1 -1.84 1.50 3.10 -1 1.000000
71 48 cyclist -1 -1 -1 841 193 870 258 -1 -1 -1 5.53 1.85 15.83 -1 1.000000
71 49 cyclist -1 -1 -1 643 185 674 269 -1 -1 -1 1.07 1.75 14.99 -1 1.000000
71 51 unknown -1 -1 -1 461 210 552 275 -1 -1 -1 -1.70 1.66 13.03 -1 1.000000
71 52 bicycle -1 -1 -1 381 221 485 304 -1 -1 -1 -2.33 1.58 9.08 -1 1.000000
71 53 tracking error -1 -1 -1 0 194 179 370 -1 -1 -1 -2.06 1.49 2.31 -1 1.000000
72 48 cyclist -1 -1 -1 826 191 856 260 -1 -1 -1 5.27 1.84 15.96 -1 1.000000
72 49 cyclist -1 -1 -1 614 183 651 270 -1 -1 -1 0.50 1.71 14.29 -1 1.000000
72 51 unknown -1 -1 -1 437 198 532 280 -1 -1 -1 -2.07 1.63 12.62 -1 1.000000
72 53 tracking error -1 -1 -1 40 292 63 326 -1 -1 -1 -2.23 1.50 1.51 -1 1.000000
72 54 bicycle -1 -1 -1 265 194 397 311 -1 -1 -1 -3.37 1.55 8.60 -1 1.000000
72 55 tracking error -1 -1 -1 372 222 455 290 -1 -1 -1 -2.56 1.59 9.91 -1 1.000000
73 48 cyclist -1 -1 -1 811 188 845 258 -1 -1 -1 5.07 1.74 16.12 -1 1.000000
73 49 cyclist -1 -1 -1 587 182 628 278 -1 -1 -1 0.01 1.68 13.53 -1 1.000000
73 51 unknown -1 -1 -1 411 209 506 284 -1 -1 -1 -2.40 1.65 12.20 -1 1.000000
73 54 bicycle -1 -1 -1 222 206 358 319 -1 -1 -1 -3.56 1.61 8.08 -1 1.000000
73 55 tracking error -1 -1 -1 340 221 428 297 -1 -1 -1 -2.87 1.63 9.45 -1 1.000000
74 48 cyclist -1 -1 -1 802 187 834 260 -1 -1 -1 4.85 1.72 16.26 -1 1.000000
74 49 cyclist -1 -1 -1 559 184 603 287 -1 -1 -1 -0.47 1.67 12.81 -1 1.000000
74 51 unknown -1 -1 -1 380 205 482 288 -1 -1 -1 -2.78 1.66 11.78 -1 1.000000
74 54 bicycle -1 -1 -1 181 225 320 328 -1 -1 -1 -3.76 1.62 7.61 -1 1.000000
74 55 tracking error -1 -1 -1 288 217 398 305 -1 -1 -1 -3.15 1.64 9.03 -1 1.000000
75 48 cyclist -1 -1 -1 795 188 820 260 -1 -1 -1 4.61 1.80 16.31 -1 1.000000
75 49 cyclist -1 -1 -1 534 183 579 287 -1 -1 -1 -0.89 1.72 12.07 -1 1.000000
75 51 unknown -1 -1 -1 358 205 461 293 -1 -1 -1 -3.02 1.71 11.35 -1 1.000000
75 54 bicycle -1 -1 -1 114 218 283 341 -1 -1 -1 -4.08 1.63 7.15 -1 1.000000
75 55 tracking error -1 -1 -1 263 219 370 311 -1 -1 -1 -3.39 1.66 8.59 -1 1.000000
75 56 cyclist -1 -1 -1 579 187 604 229 -1 -1 -1 -0.59 2.12 30.92 -1 1.000000
76 48 cyclist -1 -1 -1 786 189 805 258 -1 -1 -1 4.42 1.78 16.33 -1 1.000000
76 49 cyclist -1 -1 -1 508 186 556 303 -1 -1 -1 -1.20 1.71 11.26 -1 1.000000
76 51 unknown -1 -1 -1 328 200 439 299 -1 -1 -1 -3.24 1.71 10.88 -1 1.000000
76 54 bicycle -1 -1 -1 73 219 240 356 -1 -1 -1 -4.26 1.64 6.67 -1 1.000000
76 55 tracking error -1 -1 -1 188 226 338 333 -1 -1 -1 -3.59 1.66 8.11 -1 1.000000
76 56 cyclist -1 -1 -1 557 185 587 239 -1 -1 -1 -1.24 2.08 30.08 -1 1.000000
77 48 cyclist -1 -1 -1 777 187 798 258 -1 -1 -1 4.26 1.78 16.42 -1 1.000000
77 49 cyclist -1 -1 -1 481 178 537 315 -1 -1 -1 -1.49 1.69 10.49 -1 1.000000
77 51 unknown -1 -1 -1 304 197 392 292 -1 -1 -1 -3.92 1.70 10.39 -1 1.000000
77 54 bicycle -1 -1 -1 28 242 158 369 -1 -1 -1 -4.42 1.63 6.20 -1 1.000000
77 55 tracking error -1 -1 -1 141 242 320 367 -1 -1 -1 -3.70 1.65 7.65 -1 1.000000
77 56 cyclist -1 -1 -1 544 185 574 237 -1 -1 -1 -1.76 2.03 29.55 -1 1.000000
78 49 cyclist -1 -1 -1 454 178 512 312 -1 -1 -1 -1.70 1.69 9.69 -1 1.000000
78 51 unknown -1 -1 -1 280 224 373 307 -1 -1 -1 -4.06 1.71 9.88 -1 1.000000
78 54 bicycle -1 -1 -1 1 243 153 369 -1 -1 -1 -4.10 1.63 5.60 -1 1.000000
78 55 tracking error -1 -1 -1 106 239 276 340 -1 -1 -1 -3.85 1.66 7.18 -1 1.000000
78 56 cyclist -1 -1 -1 534 186 563 235 -1 -1 -1 -2.24 2.02 29.19 -1 1.000000
78 57 cyclist -1 -1 -1 772 185 821 261 -1 -1 -1 4.18 1.74 15.79 -1 1.000000
79 49 cyclist -1 -1 -1 428 177 488 338 -1 -1 -1 -1.87 1.69 8.91 -1 1.000000
79 51 unknown -1 -1 -1 254 223 354 300 -1 -1 -1 -4.21 1.72 9.47 -1 1.000000
79 55 tracking error -1 -1 -1 1 254 256 368 -1 -1 -1 -3.97 1.67 6.71 -1 1.000000
79 57 cyclist -1 -1 -1 765 173 825 267 -1 -1 -1 4.10 1.76 15.60 -1 1.000000
80 49 cyclist -1 -1 -1 396 177 462 340 -1 -1 -1 -2.03 1.68 8.12 -1 1.000000
80 51 unknown -1 -1 -1 223 230 329 304 -1 -1 -1 -4.41 1.72 9.02 -1 1.000000
80 52 bicycle -1 -1 -1 37 236 223 361 -1 -1 -1 -4.08 1.67 6.31 -1 1.000000
80 57 cyclist -1 -1 -1 774 181 812 259 -1 -1 -1 4.13 1.71 15.60 -1 1.000000
81 49 cyclist -1 -1 -1 361 180 429 360 -1 -1 -1 -2.15 1.65 7.30 -1 1.000000
81 51 unknown -1 -1 -1 192 228 304 311 -1 -1 -1 -4.53 1.68 8.53 -1 1.000000
81 52 bicycle -1 -1 -1 60 276 168 369 -1 -1 -1 -4.09 1.64 5.84 -1 1.000000
81 57 cyclist -1 -1 -1 777 177 810 261 -1 -1 -1 3.95 1.65 14.95 -1 1.000000
81 58 bicycle -1 -1 -1 419 212 491 270 -1 -1 -1 -2.73 1.73 13.28 -1 1.000000
82 49 cyclist -1 -1 -1 311 172 410 369 -1 -1 -1 -2.25 1.65 6.53 -1 1.000000
82 51 unknown -1 -1 -1 159 233 276 320 -1 -1 -1 -4.65 1.69 8.07 -1 1.000000
82 52 bicycle -1 -1 -1 19 288 134 369 -1 -1 -1 -3.96 1.65 5.33 -1 1.000000
82 58 bicycle -1 -1 -1 387 207 480 278 -1 -1 -1 -3.03 1.72 12.81 -1 1.000000
83 49 cyclist -1 -1 -1 246 167 356 369 -1 -1 -1 -2.33 1.61 5.70 -1 1.000000
83 51 unknown -1 -1 -1 122 235 234 325 -1 -1 -1 -4.76 1.63 7.59 -1 1.000000
83 52 bicycle -1 -1 -1 15 298 84 370 -1 -1 -1 -4.01 1.64 4.85 -1 1.000000
83 58 bicycle -1 -1 -1 376 214 466 273 -1 -1 -1 -3.24 1.67 12.41 -1 1.000000
83 59 cyclist -1 -1 -1 775 170 810 248 -1 -1 -1 4.37 1.69 16.23 -1 1.000000
84 49 cyclist -1 -1 -1 167 173 332 369 -1 -1 -1 -2.43 1.67 4.93 -1 1.000000
84 51 unknown -1 -1 -1 84 235 184 334 -1 -1 -1 -4.89 1.67 7.13 -1 1.000000
84 58 bicycle -1 -1 -1 353 210 453 282 -1 -1 -1 -3.44 1.63 11.95 -1 1.000000
84 59 cyclist -1 -1 -1 779 174 808 247 -1 -1 -1 4.35 1.54 16.05 -1 1.000000
85 49 cyclist -1 -1 -1 113 198 285 369 -1 -1 -1 -2.45 1.63 4.14 -1 1.000000
85 58 bicycle -1 -1 -1 335 206 441 284 -1 -1 -1 -3.61 1.65 11.47 -1 1.000000
85 59 cyclist -1 -1 -1 778 171 807 245 -1 -1 -1 4.29 1.57 15.91 -1 1.000000
86 49 cyclist -1 -1 -1 1 191 149 369 -1 -1 -1 -2.35 1.61 3.39 -1 1.000000
86 58 bicycle -1 -1 -1 319 197 430 284 -1 -1 -1 -3.71 1.62 11.04 -1 1.000000
86 59 cyclist -1 -1 -1 777 165 818 228 -1 -1 -1 4.31 1.59 15.96 -1 1.000000
87 49 cyclist -1 -1 -1 0 272 80 351 -1 -1 -1 -2.38 1.63 2.56 -1 1.000000
87 58 bicycle -1 -1 -1 298 225 416 290 -1 -1 -1 -3.74 1.68 10.54 -1 1.000000
87 59 cyclist -1 -1 -1 777 168 821 227 -1 -1 -1 4.35 1.57 16.04 -1 1.000000
88 58 bicycle -1 -1 -1 283 228 404 296 -1 -1 -1 -3.73 1.68 10.04 -1 1.000000
88 59 cyclist -1 -1 -1 778 167 808 228 -1 -1 -1 4.35 1.58 15.77 -1 1.000000
88 60 unknown -1 -1 -1 41 252 214 366 -1 -1 -1 -4.13 1.72 6.33 -1 1.000000
