1 0 car -1 -1 -1 407 192 569 309 -1 -1 -1 -1.57 1.73 9.35 -1 1.000000
1 1 cyclist -1 -1 -1 531 172 574 274 -1 -1 -1 -0.99 1.77 14.83 -1 1.000000
2 0 car -1 -1 -1 400 194 559 312 -1 -1 -1 -1.60 1.74 8.96 -1 1.000000
2 1 cyclist -1 -1 -1 532 173 572 274 -1 -1 -1 -1.04 1.75 14.40 -1 1.000000
3 0 car -1 -1 -1 385 195 547 318 -1 -1 -1 -1.65 1.74 8.55 -1 1.000000
3 2 cyclist -1 -1 -1 528 173 571 279 -1 -1 -1 -1.13 1.77 13.99 -1 1.000000
4 0 car -1 -1 -1 373 197 557 330 -1 -1 -1 -1.70 1.75 8.24 -1 1.000000
4 3 stone pillar -1 -1 -1 346 209 373 287 -1 -1 -1 -3.98 1.81 11.42 -1 1.000000
4 4 cyclist -1 -1 -1 527 172 569 273 -1 -1 -1 -1.14 1.77 13.49 -1 1.000000
5 0 car -1 -1 -1 356 198 539 338 -1 -1 -1 -1.75 1.77 7.90 -1 1.000000
5 3 stone pillar -1 -1 -1 331 213 359 288 -1 -1 -1 -4.05 1.85 11.05 -1 1.000000
5 4 cyclist -1 -1 -1 526 176 569 275 -1 -1 -1 -1.14 1.81 12.92 -1 1.000000
6 0 car -1 -1 -1 341 199 536 349 -1 -1 -1 -1.79 1.77 7.56 -1 1.000000
6 3 stone pillar -1 -1 -1 318 215 346 283 -1 -1 -1 -4.13 1.85 10.68 -1 1.000000
6 4 cyclist -1 -1 -1 521 176 568 276 -1 -1 -1 -1.13 1.81 12.38 -1 1.000000
7 0 car -1 -1 -1 318 202 523 355 -1 -1 -1 -1.86 1.76 7.17 -1 1.000000
7 3 stone pillar -1 -1 -1 303 216 333 286 -1 -1 -1 -4.20 1.85 10.30 -1 1.000000
7 5 bicycle -1 -1 -1 523 215 569 286 -1 -1 -1 -1.02 1.81 11.67 -1 1.000000
7 6 person -1 -1 -1 522 173 559 226 -1 -1 -1 -1.21 1.82 11.98 -1 1.000000
8 0 car -1 -1 -1 289 202 514 365 -1 -1 -1 -1.89 1.77 6.79 -1 1.000000
8 3 stone pillar -1 -1 -1 285 216 316 290 -1 -1 -1 -4.28 1.84 9.92 -1 1.000000
8 5 bicycle -1 -1 -1 519 216 568 293 -1 -1 -1 -0.97 1.78 11.08 -1 1.000000
8 6 person -1 -1 -1 516 174 552 224 -1 -1 -1 -1.19 1.79 11.41 -1 1.000000
9 0 car -1 -1 -1 275 204 501 373 -1 -1 -1 -1.99 1.72 6.44 -1 1.000000
9 3 stone pillar -1 -1 -1 268 216 300 293 -1 -1 -1 -4.36 1.77 9.53 -1 1.000000
9 5 bicycle -1 -1 -1 516 224 567 292 -1 -1 -1 -1.00 1.75 10.64 -1 1.000000
9 6 person -1 -1 -1 508 170 547 226 -1 -1 -1 -1.21 1.75 10.92 -1 1.000000
10 0 car -1 -1 -1 251 203 491 374 -1 -1 -1 -2.02 1.74 6.11 -1 1.000000
10 3 stone pillar -1 -1 -1 247 218 279 304 -1 -1 -1 -4.44 1.80 9.13 -1 1.000000
10 4 cyclist -1 -1 -1 502 166 562 300 -1 -1 -1 -1.10 1.75 10.32 -1 1.000000
11 0 car -1 -1 -1 219 196 481 374 -1 -1 -1 -2.06 1.64 5.81 -1 1.000000
11 3 stone pillar -1 -1 -1 224 218 258 304 -1 -1 -1 -4.54 1.67 8.82 -1 1.000000
11 4 cyclist -1 -1 -1 498 168 557 303 -1 -1 -1 -1.13 1.67 9.85 -1 1.000000
12 0 car -1 -1 -1 183 198 467 374 -1 -1 -1 -2.10 1.70 5.49 -1 1.000000
12 4 cyclist -1 -1 -1 499 169 552 306 -1 -1 -1 -1.14 1.69 9.34 -1 1.000000
12 7 car -1 -1 -1 646 170 685 229 -1 -1 -1 1.19 1.66 15.38 -1 1.000000
13 0 car -1 -1 -1 149 198 455 374 -1 -1 -1 -2.12 1.68 5.22 -1 1.000000
13 4 cyclist -1 -1 -1 492 168 552 319 -1 -1 -1 -1.16 1.68 8.88 -1 1.000000
13 7 car -1 -1 -1 642 170 678 236 -1 -1 -1 1.02 1.67 14.98 -1 1.000000
14 0 car -1 -1 -1 118 200 437 373 -1 -1 -1 -2.16 1.72 5.09 -1 1.000000
14 4 cyclist -1 -1 -1 479 168 536 328 -1 -1 -1 -1.21 1.67 8.44 -1 1.000000
14 7 car -1 -1 -1 633 169 672 235 -1 -1 -1 0.83 1.57 14.74 -1 1.000000
15 0 car -1 -1 -1 123 201 420 373 -1 -1 -1 -2.15 1.72 5.08 -1 1.000000
15 4 cyclist -1 -1 -1 469 166 526 338 -1 -1 -1 -1.26 1.68 7.95 -1 1.000000
15 7 car -1 -1 -1 624 172 675 236 -1 -1 -1 0.68 1.60 14.21 -1 1.000000
16 0 car -1 -1 -1 62 210 401 369 -1 -1 -1 -2.20 1.70 5.05 -1 1.000000
16 4 cyclist -1 -1 -1 450 170 512 355 -1 -1 -1 -1.35 1.68 7.49 -1 1.000000
16 7 car -1 -1 -1 612 173 645 239 -1 -1 -1 0.39 1.65 14.10 -1 1.000000
17 0 car -1 -1 -1 60 217 380 375 -1 -1 -1 -2.30 1.70 4.78 -1 1.000000
17 4 cyclist -1 -1 -1 428 167 494 374 -1 -1 -1 -1.42 1.71 7.09 -1 1.000000
17 7 car -1 -1 -1 598 172 643 234 -1 -1 -1 0.13 1.56 13.88 -1 1.000000
18 0 car -1 -1 -1 12 219 357 375 -1 -1 -1 -2.39 1.70 4.52 -1 1.000000
18 4 cyclist -1 -1 -1 405 169 476 374 -1 -1 -1 -1.47 1.73 6.60 -1 1.000000
18 7 car -1 -1 -1 585 173 635 235 -1 -1 -1 -0.08 1.65 13.56 -1 1.000000
18 8 greenery -1 -1 -1 646 161 738 254 -1 -1 -1 1.18 1.62 10.44 -1 1.000000
19 4 cyclist -1 -1 -1 379 167 454 374 -1 -1 -1 -1.56 1.71 6.19 -1 1.000000
19 7 car -1 -1 -1 571 173 611 235 -1 -1 -1 -0.36 1.65 13.34 -1 1.000000
19 8 greenery -1 -1 -1 630 160 727 262 -1 -1 -1 0.97 1.64 10.24 -1 1.000000
20 4 cyclist -1 -1 -1 350 172 431 374 -1 -1 -1 -1.65 1.68 5.74 -1 1.000000
20 7 car -1 -1 -1 559 172 607 236 -1 -1 -1 -0.57 1.66 13.18 -1 1.000000
20 8 greenery -1 -1 -1 616 159 714 259 -1 -1 -1 0.79 1.65 10.05 -1 1.000000
20 9 window -1 -1 -1 173 110 226 177 -1 -1 -1 -11.50 1.82 20.30 -1 1.000000
21 4 cyclist -1 -1 -1 316 168 406 374 -1 -1 -1 -1.71 1.75 5.35 -1 1.000000
21 7 car -1 -1 -1 546 173 589 236 -1 -1 -1 -0.76 1.63 12.97 -1 1.000000
21 8 greenery -1 -1 -1 609 158 707 255 -1 -1 -1 0.64 1.60 9.87 -1 1.000000
21 9 window -1 -1 -1 153 108 207 178 -1 -1 -1 -11.81 2.02 20.09 -1 1.000000
22 4 cyclist -1 -1 -1 278 165 380 374 -1 -1 -1 -1.80 1.72 4.97 -1 1.000000
22 7 car -1 -1 -1 535 174 573 235 -1 -1 -1 -0.99 1.61 12.90 -1 1.000000
22 8 greenery -1 -1 -1 595 157 693 257 -1 -1 -1 0.48 1.61 9.69 -1 1.000000
22 9 window -1 -1 -1 133 104 189 179 -1 -1 -1 -12.09 1.87 19.76 -1 1.000000
23 4 cyclist -1 -1 -1 233 165 359 374 -1 -1 -1 -1.85 1.70 4.58 -1 1.000000
23 7 car -1 -1 -1 523 173 572 236 -1 -1 -1 -1.16 1.63 12.62 -1 1.000000
23 8 greenery -1 -1 -1 585 156 687 271 -1 -1 -1 0.33 1.63 9.52 -1 1.000000
23 9 window -1 -1 -1 115 106 174 177 -1 -1 -1 -12.42 1.78 19.36 -1 1.000000
24 4 cyclist -1 -1 -1 203 164 331 373 -1 -1 -1 -1.88 1.72 4.18 -1 1.000000
24 7 car -1 -1 -1 512 173 555 236 -1 -1 -1 -1.32 1.64 12.42 -1 1.000000
24 8 greenery -1 -1 -1 566 156 683 262 -1 -1 -1 0.20 1.61 9.36 -1 1.000000
24 9 window -1 -1 -1 94 103 154 179 -1 -1 -1 -12.74 1.98 19.11 -1 1.000000
24 10 greenery -1 -1 -1 435 146 461 219 -1 -1 -1 -5.84 1.70 26.04 -1 1.000000
25 4 cyclist -1 -1 -1 164 167 313 374 -1 -1 -1 -1.86 1.74 3.85 -1 1.000000
25 8 greenery -1 -1 -1 554 159 672 302 -1 -1 -1 0.08 1.61 9.22 -1 1.000000
25 9 window -1 -1 -1 73 101 136 179 -1 -1 -1 -12.99 2.03 18.69 -1 1.000000
25 10 greenery -1 -1 -1 424 146 451 221 -1 -1 -1 -6.12 1.71 25.75 -1 1.000000
26 4 cyclist -1 -1 -1 114 164 279 374 -1 -1 -1 -1.92 1.72 3.43 -1 1.000000
26 8 greenery -1 -1 -1 548 158 660 307 -1 -1 -1 -0.06 1.62 9.06 -1 1.000000
26 10 greenery -1 -1 -1 413 146 441 218 -1 -1 -1 -6.54 1.69 25.68 -1 1.000000
27 4 cyclist -1 -1 -1 22 166 240 374 -1 -1 -1 -1.89 1.74 3.07 -1 1.000000
27 8 greenery -1 -1 -1 533 158 656 300 -1 -1 -1 -0.17 1.60 8.90 -1 1.000000
27 10 greenery -1 -1 -1 400 145 428 225 -1 -1 -1 -6.93 1.66 25.56 -1 1.000000
28 4 cyclist -1 -1 -1 55 203 192 362 -1 -1 -1 -1.91 1.74 2.64 -1 1.000000
28 8 greenery -1 -1 -1 527 157 645 315 -1 -1 -1 -0.30 1.63 8.71 -1 1.000000
29 4 cyclist -1 -1 -1 0 216 136 368 -1 -1 -1 -1.90 1.75 2.24 -1 1.000000
29 8 greenery -1 -1 -1 517 156 639 306 -1 -1 -1 -0.39 1.63 8.54 -1 1.000000
29 11 car -1 -1 -1 453 183 530 262 -1 -1 -1 -1.76 1.65 10.22 -1 1.000000
30 8 greenery -1 -1 -1 511 154 636 303 -1 -1 -1 -0.43 1.60 8.39 -1 1.000000
30 11 car -1 -1 -1 445 192 494 260 -1 -1 -1 -2.04 1.63 10.71 -1 1.000000
31 8 greenery -1 -1 -1 495 154 626 303 -1 -1 -1 -0.55 1.61 8.18 -1 1.000000
31 11 car -1 -1 -1 438 186 480 259 -1 -1 -1 -2.28 1.61 10.95 -1 1.000000
32 8 greenery -1 -1 -1 491 155 618 310 -1 -1 -1 -0.58 1.63 8.01 -1 1.000000
32 11 car -1 -1 -1 434 199 483 265 -1 -1 -1 -2.34 1.65 10.90 -1 1.000000
33 8 greenery -1 -1 -1 485 155 618 315 -1 -1 -1 -0.58 1.60 7.84 -1 1.000000
33 11 car -1 -1 -1 431 204 482 264 -1 -1 -1 -2.34 1.65 10.73 -1 1.000000
34 8 greenery -1 -1 -1 490 154 622 291 -1 -1 -1 -0.56 1.61 7.66 -1 1.000000
34 11 car -1 -1 -1 431 203 482 264 -1 -1 -1 -2.32 1.65 10.61 -1 1.000000
35 8 greenery -1 -1 -1 502 154 633 303 -1 -1 -1 -0.50 1.60 7.49 -1 1.000000
35 11 car -1 -1 -1 433 196 471 264 -1 -1 -1 -2.33 1.65 10.58 -1 1.000000
36 8 greenery -1 -1 -1 510 153 636 302 -1 -1 -1 -0.42 1.60 7.32 -1 1.000000
36 11 car -1 -1 -1 437 196 477 265 -1 -1 -1 -2.25 1.63 10.47 -1 1.000000
37 8 greenery -1 -1 -1 510 152 639 307 -1 -1 -1 -0.35 1.62 7.18 -1 1.000000
37 11 car -1 -1 -1 443 200 512 264 -1 -1 -1 -2.05 1.65 10.09 -1 1.000000
37 12 stone pillar -1 -1 -1 204 140 259 238 -1 -1 -1 -12.03 1.86 22.98 -1 1.000000
38 8 greenery -1 -1 -1 510 150 651 318 -1 -1 -1 -0.27 1.59 7.06 -1 1.000000
38 11 car -1 -1 -1 449 195 503 268 -1 -1 -1 -1.91 1.60 9.99 -1 1.000000
38 12 stone pillar -1 -1 -1 221 143 270 238 -1 -1 -1 -11.77 1.69 23.21 -1 1.000000
39 12 stone pillar -1 -1 -1 234 143 283 241 -1 -1 -1 -11.36 1.93 22.94 -1 1.000000
39 13 car -1 -1 -1 460 181 549 289 -1 -1 -1 -1.06 1.58 7.86 -1 1.000000
40 12 stone pillar -1 -1 -1 247 144 289 242 -1 -1 -1 -10.79 1.95 22.68 -1 1.000000
40 13 car -1 -1 -1 472 197 559 284 -1 -1 -1 -0.91 1.64 7.64 -1 1.000000
41 12 stone pillar -1 -1 -1 256 142 304 239 -1 -1 -1 -10.68 1.96 23.23 -1 1.000000
41 13 car -1 -1 -1 483 183 571 291 -1 -1 -1 -0.74 1.63 7.54 -1 1.000000
42 12 stone pillar -1 -1 -1 269 144 319 241 -1 -1 -1 -10.24 1.97 23.29 -1 1.000000
42 13 car -1 -1 -1 488 142 587 297 -1 -1 -1 -0.61 1.62 7.52 -1 1.000000
43 12 stone pillar -1 -1 -1 288 146 332 239 -1 -1 -1 -9.62 2.02 23.14 -1 1.000000
43 13 car -1 -1 -1 510 181 590 280 -1 -1 -1 -0.44 1.60 7.31 -1 1.000000
44 12 stone pillar -1 -1 -1 299 147 349 240 -1 -1 -1 -9.10 1.99 23.11 -1 1.000000
44 13 car -1 -1 -1 525 179 610 284 -1 -1 -1 -0.27 1.59 7.19 -1 1.000000
45 12 stone pillar -1 -1 -1 305 147 364 241 -1 -1 -1 -8.43 2.04 22.87 -1 1.000000
45 13 car -1 -1 -1 541 181 628 287 -1 -1 -1 -0.09 1.54 7.01 -1 1.000000
46 12 stone pillar -1 -1 -1 336 145 379 240 -1 -1 -1 -7.96 2.05 22.86 -1 1.000000
46 13 car -1 -1 -1 557 178 640 285 -1 -1 -1 0.04 1.60 6.86 -1 1.000000
47 12 stone pillar -1 -1 -1 348 146 395 240 -1 -1 -1 -7.43 1.96 22.75 -1 1.000000
47 13 car -1 -1 -1 572 180 657 286 -1 -1 -1 0.16 1.66 6.74 -1 1.000000
48 12 stone pillar -1 -1 -1 367 147 411 242 -1 -1 -1 -6.63 2.19 22.14 -1 1.000000
48 13 car -1 -1 -1 588 184 683 293 -1 -1 -1 0.37 1.48 6.62 -1 1.000000
48 14 greenery -1 -1 -1 648 150 837 374 -1 -1 -1 1.19 1.40 5.64 -1 1.000000
49 12 stone pillar -1 -1 -1 384 147 430 243 -1 -1 -1 -6.06 2.05 21.94 -1 1.000000
49 13 car -1 -1 -1 606 200 702 295 -1 -1 -1 0.49 1.71 6.50 -1 1.000000
49 14 greenery -1 -1 -1 682 151 867 374 -1 -1 -1 1.33 1.68 5.43 -1 1.000000
50 12 stone pillar -1 -1 -1 405 146 448 243 -1 -1 -1 -5.63 2.02 21.87 -1 1.000000
50 13 car -1 -1 -1 624 211 726 297 -1 -1 -1 0.67 1.72 6.32 -1 1.000000
50 14 greenery -1 -1 -1 709 154 900 374 -1 -1 -1 1.46 1.67 5.23 -1 1.000000
51 8 greenery -1 -1 -1 725 153 936 374 -1 -1 -1 1.62 1.67 5.00 -1 1.000000
51 12 stone pillar -1 -1 -1 428 154 463 235 -1 -1 -1 -4.94 2.04 21.64 -1 1.000000
52 12 stone pillar -1 -1 -1 449 150 486 229 -1 -1 -1 -4.28 1.95 21.62 -1 1.000000
52 14 greenery -1 -1 -1 755 151 976 374 -1 -1 -1 1.82 1.59 4.77 -1 1.000000
52 15 window -1 -1 -1 215 106 286 191 -1 -1 -1 -8.27 2.38 16.96 -1 1.000000
53 12 stone pillar -1 -1 -1 469 149 508 228 -1 -1 -1 -3.63 2.01 21.46 -1 1.000000
53 15 window -1 -1 -1 231 105 307 191 -1 -1 -1 -7.72 2.09 16.75 -1 1.000000
54 12 stone pillar -1 -1 -1 490 150 534 236 -1 -1 -1 -3.02 1.93 21.68 -1 1.000000
54 15 window -1 -1 -1 258 106 328 191 -1 -1 -1 -7.22 2.05 16.72 -1 1.000000
55 12 stone pillar -1 -1 -1 507 145 556 239 -1 -1 -1 -2.36 1.88 21.72 -1 1.000000
55 15 window -1 -1 -1 281 105 351 191 -1 -1 -1 -6.70 2.02 16.70 -1 1.000000
56 12 stone pillar -1 -1 -1 524 146 571 240 -1 -1 -1 -1.78 1.90 21.62 -1 1.000000
56 15 window -1 -1 -1 307 99 371 179 -1 -1 -1 -6.25 1.95 16.69 -1 1.000000
57 12 stone pillar -1 -1 -1 543 143 591 238 -1 -1 -1 -1.21 1.78 21.60 -1 1.000000
57 15 window -1 -1 -1 327 97 391 179 -1 -1 -1 -5.77 1.91 16.68 -1 1.000000
57 16 car -1 -1 -1 762 181 820 247 -1 -1 -1 3.67 1.62 15.74 -1 1.000000
58 12 stone pillar -1 -1 -1 540 141 613 237 -1 -1 -1 -0.93 1.77 21.97 -1 1.000000
58 15 window -1 -1 -1 340 97 412 179 -1 -1 -1 -5.24 1.89 16.60 -1 1.000000
58 16 car -1 -1 -1 791 182 853 248 -1 -1 -1 4.12 1.61 15.29 -1 1.000000
59 12 stone pillar -1 -1 -1 582 141 635 237 -1 -1 -1 0.06 1.70 21.44 -1 1.000000
59 15 window -1 -1 -1 365 94 431 179 -1 -1 -1 -4.77 1.86 16.48 -1 1.000000
59 16 car -1 -1 -1 811 183 866 246 -1 -1 -1 4.58 1.56 14.93 -1 1.000000
60 12 stone pillar -1 -1 -1 596 140 651 238 -1 -1 -1 0.56 1.68 21.27 -1 1.000000
60 15 window -1 -1 -1 383 95 448 179 -1 -1 -1 -4.30 1.88 16.29 -1 1.000000
60 16 car -1 -1 -1 838 182 907 249 -1 -1 -1 5.01 1.54 14.60 -1 1.000000
61 12 stone pillar -1 -1 -1 596 141 670 240 -1 -1 -1 0.92 1.79 21.23 -1 1.000000
61 15 window -1 -1 -1 400 94 467 179 -1 -1 -1 -3.89 1.87 16.10 -1 1.000000
61 16 car -1 -1 -1 863 178 932 250 -1 -1 -1 5.34 1.63 14.12 -1 1.000000
62 12 stone pillar -1 -1 -1 611 141 687 240 -1 -1 -1 1.35 1.80 21.23 -1 1.000000
62 15 window -1 -1 -1 408 94 482 179 -1 -1 -1 -3.52 1.86 16.00 -1 1.000000
62 16 car -1 -1 -1 886 182 1000 262 -1 -1 -1 5.68 1.67 13.69 -1 1.000000
63 12 stone pillar -1 -1 -1 624 140 702 240 -1 -1 -1 1.71 1.73 20.86 -1 1.000000
63 15 window -1 -1 -1 427 93 497 179 -1 -1 -1 -3.20 1.82 15.92 -1 1.000000
63 16 car -1 -1 -1 907 187 983 259 -1 -1 -1 5.99 1.63 13.48 -1 1.000000
64 12 stone pillar -1 -1 -1 669 140 717 243 -1 -1 -1 2.38 1.80 20.16 -1 1.000000
64 15 window -1 -1 -1 441 93 509 179 -1 -1 -1 -2.88 1.86 15.77 -1 1.000000
64 16 car -1 -1 -1 922 169 1000 260 -1 -1 -1 6.25 1.65 13.12 -1 1.000000
65 12 stone pillar -1 -1 -1 679 139 732 242 -1 -1 -1 2.77 1.67 20.03 -1 1.000000
65 15 window -1 -1 -1 454 91 522 179 -1 -1 -1 -2.60 1.77 15.52 -1 1.000000
65 16 car -1 -1 -1 952 178 1043 261 -1 -1 -1 6.47 1.61 12.72 -1 1.000000
66 12 stone pillar -1 -1 -1 699 140 747 248 -1 -1 -1 3.05 1.67 19.76 -1 1.000000
66 15 window -1 -1 -1 459 90 531 179 -1 -1 -1 -2.38 1.78 15.36 -1 1.000000
66 16 car -1 -1 -1 973 169 1067 256 -1 -1 -1 6.66 1.61 12.37 -1 1.000000
67 12 stone pillar -1 -1 -1 698 138 751 255 -1 -1 -1 3.17 1.68 19.48 -1 1.000000
67 15 window -1 -1 -1 469 86 537 168 -1 -1 -1 -2.23 1.75 15.25 -1 1.000000
67 17 car -1 -1 -1 1035 183 1189 288 -1 -1 -1 6.22 1.65 9.72 -1 1.000000
67 18 car -1 -1 -1 984 203 1055 264 -1 -1 -1 6.61 1.64 11.81 -1 1.000000
67 19 wall -1 -1 -1 46 220 154 297 -1 -1 -1 -7.84 1.81 11.13 -1 1.000000
68 12 stone pillar -1 -1 -1 711 139 766 246 -1 -1 -1 3.48 1.71 19.41 -1 1.000000
68 15 window -1 -1 -1 477 83 544 173 -1 -1 -1 -2.06 1.76 15.05 -1 1.000000
68 17 car -1 -1 -1 1053 190 1173 295 -1 -1 -1 6.34 1.66 9.32 -1 1.000000
68 19 wall -1 -1 -1 46 220 151 298 -1 -1 -1 -7.91 1.80 11.13 -1 1.000000
68 20 car -1 -1 -1 1002 186 1107 269 -1 -1 -1 6.83 1.66 11.55 -1 1.000000
69 12 stone pillar -1 -1 -1 712 138 768 255 -1 -1 -1 3.61 1.73 19.30 -1 1.000000
69 15 window -1 -1 -1 481 82 550 173 -1 -1 -1 -1.93 1.77 14.82 -1 1.000000
69 17 car -1 -1 -1 1071 185 1240 304 -1 -1 -1 6.50 1.64 9.00 -1 1.000000
69 19 wall -1 -1 -1 39 221 148 299 -1 -1 -1 -7.77 1.83 10.87 -1 1.000000
69 20 car -1 -1 -1 1016 184 1125 269 -1 -1 -1 6.92 1.65 11.35 -1 1.000000
70 17 car -1 -1 -1 1086 188 1240 308 -1 -1 -1 6.67 1.67 8.89 -1 1.000000
70 19 wall -1 -1 -1 45 220 153 298 -1 -1 -1 -7.55 1.74 10.73 -1 1.000000
70 20 car -1 -1 -1 1031 180 1161 273 -1 -1 -1 7.11 1.67 11.26 -1 1.000000
70 21 stone pillar -1 -1 -1 689 127 778 241 -1 -1 -1 3.34 1.69 19.50 -1 1.000000
71 17 car -1 -1 -1 1109 188 1240 308 -1 -1 -1 6.65 1.63 8.49 -1 1.000000
71 19 wall -1 -1 -1 44 219 155 298 -1 -1 -1 -7.45 1.80 10.57 -1 1.000000
71 20 car -1 -1 -1 1050 180 1177 276 -1 -1 -1 7.18 1.63 10.89 -1 1.000000
71 21 stone pillar -1 -1 -1 696 135 786 244 -1 -1 -1 3.56 1.69 19.44 -1 1.000000
72 17 car -1 -1 -1 1135 193 1241 319 -1 -1 -1 6.76 1.65 8.37 -1 1.000000
72 19 wall -1 -1 -1 45 220 158 300 -1 -1 -1 -7.31 1.79 10.45 -1 1.000000
72 20 car -1 -1 -1 1069 172 1203 279 -1 -1 -1 7.36 1.63 10.67 -1 1.000000
72 21 stone pillar -1 -1 -1 707 134 797 255 -1 -1 -1 3.77 1.64 19.16 -1 1.000000
73 17 car -1 -1 -1 1164 192 1241 319 -1 -1 -1 6.81 1.63 8.24 -1 1.000000
73 19 wall -1 -1 -1 45 219 159 300 -1 -1 -1 -7.27 1.73 10.38 -1 1.000000
73 20 car -1 -1 -1 1087 190 1196 282 -1 -1 -1 7.51 1.63 10.34 -1 1.000000
73 21 stone pillar -1 -1 -1 706 120 805 239 -1 -1 -1 3.79 1.66 19.01 -1 1.000000
74 17 car -1 -1 -1 1194 226 1241 316 -1 -1 -1 7.01 1.63 8.24 -1 1.000000
74 19 wall -1 -1 -1 46 219 161 301 -1 -1 -1 -7.12 1.69 10.26 -1 1.000000
74 20 car -1 -1 -1 1117 182 1240 289 -1 -1 -1 7.68 1.62 9.97 -1 1.000000
74 21 stone pillar -1 -1 -1 726 131 820 245 -1 -1 -1 4.12 1.54 18.73 -1 1.000000
75 19 wall -1 -1 -1 50 218 161 302 -1 -1 -1 -6.79 1.67 9.97 -1 1.000000
75 20 car -1 -1 -1 1137 189 1241 283 -1 -1 -1 7.78 1.64 9.70 -1 1.000000
75 21 stone pillar -1 -1 -1 738 129 834 255 -1 -1 -1 4.53 1.59 18.03 -1 1.000000
76 19 wall -1 -1 -1 62 218 177 303 -1 -1 -1 -6.73 1.57 9.98 -1 1.000000
76 20 car -1 -1 -1 1167 193 1241 292 -1 -1 -1 7.98 1.76 9.71 -1 1.000000
76 21 stone pillar -1 -1 -1 755 120 851 247 -1 -1 -1 4.81 1.55 17.83 -1 1.000000
77 19 wall -1 -1 -1 66 218 179 304 -1 -1 -1 -6.42 1.64 9.77 -1 1.000000
77 20 car -1 -1 -1 1207 206 1240 265 -1 -1 -1 8.16 1.68 9.66 -1 1.000000
77 21 stone pillar -1 -1 -1 760 117 873 247 -1 -1 -1 5.08 1.55 17.85 -1 1.000000
78 21 stone pillar -1 -1 -1 779 116 889 248 -1 -1 -1 5.40 1.54 17.68 -1 1.000000
78 22 window -1 -1 -1 561 64 637 175 -1 -1 -1 -0.24 1.60 13.19 -1 1.000000
79 21 stone pillar -1 -1 -1 798 112 911 253 -1 -1 -1 5.68 1.49 17.20 -1 1.000000
79 22 window -1 -1 -1 576 63 654 175 -1 -1 -1 -0.04 1.49 12.93 -1 1.000000
79 23 wall -1 -1 -1 216 216 297 277 -1 -1 -1 -5.14 1.45 10.46 -1 1.000000
80 21 stone pillar -1 -1 -1 822 115 929 270 -1 -1 -1 6.11 1.55 16.80 -1 1.000000
80 22 window -1 -1 -1 591 61 671 175 -1 -1 -1 0.30 1.58 12.76 -1 1.000000
81 22 window -1 -1 -1 608 59 688 175 -1 -1 -1 0.53 1.48 12.52 -1 1.000000
82 22 window -1 -1 -1 622 58 707 175 -1 -1 -1 0.87 1.53 12.35 -1 1.000000
