1 0 van -1 -1 -1 567 159 632 223 -1 -1 -1 0.02 1.36 22.35 -1 1.000000
2 0 van -1 -1 -1 568 161 632 222 -1 -1 -1 0.05 1.30 22.41 -1 1.000000
3 0 van -1 -1 -1 567 162 632 223 -1 -1 -1 0.06 1.35 22.47 -1 1.000000
4 0 van -1 -1 -1 573 162 632 222 -1 -1 -1 0.07 1.35 22.50 -1 1.000000
5 0 van -1 -1 -1 572 161 633 221 -1 -1 -1 0.10 1.35 22.53 -1 1.000000
6 0 van -1 -1 -1 569 160 633 221 -1 -1 -1 0.07 1.33 22.54 -1 1.000000
7 0 van -1 -1 -1 574 159 633 220 -1 -1 -1 0.12 1.30 22.52 -1 1.000000
8 0 van -1 -1 -1 571 160 635 222 -1 -1 -1 0.10 1.37 22.44 -1 1.000000
8 1 fence -1 -1 -1 855 175 1003 257 -1 -1 -1 6.28 1.36 13.85 -1 1.000000
9 0 van -1 -1 -1 574 162 636 223 -1 -1 -1 0.11 1.38 22.40 -1 1.000000
9 1 fence -1 -1 -1 873 174 1078 278 -1 -1 -1 6.29 1.44 12.35 -1 1.000000
10 0 van -1 -1 -1 574 162 636 224 -1 -1 -1 0.12 1.40 22.41 -1 1.000000
11 0 van -1 -1 -1 573 162 636 224 -1 -1 -1 0.12 1.42 22.34 -1 1.000000
12 0 van -1 -1 -1 577 162 636 222 -1 -1 -1 0.14 1.41 22.36 -1 1.000000
12 2 car -1 -1 -1 426 175 477 205 -1 -1 -1 -8.89 1.21 40.51 -1 1.000000
13 0 van -1 -1 -1 577 159 636 221 -1 -1 -1 0.13 1.36 22.36 -1 1.000000
13 2 car -1 -1 -1 411 177 466 205 -1 -1 -1 -8.89 1.16 37.71 -1 1.000000
14 0 van -1 -1 -1 574 158 637 220 -1 -1 -1 0.14 1.29 22.37 -1 1.000000
14 2 car -1 -1 -1 390 177 450 208 -1 -1 -1 -9.02 1.12 35.18 -1 1.000000
15 0 van -1 -1 -1 574 159 638 222 -1 -1 -1 0.13 1.34 22.31 -1 1.000000
15 2 car -1 -1 -1 374 180 436 215 -1 -1 -1 -8.87 1.26 31.78 -1 1.000000
16 0 van -1 -1 -1 579 161 637 221 -1 -1 -1 0.15 1.42 22.34 -1 1.000000
16 2 car -1 -1 -1 349 184 419 222 -1 -1 -1 -8.90 1.47 28.77 -1 1.000000
17 0 van -1 -1 -1 578 161 639 224 -1 -1 -1 0.19 1.49 22.31 -1 1.000000
17 2 car -1 -1 -1 318 186 400 230 -1 -1 -1 -8.84 1.50 25.73 -1 1.000000
18 0 van -1 -1 -1 577 160 637 222 -1 -1 -1 0.18 1.35 22.24 -1 1.000000
18 2 car -1 -1 -1 276 185 376 236 -1 -1 -1 -8.89 1.48 22.83 -1 1.000000
19 0 van -1 -1 -1 566 158 643 222 -1 -1 -1 0.18 1.27 22.12 -1 1.000000
19 2 car -1 -1 -1 223 177 348 244 -1 -1 -1 -9.00 1.42 20.00 -1 1.000000
20 0 van -1 -1 -1 563 157 639 221 -1 -1 -1 0.20 1.23 22.08 -1 1.000000
20 2 car -1 -1 -1 146 187 307 257 -1 -1 -1 -8.89 1.53 17.04 -1 1.000000
21 0 van -1 -1 -1 579 154 637 221 -1 -1 -1 0.23 1.36 22.02 -1 1.000000
21 2 car -1 -1 -1 53 187 259 279 -1 -1 -1 -8.78 1.55 14.31 -1 1.000000
22 0 van -1 -1 -1 579 158 637 222 -1 -1 -1 0.20 1.31 22.00 -1 1.000000
22 2 car -1 -1 -1 1 199 183 313 -1 -1 -1 -8.54 1.49 11.95 -1 1.000000
23 0 van -1 -1 -1 577 160 637 224 -1 -1 -1 0.19 1.37 21.92 -1 1.000000
23 2 car -1 -1 -1 1 224 65 311 -1 -1 -1 -8.40 1.53 10.27 -1 1.000000
24 0 van -1 -1 -1 576 160 637 224 -1 -1 -1 0.16 1.44 21.76 -1 1.000000
25 0 van -1 -1 -1 576 162 637 226 -1 -1 -1 0.16 1.45 21.66 -1 1.000000
26 0 van -1 -1 -1 574 162 636 226 -1 -1 -1 0.15 1.41 21.56 -1 1.000000
27 0 van -1 -1 -1 575 160 637 226 -1 -1 -1 0.14 1.38 21.46 -1 1.000000
28 0 van -1 -1 -1 575 159 637 224 -1 -1 -1 0.13 1.38 21.36 -1 1.000000
29 0 van -1 -1 -1 574 160 638 225 -1 -1 -1 0.15 1.36 21.32 -1 1.000000
30 0 van -1 -1 -1 574 160 639 226 -1 -1 -1 0.12 1.42 21.25 -1 1.000000
31 0 van -1 -1 -1 573 159 640 225 -1 -1 -1 0.12 1.40 21.21 -1 1.000000
32 0 van -1 -1 -1 572 159 639 226 -1 -1 -1 0.12 1.37 21.14 -1 1.000000
33 0 van -1 -1 -1 571 159 638 226 -1 -1 -1 0.10 1.35 21.10 -1 1.000000
34 0 van -1 -1 -1 572 159 637 227 -1 -1 -1 0.10 1.39 21.07 -1 1.000000
35 0 van -1 -1 -1 570 159 639 227 -1 -1 -1 0.10 1.38 21.07 -1 1.000000
36 0 van -1 -1 -1 573 159 637 225 -1 -1 -1 0.14 1.34 21.03 -1 1.000000
37 0 van -1 -1 -1 572 159 638 226 -1 -1 -1 0.16 1.36 21.01 -1 1.000000
38 0 van -1 -1 -1 577 159 638 226 -1 -1 -1 0.18 1.31 20.98 -1 1.000000
39 0 van -1 -1 -1 576 158 638 225 -1 -1 -1 0.18 1.33 20.93 -1 1.000000
40 0 van -1 -1 -1 576 158 640 225 -1 -1 -1 0.23 1.31 20.82 -1 1.000000
41 0 van -1 -1 -1 576 158 640 226 -1 -1 -1 0.26 1.33 20.68 -1 1.000000
42 0 van -1 -1 -1 576 157 643 227 -1 -1 -1 0.28 1.30 20.66 -1 1.000000
43 0 van -1 -1 -1 576 158 643 226 -1 -1 -1 0.27 1.32 20.59 -1 1.000000
44 0 van -1 -1 -1 577 157 643 225 -1 -1 -1 0.24 1.29 20.49 -1 1.000000
45 0 van -1 -1 -1 576 156 641 223 -1 -1 -1 0.22 1.28 20.29 -1 1.000000
46 0 van -1 -1 -1 574 155 640 225 -1 -1 -1 0.24 1.31 20.27 -1 1.000000
47 0 van -1 -1 -1 573 155 640 229 -1 -1 -1 0.21 1.30 20.25 -1 1.000000
48 0 van -1 -1 -1 574 154 643 227 -1 -1 -1 0.16 1.33 20.20 -1 1.000000
49 0 van -1 -1 -1 572 155 638 227 -1 -1 -1 0.13 1.33 20.18 -1 1.000000
50 0 van -1 -1 -1 569 156 638 226 -1 -1 -1 0.12 1.33 20.11 -1 1.000000
51 0 van -1 -1 -1 568 155 637 226 -1 -1 -1 0.08 1.30 20.12 -1 1.000000
52 0 van -1 -1 -1 569 155 637 225 -1 -1 -1 0.08 1.28 20.16 -1 1.000000
53 0 van -1 -1 -1 568 155 635 226 -1 -1 -1 0.03 1.30 20.06 -1 1.000000
54 0 van -1 -1 -1 569 155 636 227 -1 -1 -1 0.05 1.29 20.05 -1 1.000000
55 0 van -1 -1 -1 566 156 636 236 -1 -1 -1 0.02 1.31 20.01 -1 1.000000
56 0 van -1 -1 -1 568 156 636 227 -1 -1 -1 0.02 1.29 20.02 -1 1.000000
57 0 van -1 -1 -1 567 156 636 228 -1 -1 -1 -0.00 1.31 20.02 -1 1.000000
58 0 van -1 -1 -1 567 156 635 228 -1 -1 -1 -0.04 1.32 20.06 -1 1.000000
59 0 van -1 -1 -1 567 157 634 226 -1 -1 -1 -0.03 1.34 20.08 -1 1.000000
60 0 van -1 -1 -1 567 157 634 228 -1 -1 -1 -0.06 1.32 20.07 -1 1.000000
61 0 van -1 -1 -1 568 158 634 228 -1 -1 -1 -0.05 1.40 20.01 -1 1.000000
62 0 van -1 -1 -1 568 157 636 227 -1 -1 -1 -0.04 1.31 20.09 -1 1.000000
63 0 van -1 -1 -1 568 156 636 227 -1 -1 -1 -0.02 1.32 20.08 -1 1.000000
64 0 van -1 -1 -1 567 156 635 226 -1 -1 -1 -0.00 1.33 20.08 -1 1.000000
65 0 van -1 -1 -1 569 155 635 225 -1 -1 -1 -0.00 1.30 20.06 -1 1.000000
66 0 van -1 -1 -1 569 155 636 225 -1 -1 -1 0.01 1.30 20.12 -1 1.000000
67 0 van -1 -1 -1 569 156 636 226 -1 -1 -1 0.06 1.29 20.15 -1 1.000000
68 0 van -1 -1 -1 569 156 637 226 -1 -1 -1 0.04 1.35 20.13 -1 1.000000
69 0 van -1 -1 -1 569 155 636 226 -1 -1 -1 0.03 1.30 20.16 -1 1.000000
70 0 van -1 -1 -1 569 155 636 226 -1 -1 -1 0.05 1.33 20.17 -1 1.000000
71 0 van -1 -1 -1 568 156 636 226 -1 -1 -1 0.03 1.31 20.23 -1 1.000000
72 0 van -1 -1 -1 569 157 635 226 -1 -1 -1 0.03 1.30 20.27 -1 1.000000
73 0 van -1 -1 -1 569 156 635 224 -1 -1 -1 0.02 1.26 20.34 -1 1.000000
74 0 van -1 -1 -1 570 155 635 223 -1 -1 -1 0.02 1.27 20.47 -1 1.000000
75 0 van -1 -1 -1 569 156 635 224 -1 -1 -1 0.04 1.28 20.56 -1 1.000000
76 0 van -1 -1 -1 570 158 635 227 -1 -1 -1 0.02 1.30 20.70 -1 1.000000
77 0 van -1 -1 -1 572 159 635 228 -1 -1 -1 0.04 1.36 20.73 -1 1.000000
78 0 van -1 -1 -1 570 158 635 227 -1 -1 -1 0.04 1.33 20.85 -1 1.000000
79 0 van -1 -1 -1 570 156 634 225 -1 -1 -1 0.05 1.28 20.97 -1 1.000000
80 0 van -1 -1 -1 569 156 633 223 -1 -1 -1 0.01 1.27 21.06 -1 1.000000
81 0 van -1 -1 -1 569 158 633 224 -1 -1 -1 0.02 1.30 21.15 -1 1.000000
82 0 van -1 -1 -1 569 159 632 228 -1 -1 -1 -0.00 1.35 21.15 -1 1.000000
83 0 van -1 -1 -1 568 160 631 236 -1 -1 -1 -0.06 1.38 21.20 -1 1.000000
84 0 van -1 -1 -1 568 159 630 229 -1 -1 -1 -0.10 1.39 21.33 -1 1.000000
85 0 van -1 -1 -1 564 160 630 225 -1 -1 -1 -0.04 1.37 21.33 -1 1.000000
86 0 van -1 -1 -1 568 156 630 223 -1 -1 -1 -0.09 1.33 21.36 -1 1.000000
87 0 van -1 -1 -1 567 157 627 223 -1 -1 -1 -0.15 1.32 21.38 -1 1.000000
88 0 van -1 -1 -1 567 158 626 224 -1 -1 -1 -0.19 1.29 21.44 -1 1.000000
89 0 van -1 -1 -1 563 159 625 224 -1 -1 -1 -0.28 1.32 21.64 -1 1.000000
90 0 van -1 -1 -1 562 158 623 225 -1 -1 -1 -0.31 1.32 21.69 -1 1.000000
91 0 van -1 -1 -1 561 159 621 224 -1 -1 -1 -0.33 1.32 21.87 -1 1.000000
92 0 van -1 -1 -1 561 159 624 224 -1 -1 -1 -0.37 1.34 22.01 -1 1.000000
93 0 van -1 -1 -1 561 159 620 225 -1 -1 -1 -0.42 1.33 22.13 -1 1.000000
94 0 van -1 -1 -1 560 159 619 223 -1 -1 -1 -0.48 1.31 22.26 -1 1.000000
94 3 car -1 -1 -1 440 174 491 205 -1 -1 -1 -7.21 1.09 36.07 -1 1.000000
95 0 van -1 -1 -1 559 159 618 222 -1 -1 -1 -0.49 1.31 22.34 -1 1.000000
95 3 car -1 -1 -1 422 175 480 207 -1 -1 -1 -7.09 1.23 32.68 -1 1.000000
96 0 van -1 -1 -1 560 158 617 221 -1 -1 -1 -0.50 1.28 22.46 -1 1.000000
96 3 car -1 -1 -1 407 174 466 210 -1 -1 -1 -7.00 1.18 29.46 -1 1.000000
97 0 van -1 -1 -1 560 158 617 221 -1 -1 -1 -0.48 1.33 22.54 -1 1.000000
97 3 car -1 -1 -1 384 178 451 217 -1 -1 -1 -6.89 1.34 26.38 -1 1.000000
98 0 van -1 -1 -1 560 155 617 221 -1 -1 -1 -0.47 1.31 22.50 -1 1.000000
98 3 car -1 -1 -1 354 179 433 222 -1 -1 -1 -6.80 1.41 23.39 -1 1.000000
99 0 van -1 -1 -1 561 153 617 225 -1 -1 -1 -0.47 1.29 22.57 -1 1.000000
99 3 car -1 -1 -1 314 181 413 235 -1 -1 -1 -6.71 1.31 20.14 -1 1.000000
100 0 van -1 -1 -1 561 153 618 225 -1 -1 -1 -0.48 1.27 22.77 -1 1.000000
100 3 car -1 -1 -1 258 180 382 246 -1 -1 -1 -6.64 1.36 16.94 -1 1.000000
101 0 van -1 -1 -1 560 152 619 225 -1 -1 -1 -0.48 1.24 22.92 -1 1.000000
101 3 car -1 -1 -1 174 185 345 269 -1 -1 -1 -6.47 1.43 13.67 -1 1.000000
102 0 van -1 -1 -1 560 151 619 225 -1 -1 -1 -0.45 1.24 23.08 -1 1.000000
102 3 car -1 -1 -1 25 185 324 297 -1 -1 -1 -6.38 1.50 11.08 -1 1.000000
103 0 van -1 -1 -1 560 151 621 218 -1 -1 -1 -0.37 1.25 23.23 -1 1.000000
103 3 car -1 -1 -1 1 201 187 369 -1 -1 -1 -6.09 1.56 9.02 -1 1.000000
104 0 van -1 -1 -1 564 152 621 220 -1 -1 -1 -0.34 1.21 23.41 -1 1.000000
104 3 car -1 -1 -1 0 214 117 349 -1 -1 -1 -5.93 1.59 7.31 -1 1.000000
105 0 van -1 -1 -1 563 153 622 225 -1 -1 -1 -0.36 1.28 23.52 -1 1.000000
105 3 car -1 -1 -1 0 291 10 323 -1 -1 -1 -5.78 1.61 5.59 -1 1.000000
105 4 fence -1 -1 -1 239 144 502 215 -1 -1 -1 -14.72 1.26 37.49 -1 1.000000
106 0 van -1 -1 -1 565 156 623 219 -1 -1 -1 -0.29 1.29 23.67 -1 1.000000
106 4 fence -1 -1 -1 225 147 496 217 -1 -1 -1 -14.68 1.17 36.21 -1 1.000000
106 5 building -1 -1 -1 681 118 744 197 -1 -1 -1 4.39 1.19 27.83 -1 1.000000
107 0 van -1 -1 -1 565 156 624 219 -1 -1 -1 -0.24 1.30 23.76 -1 1.000000
107 4 fence -1 -1 -1 213 154 502 216 -1 -1 -1 -14.55 1.26 34.95 -1 1.000000
108 0 van -1 -1 -1 568 153 624 218 -1 -1 -1 -0.25 1.29 23.96 -1 1.000000
108 4 fence -1 -1 -1 182 154 476 219 -1 -1 -1 -14.65 1.39 33.66 -1 1.000000
108 5 building -1 -1 -1 688 111 751 223 -1 -1 -1 4.40 1.18 25.16 -1 1.000000
109 0 van -1 -1 -1 572 151 626 225 -1 -1 -1 -0.20 1.28 24.13 -1 1.000000
109 5 building -1 -1 -1 694 104 774 223 -1 -1 -1 4.48 1.17 23.62 -1 1.000000
109 6 window -1 -1 -1 792 105 868 164 -1 -1 -1 6.79 1.16 20.42 -1 1.000000
110 0 van -1 -1 -1 572 154 627 225 -1 -1 -1 -0.15 1.29 24.11 -1 1.000000
110 5 building -1 -1 -1 696 102 789 223 -1 -1 -1 4.52 1.18 22.14 -1 1.000000
110 6 window -1 -1 -1 806 103 889 164 -1 -1 -1 6.84 1.18 18.94 -1 1.000000
110 7 fence -1 -1 -1 216 161 474 216 -1 -1 -1 -14.61 1.45 37.17 -1 1.000000
111 0 van -1 -1 -1 570 159 626 219 -1 -1 -1 -0.14 1.36 24.28 -1 1.000000
111 5 building -1 -1 -1 703 96 801 233 -1 -1 -1 4.48 1.30 20.45 -1 1.000000
111 6 window -1 -1 -1 822 94 913 167 -1 -1 -1 6.84 1.27 17.54 -1 1.000000
111 7 fence -1 -1 -1 236 164 474 216 -1 -1 -1 -14.52 1.54 36.89 -1 1.000000
112 0 van -1 -1 -1 571 162 627 221 -1 -1 -1 -0.14 1.38 24.44 -1 1.000000
112 5 building -1 -1 -1 706 93 816 247 -1 -1 -1 4.49 1.37 19.39 -1 1.000000
112 6 window -1 -1 -1 842 95 937 171 -1 -1 -1 6.79 1.37 16.14 -1 1.000000
112 7 fence -1 -1 -1 203 165 468 222 -1 -1 -1 -14.64 1.49 35.37 -1 1.000000
113 0 van -1 -1 -1 572 163 626 221 -1 -1 -1 -0.13 1.42 24.49 -1 1.000000
113 6 window -1 -1 -1 865 75 977 169 -1 -1 -1 6.79 1.35 14.65 -1 1.000000
113 7 fence -1 -1 -1 188 164 519 240 -1 -1 -1 -14.27 1.67 33.17 -1 1.000000
114 0 van -1 -1 -1 571 162 626 218 -1 -1 -1 -0.10 1.33 24.65 -1 1.000000
114 6 window -1 -1 -1 889 73 1008 169 -1 -1 -1 6.77 1.26 13.30 -1 1.000000
115 0 van -1 -1 -1 572 158 626 225 -1 -1 -1 -0.11 1.29 24.73 -1 1.000000
115 8 window -1 -1 -1 802 96 826 174 -1 -1 -1 4.48 1.28 14.80 -1 1.000000
116 0 van -1 -1 -1 574 158 626 215 -1 -1 -1 -0.08 1.23 24.87 -1 1.000000
116 8 window -1 -1 -1 817 83 850 180 -1 -1 -1 4.47 1.27 13.47 -1 1.000000
117 0 van -1 -1 -1 574 157 626 214 -1 -1 -1 -0.07 1.22 25.14 -1 1.000000
117 8 window -1 -1 -1 839 77 877 178 -1 -1 -1 4.46 1.27 12.17 -1 1.000000
118 0 van -1 -1 -1 572 157 626 213 -1 -1 -1 -0.08 1.19 25.30 -1 1.000000
118 8 window -1 -1 -1 868 72 913 178 -1 -1 -1 4.47 1.27 10.81 -1 1.000000
119 0 van -1 -1 -1 573 158 627 214 -1 -1 -1 -0.06 1.23 25.41 -1 1.000000
120 0 van -1 -1 -1 573 160 625 214 -1 -1 -1 -0.05 1.26 25.48 -1 1.000000
121 0 van -1 -1 -1 570 154 624 218 -1 -1 -1 -0.05 1.28 25.58 -1 1.000000
122 0 van -1 -1 -1 572 155 625 215 -1 -1 -1 -0.07 1.21 25.78 -1 1.000000
123 0 van -1 -1 -1 565 159 626 218 -1 -1 -1 -0.05 1.21 25.90 -1 1.000000
123 9 car -1 -1 -1 433 166 489 214 -1 -1 -1 -6.34 1.38 31.44 -1 1.000000
124 0 van -1 -1 -1 567 160 628 215 -1 -1 -1 -0.00 1.26 25.93 -1 1.000000
124 9 car -1 -1 -1 413 180 476 220 -1 -1 -1 -6.27 1.47 28.14 -1 1.000000
125 0 van -1 -1 -1 565 161 627 217 -1 -1 -1 0.01 1.35 26.04 -1 1.000000
125 9 car -1 -1 -1 389 181 463 228 -1 -1 -1 -6.15 1.56 24.81 -1 1.000000
126 0 van -1 -1 -1 568 157 627 218 -1 -1 -1 0.03 1.37 26.17 -1 1.000000
126 9 car -1 -1 -1 358 184 445 238 -1 -1 -1 -6.08 1.58 21.53 -1 1.000000
127 0 van -1 -1 -1 568 163 627 217 -1 -1 -1 0.01 1.38 26.28 -1 1.000000
127 9 car -1 -1 -1 306 189 393 249 -1 -1 -1 -6.20 1.66 17.81 -1 1.000000
128 0 van -1 -1 -1 569 150 626 217 -1 -1 -1 -0.01 1.27 26.31 -1 1.000000
128 9 car -1 -1 -1 245 184 388 265 -1 -1 -1 -5.96 1.53 14.79 -1 1.000000
129 0 van -1 -1 -1 570 154 626 213 -1 -1 -1 -0.04 1.26 26.60 -1 1.000000
129 9 car -1 -1 -1 138 186 342 292 -1 -1 -1 -5.75 1.57 11.55 -1 1.000000
130 0 van -1 -1 -1 570 149 626 213 -1 -1 -1 -0.04 1.20 26.92 -1 1.000000
130 9 car -1 -1 -1 1 193 271 354 -1 -1 -1 -5.54 1.59 8.73 -1 1.000000
131 0 van -1 -1 -1 572 154 627 213 -1 -1 -1 0.02 1.19 27.18 -1 1.000000
131 9 car -1 -1 -1 0 206 164 365 -1 -1 -1 -5.49 1.61 5.50 -1 1.000000
132 0 van -1 -1 -1 580 161 629 218 -1 -1 -1 0.10 1.37 27.15 -1 1.000000
133 0 van -1 -1 -1 574 164 632 219 -1 -1 -1 0.13 1.46 27.12 -1 1.000000
134 0 van -1 -1 -1 574 163 632 219 -1 -1 -1 0.15 1.46 27.33 -1 1.000000
135 0 van -1 -1 -1 574 161 632 217 -1 -1 -1 0.15 1.46 27.34 -1 1.000000
136 0 van -1 -1 -1 577 163 631 214 -1 -1 -1 0.21 1.34 27.40 -1 1.000000
137 0 van -1 -1 -1 574 151 632 213 -1 -1 -1 0.21 1.30 27.55 -1 1.000000
138 0 van -1 -1 -1 573 150 632 213 -1 -1 -1 0.21 1.31 27.65 -1 1.000000
139 0 van -1 -1 -1 573 150 632 213 -1 -1 -1 0.19 1.24 27.77 -1 1.000000
140 0 van -1 -1 -1 572 153 631 212 -1 -1 -1 0.22 1.24 27.82 -1 1.000000
141 0 van -1 -1 -1 572 153 631 211 -1 -1 -1 0.20 1.20 27.77 -1 1.000000
142 0 van -1 -1 -1 572 156 630 210 -1 -1 -1 0.15 1.16 27.89 -1 1.000000
143 0 van -1 -1 -1 573 157 630 209 -1 -1 -1 0.12 1.17 28.01 -1 1.000000
144 0 van -1 -1 -1 572 155 630 208 -1 -1 -1 0.13 1.15 28.19 -1 1.000000
145 0 van -1 -1 -1 570 157 648 215 -1 -1 -1 0.19 1.26 28.15 -1 1.000000
146 0 van -1 -1 -1 572 163 629 214 -1 -1 -1 0.15 1.37 28.27 -1 1.000000
147 0 van -1 -1 -1 572 164 628 214 -1 -1 -1 0.08 1.41 28.50 -1 1.000000
148 0 van -1 -1 -1 568 151 627 213 -1 -1 -1 0.02 1.32 28.77 -1 1.000000
149 0 van -1 -1 -1 570 158 626 211 -1 -1 -1 0.01 1.28 29.00 -1 1.000000
150 0 van -1 -1 -1 569 160 626 209 -1 -1 -1 -0.02 1.25 29.11 -1 1.000000
151 0 van -1 -1 -1 568 154 627 210 -1 -1 -1 0.00 1.17 29.23 -1 1.000000
152 0 van -1 -1 -1 570 149 627 210 -1 -1 -1 0.01 1.26 29.30 -1 1.000000
153 0 van -1 -1 -1 569 151 627 211 -1 -1 -1 0.01 1.25 29.29 -1 1.000000
154 0 van -1 -1 -1 570 156 627 210 -1 -1 -1 0.03 1.26 29.36 -1 1.000000
155 0 van -1 -1 -1 572 154 627 209 -1 -1 -1 0.04 1.18 29.46 -1 1.000000
156 0 van -1 -1 -1 572 147 627 210 -1 -1 -1 0.04 1.19 29.48 -1 1.000000
157 0 van -1 -1 -1 571 151 627 210 -1 -1 -1 0.05 1.25 29.56 -1 1.000000
158 0 van -1 -1 -1 571 159 627 210 -1 -1 -1 0.03 1.23 29.63 -1 1.000000
159 0 van -1 -1 -1 571 159 628 210 -1 -1 -1 0.01 1.24 29.68 -1 1.000000
160 0 van -1 -1 -1 571 158 628 211 -1 -1 -1 0.04 1.25 29.62 -1 1.000000
161 0 van -1 -1 -1 572 146 628 210 -1 -1 -1 0.05 1.25 29.74 -1 1.000000
162 0 van -1 -1 -1 572 145 628 211 -1 -1 -1 0.02 1.27 29.71 -1 1.000000
163 0 van -1 -1 -1 572 158 629 211 -1 -1 -1 0.04 1.27 29.72 -1 1.000000
164 0 van -1 -1 -1 571 162 631 213 -1 -1 -1 0.11 1.34 29.79 -1 1.000000
165 0 van -1 -1 -1 549 164 629 210 -1 -1 -1 0.06 1.31 29.82 -1 1.000000
166 0 van -1 -1 -1 574 158 629 211 -1 -1 -1 0.08 1.29 29.83 -1 1.000000
167 0 van -1 -1 -1 574 160 629 211 -1 -1 -1 0.12 1.33 29.76 -1 1.000000
168 0 van -1 -1 -1 574 159 630 210 -1 -1 -1 0.16 1.24 29.82 -1 1.000000
169 0 van -1 -1 -1 574 152 630 210 -1 -1 -1 0.13 1.23 29.70 -1 1.000000
170 0 van -1 -1 -1 576 144 629 210 -1 -1 -1 0.11 1.22 29.71 -1 1.000000
171 0 van -1 -1 -1 572 164 637 212 -1 -1 -1 0.13 1.34 29.68 -1 1.000000
172 0 van -1 -1 -1 574 164 655 218 -1 -1 -1 0.23 1.26 29.69 -1 1.000000
173 0 van -1 -1 -1 575 161 629 210 -1 -1 -1 0.17 1.20 29.52 -1 1.000000
174 0 van -1 -1 -1 575 160 629 209 -1 -1 -1 0.15 1.20 29.50 -1 1.000000
175 0 van -1 -1 -1 576 147 629 210 -1 -1 -1 0.11 1.24 29.38 -1 1.000000
175 10 car -1 -1 -1 421 163 465 205 -1 -1 -1 -9.14 1.20 39.93 -1 1.000000
176 0 van -1 -1 -1 581 163 629 212 -1 -1 -1 0.18 1.32 29.26 -1 1.000000
176 10 car -1 -1 -1 404 178 450 208 -1 -1 -1 -9.24 1.34 36.59 -1 1.000000
177 0 van -1 -1 -1 571 162 628 209 -1 -1 -1 0.10 1.30 29.25 -1 1.000000
177 10 car -1 -1 -1 382 179 435 213 -1 -1 -1 -9.15 1.40 32.83 -1 1.000000
178 0 van -1 -1 -1 575 145 629 209 -1 -1 -1 0.06 1.27 29.33 -1 1.000000
178 10 car -1 -1 -1 355 180 415 217 -1 -1 -1 -8.98 1.38 29.21 -1 1.000000
178 11 pole -1 -1 -1 705 193 718 233 -1 -1 -1 2.82 1.39 18.31 -1 1.000000
179 0 van -1 -1 -1 563 161 628 208 -1 -1 -1 0.06 1.17 29.49 -1 1.000000
179 10 car -1 -1 -1 319 181 392 224 -1 -1 -1 -8.89 1.31 25.57 -1 1.000000
179 11 pole -1 -1 -1 717 195 729 239 -1 -1 -1 2.82 1.39 16.63 -1 1.000000
180 0 van -1 -1 -1 564 162 628 208 -1 -1 -1 0.04 1.21 29.82 -1 1.000000
180 10 car -1 -1 -1 273 182 364 235 -1 -1 -1 -8.72 1.49 21.85 -1 1.000000
181 0 van -1 -1 -1 580 162 628 207 -1 -1 -1 0.10 1.30 29.78 -1 1.000000
181 10 car -1 -1 -1 205 186 322 247 -1 -1 -1 -8.59 1.52 18.27 -1 1.000000
182 0 van -1 -1 -1 567 162 628 209 -1 -1 -1 0.02 1.28 29.90 -1 1.000000
182 10 car -1 -1 -1 104 186 265 267 -1 -1 -1 -8.59 1.55 14.83 -1 1.000000
183 0 van -1 -1 -1 574 163 628 208 -1 -1 -1 0.04 1.23 29.92 -1 1.000000
183 10 car -1 -1 -1 1 186 181 302 -1 -1 -1 -8.43 1.57 11.79 -1 1.000000
184 0 van -1 -1 -1 578 145 627 209 -1 -1 -1 0.06 1.22 29.90 -1 1.000000
184 10 car -1 -1 -1 0 226 70 301 -1 -1 -1 -8.45 1.62 8.26 -1 1.000000
185 0 van -1 -1 -1 580 161 627 208 -1 -1 -1 0.12 1.20 29.88 -1 1.000000
186 0 van -1 -1 -1 569 161 628 207 -1 -1 -1 0.09 1.18 29.99 -1 1.000000
187 0 van -1 -1 -1 574 162 630 211 -1 -1 -1 0.11 1.21 30.05 -1 1.000000
188 0 van -1 -1 -1 579 161 629 209 -1 -1 -1 0.16 1.20 30.11 -1 1.000000
189 0 van -1 -1 -1 578 160 628 208 -1 -1 -1 0.13 1.15 30.22 -1 1.000000
190 0 van -1 -1 -1 578 159 627 206 -1 -1 -1 0.10 1.05 30.21 -1 1.000000
191 0 van -1 -1 -1 581 160 628 207 -1 -1 -1 0.11 1.09 30.13 -1 1.000000
192 0 van -1 -1 -1 579 159 627 207 -1 -1 -1 0.12 1.08 30.11 -1 1.000000
193 0 van -1 -1 -1 578 161 628 207 -1 -1 -1 0.12 1.11 30.30 -1 1.000000
194 0 van -1 -1 -1 575 160 626 207 -1 -1 -1 0.05 1.17 30.24 -1 1.000000
195 0 van -1 -1 -1 577 160 627 208 -1 -1 -1 0.03 1.15 30.01 -1 1.000000
196 0 van -1 -1 -1 579 160 627 208 -1 -1 -1 0.02 1.15 30.24 -1 1.000000
197 0 van -1 -1 -1 580 141 627 207 -1 -1 -1 0.05 1.02 30.26 -1 1.000000
198 0 van -1 -1 -1 578 161 623 207 -1 -1 -1 -0.01 1.14 30.52 -1 1.000000
199 0 van -1 -1 -1 575 164 623 208 -1 -1 -1 -0.03 1.20 30.50 -1 1.000000
199 12 car -1 -1 -1 420 168 477 201 -1 -1 -1 -9.88 1.22 46.70 -1 1.000000
200 0 van -1 -1 -1 570 159 635 208 -1 -1 -1 -0.09 1.15 30.86 -1 1.000000
200 12 car -1 -1 -1 415 174 467 202 -1 -1 -1 -9.97 1.19 43.63 -1 1.000000
201 0 van -1 -1 -1 566 163 630 208 -1 -1 -1 -0.24 1.07 31.08 -1 1.000000
201 12 car -1 -1 -1 402 175 454 204 -1 -1 -1 -9.86 1.16 39.75 -1 1.000000
202 0 van -1 -1 -1 565 160 642 211 -1 -1 -1 -0.26 1.15 30.94 -1 1.000000
202 12 car -1 -1 -1 386 177 445 207 -1 -1 -1 -9.80 1.33 35.79 -1 1.000000
203 0 van -1 -1 -1 564 161 642 214 -1 -1 -1 -0.27 1.18 31.04 -1 1.000000
203 12 car -1 -1 -1 363 181 426 214 -1 -1 -1 -9.70 1.34 31.91 -1 1.000000
204 0 van -1 -1 -1 566 167 627 210 -1 -1 -1 -0.20 1.25 31.06 -1 1.000000
204 12 car -1 -1 -1 331 183 403 221 -1 -1 -1 -9.68 1.42 28.23 -1 1.000000
205 0 van -1 -1 -1 566 160 622 208 -1 -1 -1 -0.27 1.23 30.98 -1 1.000000
205 12 car -1 -1 -1 294 186 382 231 -1 -1 -1 -9.62 1.56 24.80 -1 1.000000
206 0 van -1 -1 -1 567 155 623 208 -1 -1 -1 -0.19 1.26 31.11 -1 1.000000
206 12 car -1 -1 -1 241 189 351 242 -1 -1 -1 -9.37 1.56 21.22 -1 1.000000
207 0 van -1 -1 -1 568 164 623 209 -1 -1 -1 -0.20 1.16 31.44 -1 1.000000
207 12 car -1 -1 -1 163 193 309 258 -1 -1 -1 -9.31 1.55 17.90 -1 1.000000
208 0 van -1 -1 -1 568 164 623 209 -1 -1 -1 -0.17 1.24 31.56 -1 1.000000
208 12 car -1 -1 -1 43 197 252 286 -1 -1 -1 -9.17 1.65 14.40 -1 1.000000
209 0 van -1 -1 -1 568 162 624 209 -1 -1 -1 -0.18 1.28 31.51 -1 1.000000
209 12 car -1 -1 -1 1 211 214 311 -1 -1 -1 -8.81 1.74 11.94 -1 1.000000
210 0 van -1 -1 -1 570 164 624 209 -1 -1 -1 -0.10 1.14 31.55 -1 1.000000
210 12 car -1 -1 -1 0 240 77 307 -1 -1 -1 -8.84 1.76 8.79 -1 1.000000
211 0 van -1 -1 -1 570 161 625 208 -1 -1 -1 -0.05 1.21 31.45 -1 1.000000
212 0 van -1 -1 -1 571 160 626 208 -1 -1 -1 0.04 1.13 31.64 -1 1.000000
213 0 van -1 -1 -1 573 160 626 207 -1 -1 -1 0.03 1.22 31.24 -1 1.000000
214 0 van -1 -1 -1 569 160 626 208 -1 -1 -1 -0.00 1.23 31.20 -1 1.000000
215 0 van -1 -1 -1 570 160 625 207 -1 -1 -1 0.01 1.31 31.25 -1 1.000000
216 0 van -1 -1 -1 568 159 624 208 -1 -1 -1 0.01 1.31 31.12 -1 1.000000
217 0 van -1 -1 -1 571 164 624 209 -1 -1 -1 0.02 1.31 31.03 -1 1.000000
218 0 van -1 -1 -1 572 164 623 210 -1 -1 -1 0.03 1.39 31.01 -1 1.000000
219 0 van -1 -1 -1 573 164 625 212 -1 -1 -1 0.04 1.32 30.91 -1 1.000000
220 0 van -1 -1 -1 573 165 626 211 -1 -1 -1 0.05 1.39 30.59 -1 1.000000
220 13 advertising -1 -1 -1 851 129 904 239 -1 -1 -1 8.81 1.31 22.02 -1 1.000000
221 0 van -1 -1 -1 575 160 627 209 -1 -1 -1 0.08 1.21 30.66 -1 1.000000
221 13 advertising -1 -1 -1 868 124 931 239 -1 -1 -1 8.83 1.28 20.57 -1 1.000000
222 0 van -1 -1 -1 575 159 627 207 -1 -1 -1 0.07 1.13 30.52 -1 1.000000
222 13 advertising -1 -1 -1 891 117 981 239 -1 -1 -1 8.84 1.20 18.80 -1 1.000000
223 0 van -1 -1 -1 574 160 627 207 -1 -1 -1 0.04 1.10 30.32 -1 1.000000
223 13 advertising -1 -1 -1 916 111 996 239 -1 -1 -1 8.88 1.25 16.99 -1 1.000000
224 0 van -1 -1 -1 573 159 627 207 -1 -1 -1 0.06 1.13 30.13 -1 1.000000
225 0 van -1 -1 -1 573 160 626 208 -1 -1 -1 0.07 1.10 30.12 -1 1.000000
225 14 traffic light -1 -1 -1 680 93 698 151 -1 -1 -1 2.56 1.25 20.43 -1 1.000000
226 0 van -1 -1 -1 573 160 627 207 -1 -1 -1 0.04 1.13 29.91 -1 1.000000
226 14 traffic light -1 -1 -1 688 87 708 148 -1 -1 -1 2.55 1.29 18.86 -1 1.000000
227 0 van -1 -1 -1 574 160 628 208 -1 -1 -1 0.08 1.12 29.54 -1 1.000000
227 14 traffic light -1 -1 -1 694 81 716 145 -1 -1 -1 2.56 1.30 17.12 -1 1.000000
228 0 van -1 -1 -1 573 161 626 208 -1 -1 -1 0.07 1.22 29.45 -1 1.000000
228 14 traffic light -1 -1 -1 704 71 729 145 -1 -1 -1 2.56 1.35 15.32 -1 1.000000
229 0 van -1 -1 -1 573 160 627 208 -1 -1 -1 0.06 1.26 29.37 -1 1.000000
229 14 traffic light -1 -1 -1 717 66 743 145 -1 -1 -1 2.54 1.40 13.61 -1 1.000000
230 0 van -1 -1 -1 573 159 629 208 -1 -1 -1 0.09 1.13 29.46 -1 1.000000
230 14 traffic light -1 -1 -1 734 48 762 134 -1 -1 -1 2.53 1.40 12.00 -1 1.000000
231 0 van -1 -1 -1 571 159 626 206 -1 -1 -1 0.05 1.13 29.47 -1 1.000000
231 14 traffic light -1 -1 -1 756 36 787 123 -1 -1 -1 2.55 1.42 10.36 -1 1.000000
232 0 van -1 -1 -1 572 159 626 207 -1 -1 -1 0.07 1.15 29.42 -1 1.000000
232 14 traffic light -1 -1 -1 786 15 823 114 -1 -1 -1 2.56 1.46 8.72 -1 1.000000
233 0 van -1 -1 -1 571 159 626 207 -1 -1 -1 0.04 1.16 29.46 -1 1.000000
233 14 traffic light -1 -1 -1 830 1 878 97 -1 -1 -1 2.57 1.47 7.10 -1 1.000000
234 0 van -1 -1 -1 571 160 625 209 -1 -1 -1 0.01 1.27 29.36 -1 1.000000
234 14 traffic light -1 -1 -1 903 2 975 75 -1 -1 -1 2.56 1.50 5.47 -1 1.000000
235 0 van -1 -1 -1 573 163 626 211 -1 -1 -1 0.07 1.27 29.17 -1 1.000000
235 14 traffic light -1 -1 -1 1034 1 1108 37 -1 -1 -1 2.55 1.58 3.87 -1 1.000000
236 0 van -1 -1 -1 572 161 627 211 -1 -1 -1 0.09 1.23 29.01 -1 1.000000
237 0 van -1 -1 -1 573 160 628 208 -1 -1 -1 0.13 1.15 29.09 -1 1.000000
238 0 van -1 -1 -1 573 157 628 207 -1 -1 -1 0.13 1.11 29.06 -1 1.000000
239 0 van -1 -1 -1 574 159 630 207 -1 -1 -1 0.18 1.20 28.97 -1 1.000000
240 0 van -1 -1 -1 582 159 631 208 -1 -1 -1 0.28 1.15 29.03 -1 1.000000
241 0 van -1 -1 -1 586 159 634 207 -1 -1 -1 0.40 1.19 29.01 -1 1.000000
242 0 van -1 -1 -1 584 158 634 207 -1 -1 -1 0.43 1.09 29.04 -1 1.000000
242 15 advertising -1 -1 -1 858 124 911 224 -1 -1 -1 8.69 0.98 21.37 -1 1.000000
243 0 van -1 -1 -1 586 159 635 207 -1 -1 -1 0.48 1.11 29.05 -1 1.000000
243 15 advertising -1 -1 -1 877 120 944 239 -1 -1 -1 8.81 0.99 19.74 -1 1.000000
244 0 van -1 -1 -1 590 156 635 207 -1 -1 -1 0.51 1.13 29.03 -1 1.000000
244 15 advertising -1 -1 -1 898 116 971 239 -1 -1 -1 8.91 1.08 17.95 -1 1.000000
245 0 van -1 -1 -1 585 157 636 208 -1 -1 -1 0.50 1.15 29.15 -1 1.000000
245 15 advertising -1 -1 -1 920 110 1008 239 -1 -1 -1 8.93 1.18 16.38 -1 1.000000
246 0 van -1 -1 -1 587 157 637 208 -1 -1 -1 0.51 1.15 29.21 -1 1.000000
246 16 car -1 -1 -1 385 179 437 213 -1 -1 -1 -9.33 1.27 34.24 -1 1.000000
247 0 van -1 -1 -1 583 157 637 209 -1 -1 -1 0.52 1.18 29.28 -1 1.000000
247 16 car -1 -1 -1 359 182 419 217 -1 -1 -1 -9.36 1.33 30.54 -1 1.000000
248 0 van -1 -1 -1 582 159 637 209 -1 -1 -1 0.52 1.21 29.20 -1 1.000000
248 16 car -1 -1 -1 326 184 397 225 -1 -1 -1 -9.34 1.39 27.19 -1 1.000000
249 0 van -1 -1 -1 586 159 638 208 -1 -1 -1 0.52 1.19 29.35 -1 1.000000
249 16 car -1 -1 -1 282 187 369 235 -1 -1 -1 -9.10 1.55 23.25 -1 1.000000
250 0 van -1 -1 -1 581 154 638 211 -1 -1 -1 0.48 1.19 29.28 -1 1.000000
250 16 car -1 -1 -1 220 192 329 249 -1 -1 -1 -9.01 1.57 19.62 -1 1.000000
251 0 van -1 -1 -1 564 160 640 212 -1 -1 -1 0.50 1.22 29.34 -1 1.000000
251 16 car -1 -1 -1 128 194 277 270 -1 -1 -1 -8.94 1.64 16.00 -1 1.000000
251 17 van -1 -1 -1 410 168 463 210 -1 -1 -1 -8.82 1.33 37.76 -1 1.000000
251 18 car -1 -1 -1 459 174 515 210 -1 -1 -1 -5.66 1.32 32.98 -1 1.000000
252 0 van -1 -1 -1 581 158 638 209 -1 -1 -1 0.48 1.17 29.33 -1 1.000000
252 16 car -1 -1 -1 1 201 198 300 -1 -1 -1 -8.90 1.63 13.02 -1 1.000000
252 17 van -1 -1 -1 391 169 449 212 -1 -1 -1 -8.86 1.26 34.40 -1 1.000000
252 18 car -1 -1 -1 441 177 499 214 -1 -1 -1 -5.68 1.29 29.39 -1 1.000000
253 0 van -1 -1 -1 581 159 639 209 -1 -1 -1 0.48 1.11 29.43 -1 1.000000
253 16 car -1 -1 -1 0 210 143 313 -1 -1 -1 -8.91 1.66 10.79 -1 1.000000
253 17 van -1 -1 -1 365 169 432 218 -1 -1 -1 -8.89 1.23 30.62 -1 1.000000
253 18 car -1 -1 -1 415 180 483 221 -1 -1 -1 -5.62 1.28 25.60 -1 1.000000
254 0 van -1 -1 -1 580 161 639 208 -1 -1 -1 0.51 1.22 29.55 -1 1.000000
254 16 car -1 -1 -1 0 265 70 314 -1 -1 -1 -8.92 1.70 8.53 -1 1.000000
254 17 van -1 -1 -1 334 166 412 225 -1 -1 -1 -8.90 1.56 27.10 -1 1.000000
254 18 car -1 -1 -1 381 184 464 233 -1 -1 -1 -5.48 1.52 21.36 -1 1.000000
255 0 van -1 -1 -1 582 160 640 211 -1 -1 -1 0.55 1.22 29.64 -1 1.000000
255 17 van -1 -1 -1 291 167 385 235 -1 -1 -1 -8.97 1.55 23.60 -1 1.000000
255 18 car -1 -1 -1 330 188 437 247 -1 -1 -1 -5.37 1.53 17.74 -1 1.000000
256 0 van -1 -1 -1 581 161 639 211 -1 -1 -1 0.55 1.18 29.57 -1 1.000000
256 18 car -1 -1 -1 248 176 398 269 -1 -1 -1 -5.29 1.54 13.96 -1 1.000000
257 0 van -1 -1 -1 591 160 640 210 -1 -1 -1 0.60 1.16 29.51 -1 1.000000
257 18 car -1 -1 -1 102 165 338 303 -1 -1 -1 -5.44 1.60 10.49 -1 1.000000
258 0 van -1 -1 -1 591 159 641 210 -1 -1 -1 0.63 1.19 29.49 -1 1.000000
258 18 car -1 -1 -1 0 205 246 345 -1 -1 -1 -5.44 1.62 6.74 -1 1.000000
258 19 car -1 -1 -1 415 172 467 206 -1 -1 -1 -9.70 1.15 41.22 -1 1.000000
258 20 car -1 -1 -1 465 169 517 206 -1 -1 -1 -5.84 1.17 36.29 -1 1.000000
259 0 van -1 -1 -1 593 153 641 211 -1 -1 -1 0.66 1.18 29.21 -1 1.000000
259 19 car -1 -1 -1 398 175 449 208 -1 -1 -1 -9.67 1.27 37.81 -1 1.000000
259 20 car -1 -1 -1 451 170 507 210 -1 -1 -1 -5.87 1.28 32.23 -1 1.000000
260 0 van -1 -1 -1 594 157 641 212 -1 -1 -1 0.65 1.18 29.20 -1 1.000000
260 19 car -1 -1 -1 377 175 434 213 -1 -1 -1 -9.64 1.41 34.11 -1 1.000000
260 20 car -1 -1 -1 430 172 500 217 -1 -1 -1 -5.83 1.37 28.56 -1 1.000000
261 0 van -1 -1 -1 593 158 644 211 -1 -1 -1 0.64 1.20 29.14 -1 1.000000
261 19 car -1 -1 -1 348 177 413 218 -1 -1 -1 -9.46 1.46 29.90 -1 1.000000
261 20 car -1 -1 -1 403 176 473 223 -1 -1 -1 -5.82 1.43 24.68 -1 1.000000
262 0 van -1 -1 -1 595 143 642 212 -1 -1 -1 0.64 1.17 29.07 -1 1.000000
262 19 car -1 -1 -1 314 177 385 219 -1 -1 -1 -9.55 1.41 26.42 -1 1.000000
262 20 car -1 -1 -1 364 177 453 237 -1 -1 -1 -5.70 1.43 20.85 -1 1.000000
263 0 van -1 -1 -1 594 153 645 212 -1 -1 -1 0.66 1.22 29.01 -1 1.000000
263 19 car -1 -1 -1 264 174 376 232 -1 -1 -1 -9.60 1.57 22.40 -1 1.000000
263 20 car -1 -1 -1 309 185 393 248 -1 -1 -1 -5.85 1.55 16.65 -1 1.000000
264 0 van -1 -1 -1 594 146 644 211 -1 -1 -1 0.67 1.17 28.92 -1 1.000000
264 20 car -1 -1 -1 192 180 384 275 -1 -1 -1 -5.94 1.55 13.94 -1 1.000000
265 0 van -1 -1 -1 594 145 640 211 -1 -1 -1 0.65 1.22 28.97 -1 1.000000
265 20 car -1 -1 -1 90 185 314 310 -1 -1 -1 -5.54 1.58 9.82 -1 1.000000
265 21 car -1 -1 -1 410 173 472 207 -1 -1 -1 -9.54 1.18 38.97 -1 1.000000
266 0 van -1 -1 -1 594 143 639 211 -1 -1 -1 0.61 1.26 29.02 -1 1.000000
266 20 car -1 -1 -1 1 186 193 369 -1 -1 -1 -5.28 1.61 7.19 -1 1.000000
266 21 car -1 -1 -1 391 176 444 210 -1 -1 -1 -9.37 1.32 35.00 -1 1.000000
267 0 van -1 -1 -1 594 152 639 211 -1 -1 -1 0.62 1.19 29.03 -1 1.000000
267 21 car -1 -1 -1 366 176 426 213 -1 -1 -1 -9.38 1.47 31.53 -1 1.000000
268 0 van -1 -1 -1 594 148 639 211 -1 -1 -1 0.60 1.22 28.95 -1 1.000000
268 21 car -1 -1 -1 336 176 406 218 -1 -1 -1 -9.30 1.48 28.05 -1 1.000000
269 0 van -1 -1 -1 594 158 640 212 -1 -1 -1 0.61 1.25 28.83 -1 1.000000
269 21 car -1 -1 -1 297 175 380 226 -1 -1 -1 -9.13 1.58 24.22 -1 1.000000
270 0 van -1 -1 -1 592 159 639 211 -1 -1 -1 0.62 1.21 28.73 -1 1.000000
270 21 car -1 -1 -1 241 179 347 239 -1 -1 -1 -9.04 1.60 20.82 -1 1.000000
271 0 van -1 -1 -1 592 159 639 211 -1 -1 -1 0.61 1.15 28.69 -1 1.000000
271 21 car -1 -1 -1 158 181 299 254 -1 -1 -1 -8.93 1.59 17.24 -1 1.000000
272 0 van -1 -1 -1 591 160 639 211 -1 -1 -1 0.61 1.13 28.68 -1 1.000000
272 21 car -1 -1 -1 35 182 234 281 -1 -1 -1 -8.92 1.70 13.78 -1 1.000000
273 0 van -1 -1 -1 592 158 639 212 -1 -1 -1 0.60 1.29 28.69 -1 1.000000
273 21 car -1 -1 -1 1 193 105 310 -1 -1 -1 -8.80 1.72 11.22 -1 1.000000
274 0 van -1 -1 -1 581 160 640 212 -1 -1 -1 0.65 1.23 28.71 -1 1.000000
275 0 van -1 -1 -1 578 163 639 211 -1 -1 -1 0.61 1.16 28.54 -1 1.000000
276 0 van -1 -1 -1 580 156 640 209 -1 -1 -1 0.59 1.24 28.48 -1 1.000000
277 0 van -1 -1 -1 582 158 640 209 -1 -1 -1 0.63 1.09 28.57 -1 1.000000
278 0 van -1 -1 -1 579 157 639 210 -1 -1 -1 0.62 1.21 28.65 -1 1.000000
