1 0 tracking error -1 -1 -1 1062 192 1150 268 -1 -1 -1 7.00 1.26 10.00 -1 1.000000
1 1 tracking error -1 -1 -1 239 162 276 244 -1 -1 -1 -7.63 1.63 15.75 -1 1.000000
1 2 unknown -1 -1 -1 956 181 1020 242 -1 -1 -1 7.63 1.16 14.05 -1 1.000000
1 3 cyclist -1 -1 -1 821 160 860 257 -1 -1 -1 4.26 1.30 12.72 -1 1.000000
1 4 person -1 -1 -1 595 168 623 237 -1 -1 -1 0.23 1.33 18.05 -1 1.000000
2 0 tracking error -1 -1 -1 1088 200 1168 270 -1 -1 -1 6.98 1.27 9.53 -1 1.000000
2 1 tracking error -1 -1 -1 213 165 257 246 -1 -1 -1 -7.79 1.66 15.02 -1 1.000000
2 2 unknown -1 -1 -1 966 181 1027 244 -1 -1 -1 7.56 1.18 13.53 -1 1.000000
2 3 cyclist -1 -1 -1 820 161 857 257 -1 -1 -1 4.21 1.30 12.53 -1 1.000000
2 4 person -1 -1 -1 594 170 624 239 -1 -1 -1 0.21 1.35 17.54 -1 1.000000
2 5 bicycle -1 -1 -1 904 176 959 236 -1 -1 -1 6.77 1.18 14.57 -1 1.000000
3 0 tracking error -1 -1 -1 1098 210 1179 278 -1 -1 -1 6.92 1.34 9.13 -1 1.000000
3 1 tracking error -1 -1 -1 196 166 241 249 -1 -1 -1 -7.90 1.52 14.47 -1 1.000000
3 2 unknown -1 -1 -1 974 184 1038 247 -1 -1 -1 7.46 1.25 13.06 -1 1.000000
3 3 cyclist -1 -1 -1 817 160 856 259 -1 -1 -1 4.15 1.32 12.44 -1 1.000000
3 4 person -1 -1 -1 592 170 629 247 -1 -1 -1 0.21 1.31 17.17 -1 1.000000
3 5 bicycle -1 -1 -1 908 178 972 239 -1 -1 -1 6.71 1.24 14.22 -1 1.000000
4 0 tracking error -1 -1 -1 1118 205 1222 297 -1 -1 -1 6.88 1.30 8.68 -1 1.000000
4 1 tracking error -1 -1 -1 174 166 215 251 -1 -1 -1 -7.94 1.43 13.70 -1 1.000000
4 2 unknown -1 -1 -1 985 185 1051 250 -1 -1 -1 7.41 1.17 12.61 -1 1.000000
4 3 cyclist -1 -1 -1 814 154 856 261 -1 -1 -1 4.10 1.23 12.39 -1 1.000000
4 4 person -1 -1 -1 593 177 631 238 -1 -1 -1 0.24 1.18 16.81 -1 1.000000
4 5 bicycle -1 -1 -1 909 181 976 242 -1 -1 -1 6.65 1.15 13.85 -1 1.000000
4 6 unknown -1 -1 -1 1085 185 1142 245 -1 -1 -1 9.49 1.11 13.38 -1 1.000000
4 7 bicycle -1 -1 -1 229 195 305 231 -1 -1 -1 -9.18 1.30 18.58 -1 1.000000
5 0 tracking error -1 -1 -1 1143 209 1223 290 -1 -1 -1 6.77 1.49 8.28 -1 1.000000
5 1 tracking error -1 -1 -1 153 168 194 256 -1 -1 -1 -7.99 1.43 12.98 -1 1.000000
5 2 unknown -1 -1 -1 1001 184 1066 251 -1 -1 -1 7.35 1.39 12.12 -1 1.000000
5 3 cyclist -1 -1 -1 810 155 854 259 -1 -1 -1 3.99 1.40 12.24 -1 1.000000
5 4 person -1 -1 -1 593 170 626 239 -1 -1 -1 0.24 1.31 16.36 -1 1.000000
5 5 bicycle -1 -1 -1 919 178 985 237 -1 -1 -1 6.51 1.37 13.37 -1 1.000000
5 6 unknown -1 -1 -1 1098 186 1157 243 -1 -1 -1 9.42 1.36 12.89 -1 1.000000
5 7 bicycle -1 -1 -1 217 197 287 233 -1 -1 -1 -9.30 1.31 18.02 -1 1.000000
6 0 tracking error -1 -1 -1 1169 226 1222 297 -1 -1 -1 6.73 1.42 7.98 -1 1.000000
6 1 tracking error -1 -1 -1 128 169 163 261 -1 -1 -1 -8.07 1.46 12.39 -1 1.000000
6 2 unknown -1 -1 -1 1017 183 1080 250 -1 -1 -1 7.38 1.30 11.73 -1 1.000000
6 3 cyclist -1 -1 -1 807 156 850 256 -1 -1 -1 3.94 1.32 12.27 -1 1.000000
6 4 person -1 -1 -1 593 167 627 239 -1 -1 -1 0.26 1.26 15.99 -1 1.000000
6 5 bicycle -1 -1 -1 921 176 991 241 -1 -1 -1 6.46 1.28 13.03 -1 1.000000
6 6 unknown -1 -1 -1 1112 184 1204 246 -1 -1 -1 9.48 1.26 12.49 -1 1.000000
6 7 bicycle -1 -1 -1 199 185 265 234 -1 -1 -1 -9.42 1.32 17.52 -1 1.000000
6 8 motorcycle -1 -1 -1 512 150 538 214 -1 -1 -1 -2.99 1.01 25.84 -1 1.000000
7 0 tracking error -1 -1 -1 1196 229 1224 301 -1 -1 -1 6.71 1.43 7.54 -1 1.000000
7 1 tracking error -1 -1 -1 76 174 144 266 -1 -1 -1 -8.24 1.47 11.79 -1 1.000000
7 2 unknown -1 -1 -1 1021 185 1095 260 -1 -1 -1 7.24 1.41 11.20 -1 1.000000
7 3 cyclist -1 -1 -1 797 156 848 255 -1 -1 -1 3.85 1.39 12.22 -1 1.000000
7 4 person -1 -1 -1 593 172 631 245 -1 -1 -1 0.28 1.32 15.65 -1 1.000000
7 5 bicycle -1 -1 -1 932 179 1005 245 -1 -1 -1 6.39 1.39 12.38 -1 1.000000
7 6 unknown -1 -1 -1 1122 183 1222 254 -1 -1 -1 9.38 1.38 11.95 -1 1.000000
7 7 bicycle -1 -1 -1 183 186 251 235 -1 -1 -1 -9.50 1.34 17.04 -1 1.000000
7 8 motorcycle -1 -1 -1 505 155 524 218 -1 -1 -1 -3.12 1.10 24.99 -1 1.000000
8 1 tracking error -1 -1 -1 37 174 122 272 -1 -1 -1 -8.37 1.47 11.17 -1 1.000000
8 2 unknown -1 -1 -1 1033 186 1118 264 -1 -1 -1 7.24 1.48 10.79 -1 1.000000
8 3 cyclist -1 -1 -1 799 159 841 260 -1 -1 -1 3.79 1.45 12.21 -1 1.000000
8 4 person -1 -1 -1 592 176 632 245 -1 -1 -1 0.29 1.38 15.28 -1 1.000000
8 5 bicycle -1 -1 -1 943 178 1018 250 -1 -1 -1 6.31 1.45 11.89 -1 1.000000
8 6 unknown -1 -1 -1 1158 187 1222 254 -1 -1 -1 9.37 1.46 11.48 -1 1.000000
8 7 bicycle -1 -1 -1 169 202 242 252 -1 -1 -1 -9.41 1.37 16.45 -1 1.000000
8 8 motorcycle -1 -1 -1 499 159 519 218 -1 -1 -1 -3.18 1.22 23.70 -1 1.000000
9 1 tracking error -1 -1 -1 8 171 103 277 -1 -1 -1 -8.33 1.45 10.57 -1 1.000000
9 2 unknown -1 -1 -1 1051 186 1135 269 -1 -1 -1 7.22 1.21 10.39 -1 1.000000
9 3 cyclist -1 -1 -1 799 157 842 261 -1 -1 -1 3.77 1.20 12.23 -1 1.000000
9 4 person -1 -1 -1 594 182 632 246 -1 -1 -1 0.33 1.14 15.17 -1 1.000000
9 5 bicycle -1 -1 -1 954 187 1036 251 -1 -1 -1 6.29 1.18 11.48 -1 1.000000
9 6 unknown -1 -1 -1 1158 186 1222 255 -1 -1 -1 9.38 1.13 11.14 -1 1.000000
9 7 bicycle -1 -1 -1 154 198 225 241 -1 -1 -1 -9.49 1.30 15.98 -1 1.000000
9 8 motorcycle -1 -1 -1 492 159 514 220 -1 -1 -1 -3.21 0.89 22.62 -1 1.000000
10 1 tracking error -1 -1 -1 0 170 85 281 -1 -1 -1 -8.27 1.45 9.99 -1 1.000000
10 2 unknown -1 -1 -1 1070 184 1161 274 -1 -1 -1 7.14 1.46 9.87 -1 1.000000
10 3 cyclist -1 -1 -1 800 152 838 237 -1 -1 -1 3.76 1.43 12.08 -1 1.000000
10 4 person -1 -1 -1 600 170 641 246 -1 -1 -1 0.44 1.38 14.75 -1 1.000000
10 5 bicycle -1 -1 -1 969 189 1034 257 -1 -1 -1 6.23 1.43 11.28 -1 1.000000
10 6 unknown -1 -1 -1 1181 186 1224 259 -1 -1 -1 9.39 1.12 10.64 -1 1.000000
10 7 bicycle -1 -1 -1 138 200 213 243 -1 -1 -1 -9.51 1.39 15.51 -1 1.000000
10 8 motorcycle -1 -1 -1 486 158 510 223 -1 -1 -1 -3.18 1.25 21.25 -1 1.000000
10 9 unknown -1 -1 -1 854 177 917 231 -1 -1 -1 6.15 1.34 15.65 -1 1.000000
11 2 unknown -1 -1 -1 1097 185 1194 280 -1 -1 -1 7.25 1.23 9.49 -1 1.000000
11 4 person -1 -1 -1 622 175 646 247 -1 -1 -1 0.58 1.23 14.55 -1 1.000000
11 5 bicycle -1 -1 -1 986 192 1054 259 -1 -1 -1 6.30 1.21 10.84 -1 1.000000
11 7 bicycle -1 -1 -1 125 199 202 247 -1 -1 -1 -9.52 1.45 15.10 -1 1.000000
11 8 motorcycle -1 -1 -1 481 159 510 227 -1 -1 -1 -3.17 1.13 20.38 -1 1.000000
11 9 unknown -1 -1 -1 835 177 930 237 -1 -1 -1 6.16 1.06 15.43 -1 1.000000
11 10 cyclist -1 -1 -1 801 159 839 265 -1 -1 -1 3.73 1.23 12.09 -1 1.000000
12 2 unknown -1 -1 -1 1126 191 1223 283 -1 -1 -1 7.13 1.49 8.89 -1 1.000000
12 4 person -1 -1 -1 624 176 654 250 -1 -1 -1 0.67 1.40 14.06 -1 1.000000
12 5 bicycle -1 -1 -1 1004 198 1076 259 -1 -1 -1 6.36 1.46 10.24 -1 1.000000
12 7 bicycle -1 -1 -1 112 197 194 249 -1 -1 -1 -9.59 1.41 14.70 -1 1.000000
12 8 motorcycle -1 -1 -1 469 163 503 236 -1 -1 -1 -3.18 1.30 19.18 -1 1.000000
12 9 unknown -1 -1 -1 880 177 941 234 -1 -1 -1 6.24 1.38 14.54 -1 1.000000
12 10 cyclist -1 -1 -1 803 155 841 262 -1 -1 -1 3.72 1.44 11.97 -1 1.000000
12 11 unknown -1 -1 -1 940 176 1008 232 -1 -1 -1 7.52 1.38 14.51 -1 1.000000
13 2 unknown -1 -1 -1 1124 191 1222 290 -1 -1 -1 6.90 1.52 8.55 -1 1.000000
13 4 person -1 -1 -1 618 173 670 253 -1 -1 -1 0.86 1.41 13.79 -1 1.000000
13 5 bicycle -1 -1 -1 1024 197 1129 263 -1 -1 -1 6.43 1.50 9.82 -1 1.000000
13 7 bicycle -1 -1 -1 99 199 186 251 -1 -1 -1 -9.55 1.41 14.25 -1 1.000000
13 8 motorcycle -1 -1 -1 467 163 495 236 -1 -1 -1 -3.14 1.33 18.07 -1 1.000000
13 9 unknown -1 -1 -1 863 178 961 238 -1 -1 -1 6.22 1.41 14.30 -1 1.000000
13 10 cyclist -1 -1 -1 809 157 844 268 -1 -1 -1 3.74 1.46 11.89 -1 1.000000
13 11 unknown -1 -1 -1 954 178 1015 235 -1 -1 -1 7.56 1.41 14.01 -1 1.000000
13 12 tracking error -1 -1 -1 1 204 57 269 -1 -1 -1 -9.69 1.45 12.07 -1 1.000000
14 2 unknown -1 -1 -1 1155 195 1222 288 -1 -1 -1 6.86 1.48 8.28 -1 1.000000
14 4 person -1 -1 -1 628 170 674 255 -1 -1 -1 1.02 1.36 13.51 -1 1.000000
14 5 bicycle -1 -1 -1 1047 188 1134 268 -1 -1 -1 6.46 1.45 9.36 -1 1.000000
14 7 bicycle -1 -1 -1 88 199 171 254 -1 -1 -1 -9.42 1.40 13.82 -1 1.000000
14 8 motorcycle -1 -1 -1 459 164 491 239 -1 -1 -1 -3.07 1.27 17.05 -1 1.000000
14 9 unknown -1 -1 -1 877 179 977 240 -1 -1 -1 6.30 1.33 13.79 -1 1.000000
14 10 cyclist -1 -1 -1 824 154 850 255 -1 -1 -1 3.82 1.40 11.73 -1 1.000000
14 11 unknown -1 -1 -1 968 178 1033 238 -1 -1 -1 7.62 1.33 13.51 -1 1.000000
14 12 tracking error -1 -1 -1 17 213 43 268 -1 -1 -1 -9.67 1.46 11.69 -1 1.000000
15 2 unknown -1 -1 -1 1189 195 1224 291 -1 -1 -1 6.95 1.49 7.86 -1 1.000000
15 4 person -1 -1 -1 634 164 683 262 -1 -1 -1 1.17 1.36 13.11 -1 1.000000
15 5 bicycle -1 -1 -1 1072 196 1171 272 -1 -1 -1 6.49 1.36 8.94 -1 1.000000
15 7 bicycle -1 -1 -1 75 203 156 260 -1 -1 -1 -9.24 1.53 13.31 -1 1.000000
15 8 motorcycle -1 -1 -1 452 165 494 247 -1 -1 -1 -3.06 1.36 15.99 -1 1.000000
15 10 cyclist -1 -1 -1 826 155 854 257 -1 -1 -1 3.88 1.42 11.70 -1 1.000000
15 13 bicycle -1 -1 -1 883 175 952 233 -1 -1 -1 6.19 1.26 13.78 -1 1.000000
15 14 unknown -1 -1 -1 955 185 1016 243 -1 -1 -1 7.02 1.27 12.90 -1 1.000000
16 4 person -1 -1 -1 651 165 692 271 -1 -1 -1 1.31 1.27 12.75 -1 1.000000
16 5 bicycle -1 -1 -1 1095 205 1220 287 -1 -1 -1 6.52 1.39 8.30 -1 1.000000
16 7 bicycle -1 -1 -1 62 208 145 263 -1 -1 -1 -9.19 1.45 12.92 -1 1.000000
16 8 motorcycle -1 -1 -1 443 167 485 254 -1 -1 -1 -3.01 1.24 14.96 -1 1.000000
16 10 cyclist -1 -1 -1 830 157 859 260 -1 -1 -1 3.93 1.46 11.67 -1 1.000000
16 13 bicycle -1 -1 -1 895 179 962 236 -1 -1 -1 6.22 1.15 13.35 -1 1.000000
16 14 unknown -1 -1 -1 974 186 1034 247 -1 -1 -1 7.09 1.19 12.44 -1 1.000000
17 5 bicycle -1 -1 -1 1126 200 1223 290 -1 -1 -1 6.54 1.36 8.08 -1 1.000000
17 7 bicycle -1 -1 -1 42 206 129 270 -1 -1 -1 -9.18 1.58 12.42 -1 1.000000
17 8 motorcycle -1 -1 -1 431 168 471 271 -1 -1 -1 -2.96 1.39 13.73 -1 1.000000
17 15 unknown -1 -1 -1 935 182 1027 254 -1 -1 -1 6.51 1.22 12.32 -1 1.000000
17 16 unknown -1 -1 -1 1027 185 1089 246 -1 -1 -1 7.87 1.19 12.16 -1 1.000000
17 17 tracking error -1 -1 -1 817 159 867 220 -1 -1 -1 3.84 1.30 11.87 -1 1.000000
17 18 person -1 -1 -1 673 205 699 266 -1 -1 -1 1.43 1.34 12.32 -1 1.000000
18 5 bicycle -1 -1 -1 1160 225 1222 304 -1 -1 -1 6.52 1.40 7.72 -1 1.000000
18 7 bicycle -1 -1 -1 25 205 116 274 -1 -1 -1 -9.10 1.55 11.96 -1 1.000000
18 8 motorcycle -1 -1 -1 416 170 460 273 -1 -1 -1 -2.92 1.39 12.58 -1 1.000000
18 9 unknown -1 -1 -1 949 185 1048 259 -1 -1 -1 6.55 1.23 11.83 -1 1.000000
18 16 unknown -1 -1 -1 1044 186 1117 246 -1 -1 -1 7.92 1.20 11.76 -1 1.000000
18 17 tracking error -1 -1 -1 823 163 872 255 -1 -1 -1 3.93 1.29 11.67 -1 1.000000
18 18 person -1 -1 -1 676 208 711 267 -1 -1 -1 1.55 1.33 12.02 -1 1.000000
19 5 bicycle -1 -1 -1 1198 239 1223 302 -1 -1 -1 6.50 1.40 7.53 -1 1.000000
19 7 bicycle -1 -1 -1 1 211 99 277 -1 -1 -1 -8.81 1.62 11.41 -1 1.000000
19 8 motorcycle -1 -1 -1 399 165 449 283 -1 -1 -1 -2.89 1.48 11.39 -1 1.000000
19 14 unknown -1 -1 -1 1034 190 1094 266 -1 -1 -1 7.23 1.28 11.00 -1 1.000000
19 17 tracking error -1 -1 -1 834 162 868 255 -1 -1 -1 3.99 1.34 11.50 -1 1.000000
19 18 person -1 -1 -1 693 206 721 266 -1 -1 -1 1.69 1.38 11.72 -1 1.000000
19 19 tracking error -1 -1 -1 1124 186 1221 264 -1 -1 -1 8.84 1.25 11.24 -1 1.000000
19 20 person -1 -1 -1 865 155 889 228 -1 -1 -1 5.99 1.17 15.81 -1 1.000000
20 7 bicycle -1 -1 -1 12 218 81 281 -1 -1 -1 -8.52 1.85 10.83 -1 1.000000
20 8 motorcycle -1 -1 -1 376 163 434 297 -1 -1 -1 -2.85 1.63 10.23 -1 1.000000
20 14 unknown -1 -1 -1 1052 190 1115 263 -1 -1 -1 7.26 1.22 10.53 -1 1.000000
20 17 tracking error -1 -1 -1 836 160 878 271 -1 -1 -1 4.09 1.33 11.43 -1 1.000000
20 18 person -1 -1 -1 701 179 734 270 -1 -1 -1 1.83 1.42 11.44 -1 1.000000
20 19 tracking error -1 -1 -1 1147 185 1224 267 -1 -1 -1 8.89 1.23 10.76 -1 1.000000
20 20 person -1 -1 -1 872 157 900 230 -1 -1 -1 6.14 1.18 15.39 -1 1.000000
21 7 bicycle -1 -1 -1 1 217 68 287 -1 -1 -1 -8.29 1.62 10.53 -1 1.000000
21 8 motorcycle -1 -1 -1 351 167 414 315 -1 -1 -1 -2.80 1.52 9.11 -1 1.000000
21 17 tracking error -1 -1 -1 844 157 883 263 -1 -1 -1 4.17 1.27 11.39 -1 1.000000
21 18 person -1 -1 -1 708 167 746 272 -1 -1 -1 1.95 1.33 11.15 -1 1.000000
21 20 person -1 -1 -1 883 155 912 226 -1 -1 -1 6.22 1.09 14.97 -1 1.000000
21 21 tracking error -1 -1 -1 1107 185 1214 265 -1 -1 -1 8.15 1.20 10.39 -1 1.000000
21 22 unknown -1 -1 -1 1066 194 1112 264 -1 -1 -1 6.81 1.25 10.07 -1 1.000000
21 23 bicycle -1 -1 -1 961 188 1046 257 -1 -1 -1 6.42 1.22 11.13 -1 1.000000
22 7 bicycle -1 -1 -1 19 220 46 281 -1 -1 -1 -8.27 1.63 10.13 -1 1.000000
22 8 motorcycle -1 -1 -1 311 185 406 338 -1 -1 -1 -2.77 1.61 7.92 -1 1.000000
22 17 tracking error -1 -1 -1 852 197 884 270 -1 -1 -1 4.29 1.27 11.49 -1 1.000000
22 18 person -1 -1 -1 724 166 760 272 -1 -1 -1 2.07 1.36 10.82 -1 1.000000
22 20 person -1 -1 -1 891 152 924 230 -1 -1 -1 6.27 1.12 14.52 -1 1.000000
22 23 bicycle -1 -1 -1 975 175 1069 255 -1 -1 -1 6.40 1.20 10.96 -1 1.000000
22 24 tracking error -1 -1 -1 1091 187 1170 273 -1 -1 -1 7.34 1.21 9.69 -1 1.000000
23 7 bicycle -1 -1 -1 0 222 31 285 -1 -1 -1 -8.26 1.64 9.72 -1 1.000000
23 8 motorcycle -1 -1 -1 264 231 356 367 -1 -1 -1 -2.71 1.59 6.51 -1 1.000000
23 17 tracking error -1 -1 -1 853 193 890 262 -1 -1 -1 4.35 1.26 11.42 -1 1.000000
23 18 person -1 -1 -1 733 171 772 276 -1 -1 -1 2.19 1.34 10.52 -1 1.000000
23 20 person -1 -1 -1 908 153 939 225 -1 -1 -1 6.30 1.13 14.03 -1 1.000000
23 21 tracking error -1 -1 -1 1150 189 1208 271 -1 -1 -1 7.73 1.26 9.33 -1 1.000000
23 23 bicycle -1 -1 -1 992 186 1096 256 -1 -1 -1 6.46 1.24 10.44 -1 1.000000
24 8 motorcycle -1 -1 -1 191 168 316 369 -1 -1 -1 -2.66 1.58 5.61 -1 1.000000
24 17 tracking error -1 -1 -1 858 193 894 261 -1 -1 -1 4.42 1.25 11.35 -1 1.000000
24 18 person -1 -1 -1 735 167 787 287 -1 -1 -1 2.31 1.34 10.22 -1 1.000000
24 20 person -1 -1 -1 918 155 947 217 -1 -1 -1 6.32 1.14 13.54 -1 1.000000
24 23 bicycle -1 -1 -1 1010 179 1108 262 -1 -1 -1 6.54 1.18 10.08 -1 1.000000
24 25 person -1 -1 -1 854 144 893 190 -1 -1 -1 4.30 1.25 11.34 -1 1.000000
25 8 motorcycle -1 -1 -1 94 162 263 369 -1 -1 -1 -2.62 1.66 4.58 -1 1.000000
25 17 tracking error -1 -1 -1 865 194 900 260 -1 -1 -1 4.48 1.23 11.28 -1 1.000000
25 18 person -1 -1 -1 746 157 799 277 -1 -1 -1 2.42 1.34 9.94 -1 1.000000
25 20 person -1 -1 -1 930 152 961 214 -1 -1 -1 6.36 1.11 13.07 -1 1.000000
25 23 bicycle -1 -1 -1 1030 167 1150 260 -1 -1 -1 6.59 1.16 9.70 -1 1.000000
25 25 person -1 -1 -1 855 142 897 203 -1 -1 -1 4.37 1.23 11.28 -1 1.000000
26 8 motorcycle -1 -1 -1 1 147 168 369 -1 -1 -1 -2.55 1.62 3.74 -1 1.000000
26 17 tracking error -1 -1 -1 868 195 906 259 -1 -1 -1 4.50 1.37 11.20 -1 1.000000
26 18 person -1 -1 -1 767 157 815 279 -1 -1 -1 2.52 1.43 9.65 -1 1.000000
26 20 person -1 -1 -1 946 148 980 222 -1 -1 -1 6.38 1.33 12.61 -1 1.000000
26 23 bicycle -1 -1 -1 1052 183 1160 264 -1 -1 -1 6.58 1.39 9.27 -1 1.000000
27 17 tracking error -1 -1 -1 872 194 910 261 -1 -1 -1 4.57 1.39 11.17 -1 1.000000
27 18 person -1 -1 -1 777 155 828 284 -1 -1 -1 2.62 1.44 9.35 -1 1.000000
27 20 person -1 -1 -1 958 149 993 211 -1 -1 -1 6.42 1.36 12.22 -1 1.000000
27 23 bicycle -1 -1 -1 1072 186 1184 268 -1 -1 -1 6.60 1.42 8.97 -1 1.000000
27 26 tracking error -1 -1 -1 0 338 102 370 -1 -1 -1 -2.55 1.62 2.60 -1 1.000000
28 17 tracking error -1 -1 -1 874 195 915 261 -1 -1 -1 4.62 1.42 11.14 -1 1.000000
28 18 person -1 -1 -1 790 156 845 289 -1 -1 -1 2.72 1.47 9.04 -1 1.000000
28 20 person -1 -1 -1 972 143 1015 243 -1 -1 -1 6.49 1.40 11.83 -1 1.000000
28 23 bicycle -1 -1 -1 1094 184 1221 281 -1 -1 -1 6.63 1.46 8.62 -1 1.000000
28 27 pole -1 -1 -1 245 233 271 299 -1 -1 -1 -4.52 1.51 9.05 -1 1.000000
28 28 bicycle -1 -1 -1 908 176 977 234 -1 -1 -1 6.35 1.37 13.24 -1 1.000000
29 17 tracking error -1 -1 -1 875 193 921 261 -1 -1 -1 4.69 1.37 11.13 -1 1.000000
29 18 person -1 -1 -1 806 160 861 293 -1 -1 -1 2.84 1.44 8.80 -1 1.000000
29 20 person -1 -1 -1 990 137 1046 240 -1 -1 -1 6.57 1.34 11.43 -1 1.000000
29 23 bicycle -1 -1 -1 1122 207 1220 289 -1 -1 -1 6.62 1.40 8.26 -1 1.000000
29 27 pole -1 -1 -1 232 236 260 304 -1 -1 -1 -4.48 1.52 8.64 -1 1.000000
29 28 bicycle -1 -1 -1 916 176 993 234 -1 -1 -1 6.42 1.32 12.89 -1 1.000000
29 29 person -1 -1 -1 697 156 722 241 -1 -1 -1 3.20 1.16 22.72 -1 1.000000
29 30 tracking error -1 -1 -1 370 184 407 245 -1 -1 -1 -6.92 1.28 22.54 -1 1.000000
30 18 person -1 -1 -1 821 154 886 281 -1 -1 -1 2.96 1.37 8.55 -1 1.000000
30 23 bicycle -1 -1 -1 1149 206 1222 285 -1 -1 -1 6.63 1.30 7.98 -1 1.000000
30 27 pole -1 -1 -1 215 240 248 315 -1 -1 -1 -4.45 1.55 8.24 -1 1.000000
30 28 bicycle -1 -1 -1 941 170 1008 235 -1 -1 -1 6.50 1.22 12.57 -1 1.000000
30 29 person -1 -1 -1 699 152 726 212 -1 -1 -1 3.46 1.10 22.71 -1 1.000000
30 30 tracking error -1 -1 -1 366 183 410 247 -1 -1 -1 -6.83 1.34 22.15 -1 1.000000
30 31 person -1 -1 -1 1014 133 1089 246 -1 -1 -1 7.11 1.24 11.26 -1 1.000000
31 18 person -1 -1 -1 835 158 928 297 -1 -1 -1 3.10 1.34 8.29 -1 1.000000
31 23 bicycle -1 -1 -1 1182 223 1222 291 -1 -1 -1 6.63 1.25 7.81 -1 1.000000
31 27 pole -1 -1 -1 200 246 235 326 -1 -1 -1 -4.43 1.60 7.89 -1 1.000000
31 28 bicycle -1 -1 -1 959 180 1025 245 -1 -1 -1 6.59 1.12 12.08 -1 1.000000
31 29 person -1 -1 -1 703 156 728 212 -1 -1 -1 3.44 0.91 22.20 -1 1.000000
31 30 tracking error -1 -1 -1 365 183 407 250 -1 -1 -1 -6.75 1.23 21.88 -1 1.000000
31 31 person -1 -1 -1 1025 130 1111 235 -1 -1 -1 7.00 1.14 10.73 -1 1.000000
32 18 person -1 -1 -1 851 160 931 262 -1 -1 -1 3.16 1.43 7.99 -1 1.000000
32 23 bicycle -1 -1 -1 1213 229 1224 291 -1 -1 -1 6.69 1.27 7.46 -1 1.000000
32 27 pole -1 -1 -1 182 250 220 329 -1 -1 -1 -4.41 1.58 7.52 -1 1.000000
32 28 bicycle -1 -1 -1 968 176 1049 251 -1 -1 -1 6.56 1.31 11.55 -1 1.000000
32 29 person -1 -1 -1 707 153 736 218 -1 -1 -1 3.41 1.22 21.42 -1 1.000000
32 30 tracking error -1 -1 -1 363 188 403 254 -1 -1 -1 -6.71 1.41 21.26 -1 1.000000
32 31 person -1 -1 -1 1039 151 1130 271 -1 -1 -1 6.82 1.32 10.36 -1 1.000000
33 18 person -1 -1 -1 866 154 936 266 -1 -1 -1 3.26 1.44 7.74 -1 1.000000
33 28 bicycle -1 -1 -1 983 179 1071 253 -1 -1 -1 6.61 1.30 11.16 -1 1.000000
33 29 person -1 -1 -1 711 158 743 218 -1 -1 -1 3.50 1.13 20.94 -1 1.000000
33 31 person -1 -1 -1 1058 135 1125 263 -1 -1 -1 6.79 1.32 9.89 -1 1.000000
34 18 person -1 -1 -1 884 154 958 267 -1 -1 -1 3.33 1.51 7.46 -1 1.000000
34 28 bicycle -1 -1 -1 998 179 1093 252 -1 -1 -1 6.62 1.44 10.72 -1 1.000000
34 29 person -1 -1 -1 712 157 745 221 -1 -1 -1 3.51 1.34 20.24 -1 1.000000
34 31 person -1 -1 -1 1080 138 1163 267 -1 -1 -1 6.84 1.45 9.56 -1 1.000000
34 32 cyclist -1 -1 -1 577 163 623 220 -1 -1 -1 -0.34 1.33 22.19 -1 1.000000
34 33 person -1 -1 -1 884 141 921 197 -1 -1 -1 4.71 1.45 11.07 -1 1.000000
35 18 person -1 -1 -1 890 159 979 266 -1 -1 -1 3.44 1.41 7.17 -1 1.000000
35 28 bicycle -1 -1 -1 1012 183 1110 260 -1 -1 -1 6.71 1.24 10.42 -1 1.000000
35 29 person -1 -1 -1 717 156 754 255 -1 -1 -1 3.54 1.07 19.89 -1 1.000000
35 31 person -1 -1 -1 1100 134 1181 268 -1 -1 -1 6.88 1.27 9.15 -1 1.000000
35 32 cyclist -1 -1 -1 583 162 619 220 -1 -1 -1 -0.07 1.09 22.26 -1 1.000000
35 34 tracking error -1 -1 -1 882 153 932 260 -1 -1 -1 4.61 1.27 10.94 -1 1.000000
36 18 person -1 -1 -1 932 142 1002 333 -1 -1 -1 3.53 1.53 6.90 -1 1.000000
36 28 bicycle -1 -1 -1 1028 185 1129 264 -1 -1 -1 6.69 1.47 10.01 -1 1.000000
36 29 person -1 -1 -1 719 157 751 249 -1 -1 -1 3.49 1.32 19.16 -1 1.000000
36 32 cyclist -1 -1 -1 590 160 624 219 -1 -1 -1 0.17 1.27 22.18 -1 1.000000
36 34 tracking error -1 -1 -1 890 187 943 271 -1 -1 -1 4.66 1.46 10.88 -1 1.000000
37 18 person -1 -1 -1 949 138 1026 335 -1 -1 -1 3.60 1.52 6.65 -1 1.000000
37 28 bicycle -1 -1 -1 1045 184 1153 271 -1 -1 -1 6.74 1.45 9.69 -1 1.000000
37 29 person -1 -1 -1 723 156 750 235 -1 -1 -1 3.49 1.32 18.55 -1 1.000000
37 32 cyclist -1 -1 -1 596 160 632 220 -1 -1 -1 0.41 1.27 22.19 -1 1.000000
37 34 tracking error -1 -1 -1 887 190 945 270 -1 -1 -1 4.77 1.44 10.77 -1 1.000000
38 18 person -1 -1 -1 967 154 1046 345 -1 -1 -1 3.68 1.40 6.40 -1 1.000000
38 28 bicycle -1 -1 -1 1067 189 1175 267 -1 -1 -1 6.81 1.25 9.36 -1 1.000000
38 29 person -1 -1 -1 727 157 754 230 -1 -1 -1 3.55 1.21 18.02 -1 1.000000
38 32 cyclist -1 -1 -1 605 167 644 220 -1 -1 -1 0.70 1.24 22.18 -1 1.000000
38 34 tracking error -1 -1 -1 890 192 946 267 -1 -1 -1 4.86 1.29 10.83 -1 1.000000
38 35 tracking error -1 -1 -1 710 158 729 221 -1 -1 -1 3.58 1.15 22.45 -1 1.000000
39 18 person -1 -1 -1 989 153 1070 353 -1 -1 -1 3.71 1.52 6.18 -1 1.000000
39 28 bicycle -1 -1 -1 1107 191 1202 278 -1 -1 -1 6.75 1.46 8.79 -1 1.000000
39 29 person -1 -1 -1 729 157 759 249 -1 -1 -1 3.51 1.33 17.40 -1 1.000000
39 32 cyclist -1 -1 -1 613 162 672 220 -1 -1 -1 1.00 1.25 22.14 -1 1.000000
39 34 tracking error -1 -1 -1 891 190 945 262 -1 -1 -1 4.82 1.43 10.77 -1 1.000000
39 35 tracking error -1 -1 -1 709 160 736 223 -1 -1 -1 3.51 1.24 22.03 -1 1.000000
40 18 person -1 -1 -1 1007 145 1104 338 -1 -1 -1 3.80 1.48 5.99 -1 1.000000
40 28 bicycle -1 -1 -1 1125 188 1222 263 -1 -1 -1 6.79 1.40 8.55 -1 1.000000
40 29 person -1 -1 -1 733 154 764 265 -1 -1 -1 3.50 1.28 16.94 -1 1.000000
40 32 cyclist -1 -1 -1 625 157 661 218 -1 -1 -1 1.28 1.21 22.13 -1 1.000000
40 34 tracking error -1 -1 -1 892 188 945 263 -1 -1 -1 4.85 1.38 10.82 -1 1.000000
40 36 person -1 -1 -1 887 137 940 197 -1 -1 -1 4.75 1.38 10.82 -1 1.000000
41 18 person -1 -1 -1 1024 143 1130 316 -1 -1 -1 3.83 1.51 5.76 -1 1.000000
41 28 bicycle -1 -1 -1 1146 194 1223 289 -1 -1 -1 6.77 1.44 8.28 -1 1.000000
41 29 person -1 -1 -1 739 153 768 267 -1 -1 -1 3.47 1.32 16.44 -1 1.000000
41 32 cyclist -1 -1 -1 631 162 669 219 -1 -1 -1 1.53 1.23 22.12 -1 1.000000
41 34 tracking error -1 -1 -1 893 190 945 266 -1 -1 -1 4.86 1.41 10.82 -1 1.000000
41 36 person -1 -1 -1 894 137 942 194 -1 -1 -1 4.75 1.41 10.78 -1 1.000000
41 37 tracking error -1 -1 -1 702 153 726 215 -1 -1 -1 3.24 1.24 21.05 -1 1.000000
42 18 person -1 -1 -1 1045 150 1157 345 -1 -1 -1 3.86 1.51 5.53 -1 1.000000
42 28 bicycle -1 -1 -1 1152 199 1223 303 -1 -1 -1 6.73 1.43 8.07 -1 1.000000
42 29 person -1 -1 -1 743 155 771 235 -1 -1 -1 3.45 1.34 15.90 -1 1.000000
42 34 tracking error -1 -1 -1 894 190 946 270 -1 -1 -1 4.87 1.41 10.83 -1 1.000000
42 36 person -1 -1 -1 893 139 942 196 -1 -1 -1 4.76 1.41 10.79 -1 1.000000
42 37 tracking error -1 -1 -1 701 157 728 219 -1 -1 -1 3.16 1.27 20.48 -1 1.000000
42 38 person -1 -1 -1 734 158 751 219 -1 -1 -1 3.72 1.27 19.71 -1 1.000000
43 18 person -1 -1 -1 1064 151 1183 335 -1 -1 -1 3.92 1.48 5.34 -1 1.000000
43 29 person -1 -1 -1 743 157 774 241 -1 -1 -1 3.42 1.31 15.45 -1 1.000000
43 34 tracking error -1 -1 -1 896 190 956 270 -1 -1 -1 4.90 1.37 10.85 -1 1.000000
43 36 person -1 -1 -1 894 140 940 196 -1 -1 -1 4.76 1.37 10.80 -1 1.000000
43 37 tracking error -1 -1 -1 700 161 726 220 -1 -1 -1 3.09 1.24 20.06 -1 1.000000
43 38 person -1 -1 -1 727 161 749 218 -1 -1 -1 3.73 1.22 19.66 -1 1.000000
43 39 tracking error -1 -1 -1 1177 200 1224 311 -1 -1 -1 6.74 1.45 7.73 -1 1.000000
43 40 tracking error -1 -1 -1 420 183 492 228 -1 -1 -1 -5.96 1.20 29.52 -1 1.000000
43 41 motorcycle -1 -1 -1 317 191 372 238 -1 -1 -1 -6.62 1.44 17.78 -1 1.000000
44 18 person -1 -1 -1 1093 148 1211 354 -1 -1 -1 4.00 1.43 5.18 -1 1.000000
44 29 person -1 -1 -1 743 160 779 244 -1 -1 -1 3.38 1.32 14.95 -1 1.000000
44 34 tracking error -1 -1 -1 898 192 970 270 -1 -1 -1 4.93 1.34 10.89 -1 1.000000
44 37 tracking error -1 -1 -1 700 158 727 222 -1 -1 -1 3.01 1.27 19.45 -1 1.000000
44 38 person -1 -1 -1 725 159 751 219 -1 -1 -1 3.66 1.24 19.40 -1 1.000000
44 41 motorcycle -1 -1 -1 312 188 367 240 -1 -1 -1 -6.59 1.51 17.36 -1 1.000000
44 42 bicycle -1 -1 -1 999 176 1105 250 -1 -1 -1 7.16 1.27 11.86 -1 1.000000
44 43 bicycle -1 -1 -1 793 160 848 224 -1 -1 -1 6.03 1.20 18.95 -1 1.000000
45 18 person -1 -1 -1 1121 171 1222 369 -1 -1 -1 4.03 1.43 5.00 -1 1.000000
45 29 person -1 -1 -1 755 156 782 245 -1 -1 -1 3.36 1.30 14.51 -1 1.000000
45 34 tracking error -1 -1 -1 899 192 944 270 -1 -1 -1 4.92 1.32 10.86 -1 1.000000
45 37 tracking error -1 -1 -1 703 161 726 225 -1 -1 -1 2.92 1.25 18.97 -1 1.000000
45 38 person -1 -1 -1 725 158 753 220 -1 -1 -1 3.56 1.23 19.00 -1 1.000000
45 41 motorcycle -1 -1 -1 306 188 361 241 -1 -1 -1 -6.59 1.48 17.02 -1 1.000000
45 42 bicycle -1 -1 -1 1016 180 1116 252 -1 -1 -1 7.15 1.26 11.49 -1 1.000000
45 43 bicycle -1 -1 -1 798 169 859 224 -1 -1 -1 6.38 1.18 19.12 -1 1.000000
46 18 person -1 -1 -1 1151 172 1222 369 -1 -1 -1 4.04 1.43 4.84 -1 1.000000
46 29 person -1 -1 -1 756 155 788 248 -1 -1 -1 3.34 1.32 14.06 -1 1.000000
46 34 tracking error -1 -1 -1 899 155 945 271 -1 -1 -1 4.90 1.33 10.82 -1 1.000000
46 37 tracking error -1 -1 -1 697 162 722 228 -1 -1 -1 2.76 1.28 18.22 -1 1.000000
46 38 person -1 -1 -1 722 158 751 222 -1 -1 -1 3.52 1.25 18.75 -1 1.000000
46 41 motorcycle -1 -1 -1 299 188 357 242 -1 -1 -1 -6.61 1.50 16.66 -1 1.000000
46 42 bicycle -1 -1 -1 1037 177 1124 255 -1 -1 -1 7.21 1.28 11.11 -1 1.000000
46 43 bicycle -1 -1 -1 803 168 872 226 -1 -1 -1 6.48 1.20 18.88 -1 1.000000
47 18 person -1 -1 -1 1167 162 1223 369 -1 -1 -1 4.01 1.39 4.67 -1 1.000000
47 29 person -1 -1 -1 758 153 793 250 -1 -1 -1 3.33 1.29 13.61 -1 1.000000
47 34 tracking error -1 -1 -1 909 153 947 271 -1 -1 -1 4.94 1.28 10.80 -1 1.000000
47 37 tracking error -1 -1 -1 690 160 721 235 -1 -1 -1 2.61 1.25 17.89 -1 1.000000
47 38 person -1 -1 -1 725 158 754 225 -1 -1 -1 3.48 1.22 18.32 -1 1.000000
47 41 motorcycle -1 -1 -1 293 191 354 243 -1 -1 -1 -6.60 1.57 16.33 -1 1.000000
47 42 bicycle -1 -1 -1 1052 176 1137 256 -1 -1 -1 7.26 1.20 10.67 -1 1.000000
47 43 bicycle -1 -1 -1 807 176 879 225 -1 -1 -1 6.22 1.16 18.53 -1 1.000000
48 18 person -1 -1 -1 1189 165 1224 370 -1 -1 -1 4.03 1.39 4.49 -1 1.000000
48 29 person -1 -1 -1 765 153 798 253 -1 -1 -1 3.33 1.30 13.15 -1 1.000000
48 34 tracking error -1 -1 -1 924 156 947 271 -1 -1 -1 4.99 1.27 10.70 -1 1.000000
48 37 tracking error -1 -1 -1 685 152 714 233 -1 -1 -1 2.45 1.26 17.52 -1 1.000000
48 38 person -1 -1 -1 724 159 754 226 -1 -1 -1 3.41 1.22 18.02 -1 1.000000
48 41 motorcycle -1 -1 -1 286 192 348 247 -1 -1 -1 -6.59 1.60 15.97 -1 1.000000
48 42 bicycle -1 -1 -1 1072 172 1162 246 -1 -1 -1 7.29 1.20 10.21 -1 1.000000
48 43 bicycle -1 -1 -1 811 176 884 225 -1 -1 -1 5.79 1.15 17.71 -1 1.000000
49 29 person -1 -1 -1 767 154 805 257 -1 -1 -1 3.31 1.29 12.65 -1 1.000000
49 34 tracking error -1 -1 -1 924 155 947 271 -1 -1 -1 5.01 1.27 10.75 -1 1.000000
49 37 tracking error -1 -1 -1 678 151 714 233 -1 -1 -1 2.34 1.24 17.14 -1 1.000000
49 38 person -1 -1 -1 719 160 754 226 -1 -1 -1 3.28 1.22 17.56 -1 1.000000
49 41 motorcycle -1 -1 -1 281 191 345 246 -1 -1 -1 -6.59 1.55 15.71 -1 1.000000
49 42 bicycle -1 -1 -1 1085 178 1180 249 -1 -1 -1 7.26 1.20 9.85 -1 1.000000
49 43 bicycle -1 -1 -1 815 178 888 226 -1 -1 -1 5.77 1.14 17.40 -1 1.000000
50 29 person -1 -1 -1 774 155 813 254 -1 -1 -1 3.27 1.30 12.16 -1 1.000000
50 37 tracking error -1 -1 -1 667 160 713 235 -1 -1 -1 2.17 1.23 16.96 -1 1.000000
50 38 person -1 -1 -1 723 158 745 228 -1 -1 -1 3.16 1.21 17.21 -1 1.000000
50 41 motorcycle -1 -1 -1 273 190 340 248 -1 -1 -1 -6.60 1.52 15.37 -1 1.000000
50 43 bicycle -1 -1 -1 817 179 894 227 -1 -1 -1 5.78 1.15 16.97 -1 1.000000
50 44 cyclist -1 -1 -1 895 150 945 235 -1 -1 -1 4.99 1.28 10.84 -1 1.000000
51 29 person -1 -1 -1 779 150 821 260 -1 -1 -1 3.24 1.39 11.68 -1 1.000000
51 37 tracking error -1 -1 -1 659 158 715 236 -1 -1 -1 2.00 1.32 16.65 -1 1.000000
51 38 person -1 -1 -1 722 158 741 230 -1 -1 -1 2.99 1.31 16.70 -1 1.000000
51 41 motorcycle -1 -1 -1 269 190 336 250 -1 -1 -1 -6.57 1.47 15.11 -1 1.000000
51 44 cyclist -1 -1 -1 896 151 943 235 -1 -1 -1 4.89 1.38 11.05 -1 1.000000
52 29 person -1 -1 -1 783 148 828 261 -1 -1 -1 3.24 1.29 11.30 -1 1.000000
52 37 tracking error -1 -1 -1 646 155 697 237 -1 -1 -1 1.83 1.24 16.50 -1 1.000000
52 38 person -1 -1 -1 719 161 738 225 -1 -1 -1 2.88 1.21 16.43 -1 1.000000
52 41 motorcycle -1 -1 -1 261 192 329 251 -1 -1 -1 -6.57 1.63 14.74 -1 1.000000
52 44 cyclist -1 -1 -1 894 150 941 235 -1 -1 -1 4.98 1.22 11.18 -1 1.000000
53 29 person -1 -1 -1 789 146 840 266 -1 -1 -1 3.20 1.35 10.87 -1 1.000000
53 37 tracking error -1 -1 -1 660 156 691 228 -1 -1 -1 1.67 1.29 16.14 -1 1.000000
53 38 person -1 -1 -1 713 160 735 230 -1 -1 -1 2.68 1.27 15.96 -1 1.000000
53 41 motorcycle -1 -1 -1 256 190 326 251 -1 -1 -1 -6.56 1.48 14.61 -1 1.000000
53 44 cyclist -1 -1 -1 889 148 942 238 -1 -1 -1 4.92 1.31 11.20 -1 1.000000
54 29 person -1 -1 -1 775 150 844 273 -1 -1 -1 3.15 1.36 10.48 -1 1.000000
54 37 tracking error -1 -1 -1 633 153 689 241 -1 -1 -1 1.53 1.27 15.92 -1 1.000000
54 38 person -1 -1 -1 710 164 730 239 -1 -1 -1 2.54 1.27 15.63 -1 1.000000
54 41 motorcycle -1 -1 -1 248 191 319 252 -1 -1 -1 -6.57 1.43 14.34 -1 1.000000
54 44 cyclist -1 -1 -1 882 144 962 233 -1 -1 -1 4.95 1.32 11.30 -1 1.000000
55 29 person -1 -1 -1 786 148 852 277 -1 -1 -1 3.13 1.39 10.06 -1 1.000000
55 37 tracking error -1 -1 -1 627 154 688 247 -1 -1 -1 1.39 1.29 15.64 -1 1.000000
55 38 person -1 -1 -1 706 163 726 237 -1 -1 -1 2.42 1.29 15.30 -1 1.000000
55 41 motorcycle -1 -1 -1 245 191 317 249 -1 -1 -1 -6.54 1.41 14.13 -1 1.000000
55 44 cyclist -1 -1 -1 879 143 960 234 -1 -1 -1 4.94 1.32 11.38 -1 1.000000
55 45 tracking error -1 -1 -1 1118 175 1223 268 -1 -1 -1 7.13 1.38 8.91 -1 1.000000
56 29 person -1 -1 -1 800 147 864 278 -1 -1 -1 3.12 1.39 9.72 -1 1.000000
56 37 tracking error -1 -1 -1 629 152 683 255 -1 -1 -1 1.26 1.30 15.32 -1 1.000000
56 38 person -1 -1 -1 700 160 725 237 -1 -1 -1 2.32 1.29 15.08 -1 1.000000
56 41 motorcycle -1 -1 -1 238 192 313 255 -1 -1 -1 -6.54 1.44 13.94 -1 1.000000
56 45 tracking error -1 -1 -1 1153 176 1223 271 -1 -1 -1 7.11 1.36 8.62 -1 1.000000
56 46 bicycle -1 -1 -1 1017 180 1117 259 -1 -1 -1 6.48 1.35 9.60 -1 1.000000
57 29 person -1 -1 -1 812 146 927 284 -1 -1 -1 3.22 1.32 9.46 -1 1.000000
57 37 tracking error -1 -1 -1 626 153 681 255 -1 -1 -1 1.13 1.28 15.07 -1 1.000000
57 38 person -1 -1 -1 694 161 720 238 -1 -1 -1 2.20 1.25 14.81 -1 1.000000
57 41 motorcycle -1 -1 -1 232 194 309 257 -1 -1 -1 -6.53 1.55 13.72 -1 1.000000
57 45 tracking error -1 -1 -1 1165 173 1224 273 -1 -1 -1 7.08 1.34 8.38 -1 1.000000
57 46 bicycle -1 -1 -1 1028 178 1122 259 -1 -1 -1 6.51 1.20 10.02 -1 1.000000
58 29 person -1 -1 -1 818 146 919 276 -1 -1 -1 3.22 1.33 9.13 -1 1.000000
58 37 tracking error -1 -1 -1 620 156 668 255 -1 -1 -1 0.98 1.32 14.75 -1 1.000000
58 38 person -1 -1 -1 689 164 722 247 -1 -1 -1 2.08 1.28 14.61 -1 1.000000
58 41 motorcycle -1 -1 -1 227 196 304 261 -1 -1 -1 -6.54 1.60 13.62 -1 1.000000
58 46 bicycle -1 -1 -1 1036 178 1139 261 -1 -1 -1 6.48 1.20 9.97 -1 1.000000
58 47 unknown -1 -1 -1 909 170 995 233 -1 -1 -1 7.12 1.11 14.03 -1 1.000000
59 29 person -1 -1 -1 828 150 917 283 -1 -1 -1 3.19 1.42 8.82 -1 1.000000
59 37 tracking error -1 -1 -1 619 154 662 255 -1 -1 -1 0.86 1.36 14.44 -1 1.000000
59 38 person -1 -1 -1 682 165 727 249 -1 -1 -1 1.91 1.35 14.23 -1 1.000000
59 41 motorcycle -1 -1 -1 225 196 300 256 -1 -1 -1 -6.52 1.53 13.52 -1 1.000000
59 46 bicycle -1 -1 -1 1043 179 1140 262 -1 -1 -1 6.43 1.34 9.54 -1 1.000000
59 47 unknown -1 -1 -1 929 169 1003 233 -1 -1 -1 7.19 1.25 13.92 -1 1.000000
59 48 wall -1 -1 -1 378 186 470 219 -1 -1 -1 -6.20 1.31 25.97 -1 1.000000
60 29 person -1 -1 -1 838 148 912 268 -1 -1 -1 3.14 1.46 8.36 -1 1.000000
60 37 tracking error -1 -1 -1 605 159 659 250 -1 -1 -1 0.74 1.39 14.13 -1 1.000000
60 38 person -1 -1 -1 678 165 705 250 -1 -1 -1 1.74 1.37 13.98 -1 1.000000
60 41 motorcycle -1 -1 -1 215 197 297 262 -1 -1 -1 -6.54 1.51 13.24 -1 1.000000
60 46 bicycle -1 -1 -1 1052 180 1155 266 -1 -1 -1 6.47 1.39 9.31 -1 1.000000
60 47 unknown -1 -1 -1 943 171 1010 234 -1 -1 -1 7.18 1.30 13.68 -1 1.000000
60 48 wall -1 -1 -1 376 187 449 217 -1 -1 -1 -6.59 1.30 25.68 -1 1.000000
61 29 person -1 -1 -1 843 144 914 312 -1 -1 -1 3.14 1.37 7.97 -1 1.000000
61 37 tracking error -1 -1 -1 602 159 660 256 -1 -1 -1 0.64 1.37 13.94 -1 1.000000
61 38 person -1 -1 -1 669 168 696 253 -1 -1 -1 1.58 1.33 13.65 -1 1.000000
61 41 motorcycle -1 -1 -1 209 199 293 267 -1 -1 -1 -6.49 1.68 12.96 -1 1.000000
61 46 bicycle -1 -1 -1 1062 187 1164 268 -1 -1 -1 6.52 1.20 9.20 -1 1.000000
61 47 unknown -1 -1 -1 939 174 1016 236 -1 -1 -1 7.24 1.09 13.59 -1 1.000000
62 29 person -1 -1 -1 859 145 922 311 -1 -1 -1 3.12 1.39 7.64 -1 1.000000
62 37 tracking error -1 -1 -1 598 158 656 271 -1 -1 -1 0.50 1.33 13.67 -1 1.000000
62 38 person -1 -1 -1 662 172 696 256 -1 -1 -1 1.45 1.30 13.45 -1 1.000000
62 41 motorcycle -1 -1 -1 202 198 289 268 -1 -1 -1 -6.50 1.56 12.85 -1 1.000000
62 46 bicycle -1 -1 -1 1070 186 1180 277 -1 -1 -1 6.51 1.25 9.00 -1 1.000000
62 47 unknown -1 -1 -1 942 176 1019 236 -1 -1 -1 7.23 1.12 13.44 -1 1.000000
62 49 cyclist -1 -1 -1 815 159 876 252 -1 -1 -1 4.13 1.24 12.64 -1 1.000000
63 29 person -1 -1 -1 865 143 935 323 -1 -1 -1 3.06 1.46 7.30 -1 1.000000
63 37 tracking error -1 -1 -1 592 157 647 262 -1 -1 -1 0.37 1.42 13.24 -1 1.000000
63 38 person -1 -1 -1 651 168 696 262 -1 -1 -1 1.27 1.40 13.08 -1 1.000000
63 41 motorcycle -1 -1 -1 194 199 283 275 -1 -1 -1 -6.53 1.54 12.66 -1 1.000000
63 46 bicycle -1 -1 -1 1078 187 1197 281 -1 -1 -1 6.48 1.38 8.66 -1 1.000000
63 47 unknown -1 -1 -1 954 177 1025 244 -1 -1 -1 7.16 1.30 13.16 -1 1.000000
63 49 cyclist -1 -1 -1 814 167 872 259 -1 -1 -1 4.14 1.36 12.52 -1 1.000000
64 29 person -1 -1 -1 877 147 951 335 -1 -1 -1 3.02 1.52 6.94 -1 1.000000
64 37 tracking error -1 -1 -1 584 157 636 271 -1 -1 -1 0.20 1.43 12.99 -1 1.000000
64 38 person -1 -1 -1 650 167 687 271 -1 -1 -1 1.09 1.43 12.74 -1 1.000000
64 41 motorcycle -1 -1 -1 188 198 280 268 -1 -1 -1 -6.55 1.49 12.57 -1 1.000000
64 46 bicycle -1 -1 -1 1088 197 1204 282 -1 -1 -1 6.48 1.46 8.58 -1 1.000000
64 47 unknown -1 -1 -1 935 178 1036 250 -1 -1 -1 7.06 1.39 12.87 -1 1.000000
64 49 cyclist -1 -1 -1 813 170 868 259 -1 -1 -1 4.16 1.41 12.51 -1 1.000000
65 29 person -1 -1 -1 882 146 964 317 -1 -1 -1 3.00 1.54 6.62 -1 1.000000
65 37 tracking error -1 -1 -1 579 158 629 263 -1 -1 -1 0.05 1.45 12.76 -1 1.000000
65 38 person -1 -1 -1 646 167 675 271 -1 -1 -1 0.95 1.45 12.47 -1 1.000000
65 41 motorcycle -1 -1 -1 182 198 275 268 -1 -1 -1 -6.56 1.49 12.41 -1 1.000000
65 46 bicycle -1 -1 -1 1100 196 1222 285 -1 -1 -1 6.48 1.50 8.39 -1 1.000000
65 47 unknown -1 -1 -1 964 181 1039 248 -1 -1 -1 7.11 1.43 12.64 -1 1.000000
65 49 cyclist -1 -1 -1 807 162 888 271 -1 -1 -1 4.14 1.44 12.61 -1 1.000000
66 29 person -1 -1 -1 897 147 998 309 -1 -1 -1 3.00 1.45 6.28 -1 1.000000
66 37 tracking error -1 -1 -1 569 154 622 268 -1 -1 -1 -0.07 1.42 12.53 -1 1.000000
66 38 person -1 -1 -1 638 166 679 268 -1 -1 -1 0.84 1.40 12.22 -1 1.000000
66 41 motorcycle -1 -1 -1 175 202 268 270 -1 -1 -1 -6.55 1.65 12.16 -1 1.000000
66 46 bicycle -1 -1 -1 1108 200 1222 278 -1 -1 -1 6.51 1.29 8.36 -1 1.000000
66 47 unknown -1 -1 -1 973 181 1047 249 -1 -1 -1 7.15 1.18 12.47 -1 1.000000
66 49 cyclist -1 -1 -1 808 163 858 271 -1 -1 -1 4.14 1.28 12.67 -1 1.000000
67 29 person -1 -1 -1 912 142 997 369 -1 -1 -1 2.96 1.51 5.96 -1 1.000000
67 37 tracking error -1 -1 -1 559 156 626 274 -1 -1 -1 -0.19 1.48 12.28 -1 1.000000
67 38 person -1 -1 -1 625 170 669 273 -1 -1 -1 0.70 1.47 11.91 -1 1.000000
67 41 motorcycle -1 -1 -1 169 204 264 271 -1 -1 -1 -6.59 1.58 12.08 -1 1.000000
67 46 bicycle -1 -1 -1 1115 194 1222 280 -1 -1 -1 6.46 1.42 8.22 -1 1.000000
67 47 unknown -1 -1 -1 983 180 1060 253 -1 -1 -1 7.08 1.35 12.17 -1 1.000000
67 49 cyclist -1 -1 -1 809 164 857 271 -1 -1 -1 4.09 1.39 12.77 -1 1.000000
68 29 person -1 -1 -1 923 131 1016 368 -1 -1 -1 2.96 1.53 5.66 -1 1.000000
68 37 tracking error -1 -1 -1 557 156 611 283 -1 -1 -1 -0.33 1.50 11.95 -1 1.000000
68 38 person -1 -1 -1 616 178 664 276 -1 -1 -1 0.56 1.49 11.58 -1 1.000000
68 41 motorcycle -1 -1 -1 160 206 257 280 -1 -1 -1 -6.61 1.59 11.87 -1 1.000000
68 46 bicycle -1 -1 -1 1124 198 1222 280 -1 -1 -1 6.45 1.44 8.13 -1 1.000000
68 49 cyclist -1 -1 -1 811 164 857 256 -1 -1 -1 4.09 1.41 12.90 -1 1.000000
69 29 person -1 -1 -1 941 127 1042 369 -1 -1 -1 2.96 1.55 5.36 -1 1.000000
69 37 tracking error -1 -1 -1 544 153 601 277 -1 -1 -1 -0.46 1.49 11.68 -1 1.000000
69 38 person -1 -1 -1 605 169 652 274 -1 -1 -1 0.40 1.49 11.26 -1 1.000000
69 41 motorcycle -1 -1 -1 145 206 252 279 -1 -1 -1 -6.64 1.58 11.69 -1 1.000000
69 46 bicycle -1 -1 -1 1123 188 1220 280 -1 -1 -1 6.44 1.46 7.99 -1 1.000000
69 49 cyclist -1 -1 -1 810 163 856 254 -1 -1 -1 4.11 1.41 13.02 -1 1.000000
70 29 person -1 -1 -1 957 123 1224 370 -1 -1 -1 2.94 1.54 5.05 -1 1.000000
70 37 tracking error -1 -1 -1 549 164 600 277 -1 -1 -1 -0.46 1.49 11.22 -1 1.000000
70 38 person -1 -1 -1 604 165 638 280 -1 -1 -1 0.27 1.48 10.99 -1 1.000000
70 41 motorcycle -1 -1 -1 142 210 246 281 -1 -1 -1 -6.65 1.61 11.49 -1 1.000000
70 46 bicycle -1 -1 -1 1148 193 1222 282 -1 -1 -1 6.47 1.40 7.92 -1 1.000000
70 49 cyclist -1 -1 -1 814 161 857 252 -1 -1 -1 4.20 1.36 13.19 -1 1.000000
70 50 bicycle -1 -1 -1 872 180 961 244 -1 -1 -1 5.61 1.33 13.44 -1 1.000000
71 29 person -1 -1 -1 976 120 1224 370 -1 -1 -1 2.92 1.54 4.75 -1 1.000000
71 37 tracking error -1 -1 -1 543 171 585 261 -1 -1 -1 -0.57 1.49 10.91 -1 1.000000
71 38 person -1 -1 -1 595 164 630 287 -1 -1 -1 0.14 1.47 10.78 -1 1.000000
71 41 motorcycle -1 -1 -1 137 208 240 282 -1 -1 -1 -6.66 1.61 11.34 -1 1.000000
71 46 bicycle -1 -1 -1 1161 194 1223 283 -1 -1 -1 6.47 1.38 7.82 -1 1.000000
71 49 cyclist -1 -1 -1 818 161 856 249 -1 -1 -1 4.31 1.34 13.39 -1 1.000000
71 50 bicycle -1 -1 -1 884 181 958 243 -1 -1 -1 5.56 1.32 13.03 -1 1.000000
72 37 tracking error -1 -1 -1 533 175 577 258 -1 -1 -1 -0.75 1.49 10.64 -1 1.000000
72 41 motorcycle -1 -1 -1 127 208 234 286 -1 -1 -1 -6.69 1.62 11.17 -1 1.000000
72 46 bicycle -1 -1 -1 1173 192 1223 286 -1 -1 -1 6.45 1.37 7.68 -1 1.000000
72 49 cyclist -1 -1 -1 821 160 855 245 -1 -1 -1 4.40 1.31 13.47 -1 1.000000
72 50 bicycle -1 -1 -1 885 179 978 256 -1 -1 -1 5.56 1.30 12.62 -1 1.000000
72 51 person -1 -1 -1 1004 113 1221 370 -1 -1 -1 2.91 1.51 4.40 -1 1.000000
72 52 person -1 -1 -1 576 172 625 283 -1 -1 -1 -0.01 1.47 10.53 -1 1.000000
73 37 tracking error -1 -1 -1 519 176 567 263 -1 -1 -1 -0.97 1.50 10.65 -1 1.000000
73 41 motorcycle -1 -1 -1 125 208 228 280 -1 -1 -1 -6.68 1.60 11.02 -1 1.000000
73 46 bicycle -1 -1 -1 1182 191 1224 287 -1 -1 -1 6.45 1.37 7.54 -1 1.000000
73 49 cyclist -1 -1 -1 827 160 861 230 -1 -1 -1 4.49 1.37 13.48 -1 1.000000
73 50 bicycle -1 -1 -1 885 165 987 257 -1 -1 -1 5.53 1.37 12.33 -1 1.000000
73 51 person -1 -1 -1 1031 115 1147 369 -1 -1 -1 2.84 1.55 4.10 -1 1.000000
73 52 person -1 -1 -1 558 179 622 289 -1 -1 -1 -0.17 1.50 10.24 -1 1.000000
73 53 tracking error -1 -1 -1 328 200 368 267 -1 -1 -1 -6.14 1.49 17.22 -1 1.000000
74 37 tracking error -1 -1 -1 508 177 554 265 -1 -1 -1 -1.10 1.50 10.43 -1 1.000000
74 41 motorcycle -1 -1 -1 106 208 226 293 -1 -1 -1 -6.74 1.61 10.86 -1 1.000000
74 49 cyclist -1 -1 -1 829 159 864 231 -1 -1 -1 4.57 1.38 13.53 -1 1.000000
74 50 bicycle -1 -1 -1 893 177 989 260 -1 -1 -1 5.55 1.33 12.07 -1 1.000000
74 51 person -1 -1 -1 1057 102 1221 369 -1 -1 -1 2.83 1.52 3.82 -1 1.000000
74 52 person -1 -1 -1 563 160 613 292 -1 -1 -1 -0.27 1.49 9.91 -1 1.000000
74 53 tracking error -1 -1 -1 327 201 367 271 -1 -1 -1 -6.14 1.49 17.10 -1 1.000000
75 41 motorcycle -1 -1 -1 94 205 222 293 -1 -1 -1 -6.76 1.61 10.70 -1 1.000000
75 49 cyclist -1 -1 -1 832 159 867 230 -1 -1 -1 4.66 1.37 13.63 -1 1.000000
75 50 bicycle -1 -1 -1 894 178 992 260 -1 -1 -1 5.56 1.24 11.90 -1 1.000000
75 51 person -1 -1 -1 1078 108 1223 369 -1 -1 -1 2.78 1.52 3.54 -1 1.000000
75 52 person -1 -1 -1 552 162 600 295 -1 -1 -1 -0.38 1.46 9.60 -1 1.000000
75 53 tracking error -1 -1 -1 322 200 361 268 -1 -1 -1 -6.17 1.44 16.99 -1 1.000000
75 54 person -1 -1 -1 514 167 557 293 -1 -1 -1 -0.95 1.47 9.73 -1 1.000000
75 55 unknown -1 -1 -1 986 174 1098 261 -1 -1 -1 6.40 1.23 11.14 -1 1.000000
76 41 motorcycle -1 -1 -1 85 208 217 296 -1 -1 -1 -6.76 1.59 10.52 -1 1.000000
76 50 bicycle -1 -1 -1 896 178 995 262 -1 -1 -1 5.50 1.32 11.68 -1 1.000000
76 51 person -1 -1 -1 1114 121 1223 369 -1 -1 -1 2.70 1.52 3.29 -1 1.000000
76 52 person -1 -1 -1 539 160 598 308 -1 -1 -1 -0.49 1.48 9.29 -1 1.000000
76 53 tracking error -1 -1 -1 316 198 361 241 -1 -1 -1 -6.21 1.47 16.83 -1 1.000000
76 54 person -1 -1 -1 511 158 550 299 -1 -1 -1 -1.02 1.49 9.45 -1 1.000000
76 55 unknown -1 -1 -1 993 175 1109 259 -1 -1 -1 6.43 1.32 10.99 -1 1.000000
76 56 person -1 -1 -1 460 169 517 291 -1 -1 -1 -1.63 1.49 10.24 -1 1.000000
76 57 bicycle -1 -1 -1 842 156 893 246 -1 -1 -1 5.02 1.30 13.73 -1 1.000000
77 41 motorcycle -1 -1 -1 77 208 205 294 -1 -1 -1 -6.77 1.55 10.34 -1 1.000000
77 50 bicycle -1 -1 -1 901 176 1003 264 -1 -1 -1 5.49 1.38 11.43 -1 1.000000
77 51 person -1 -1 -1 1164 167 1223 355 -1 -1 -1 2.59 1.56 3.05 -1 1.000000
77 52 person -1 -1 -1 532 175 593 304 -1 -1 -1 -0.59 1.50 9.04 -1 1.000000
77 53 tracking error -1 -1 -1 314 198 357 268 -1 -1 -1 -6.23 1.44 16.66 -1 1.000000
77 54 person -1 -1 -1 497 155 538 305 -1 -1 -1 -1.11 1.50 9.15 -1 1.000000
77 55 unknown -1 -1 -1 980 177 1116 263 -1 -1 -1 6.46 1.38 10.69 -1 1.000000
77 56 person -1 -1 -1 456 160 506 292 -1 -1 -1 -1.75 1.49 9.94 -1 1.000000
77 57 bicycle -1 -1 -1 847 165 888 247 -1 -1 -1 5.13 1.34 13.74 -1 1.000000
78 41 motorcycle -1 -1 -1 68 206 201 297 -1 -1 -1 -6.77 1.56 10.19 -1 1.000000
78 50 bicycle -1 -1 -1 904 178 1007 266 -1 -1 -1 5.50 1.34 11.37 -1 1.000000
78 51 person -1 -1 -1 1217 298 1224 363 -1 -1 -1 2.55 1.57 2.73 -1 1.000000
78 52 person -1 -1 -1 523 165 584 315 -1 -1 -1 -0.70 1.49 8.74 -1 1.000000
78 53 tracking error -1 -1 -1 306 198 355 240 -1 -1 -1 -6.26 1.44 16.54 -1 1.000000
78 54 person -1 -1 -1 480 160 533 315 -1 -1 -1 -1.22 1.50 8.87 -1 1.000000
78 55 unknown -1 -1 -1 986 155 1125 267 -1 -1 -1 6.73 1.33 10.44 -1 1.000000
78 56 person -1 -1 -1 440 153 484 315 -1 -1 -1 -1.90 1.49 9.65 -1 1.000000
78 57 bicycle -1 -1 -1 846 161 897 244 -1 -1 -1 5.30 1.29 13.86 -1 1.000000
78 58 person -1 -1 -1 827 156 859 217 -1 -1 -1 5.57 1.24 16.40 -1 1.000000
79 41 motorcycle -1 -1 -1 59 205 203 299 -1 -1 -1 -6.77 1.57 10.04 -1 1.000000
79 50 bicycle -1 -1 -1 907 189 1012 268 -1 -1 -1 5.48 1.33 11.18 -1 1.000000
79 52 person -1 -1 -1 512 174 566 311 -1 -1 -1 -0.79 1.49 8.44 -1 1.000000
79 53 tracking error -1 -1 -1 297 200 352 237 -1 -1 -1 -6.27 1.46 16.37 -1 1.000000
79 54 person -1 -1 -1 475 154 523 315 -1 -1 -1 -1.32 1.49 8.55 -1 1.000000
79 55 unknown -1 -1 -1 1002 154 1135 268 -1 -1 -1 6.86 1.31 10.37 -1 1.000000
79 56 person -1 -1 -1 412 155 467 295 -1 -1 -1 -2.06 1.50 9.32 -1 1.000000
79 57 bicycle -1 -1 -1 863 160 907 247 -1 -1 -1 5.45 1.29 13.84 -1 1.000000
79 58 person -1 -1 -1 826 157 852 232 -1 -1 -1 5.47 1.24 16.37 -1 1.000000
80 41 motorcycle -1 -1 -1 47 207 185 299 -1 -1 -1 -6.78 1.57 9.85 -1 1.000000
80 50 bicycle -1 -1 -1 911 191 1017 269 -1 -1 -1 5.49 1.30 11.10 -1 1.000000
80 52 person -1 -1 -1 493 175 548 312 -1 -1 -1 -0.92 1.48 8.14 -1 1.000000
80 54 person -1 -1 -1 463 146 509 279 -1 -1 -1 -1.39 1.49 8.25 -1 1.000000
80 55 unknown -1 -1 -1 1007 154 1136 269 -1 -1 -1 6.90 1.29 10.24 -1 1.000000
80 56 person -1 -1 -1 381 155 460 300 -1 -1 -1 -2.23 1.49 9.02 -1 1.000000
80 57 bicycle -1 -1 -1 870 178 916 242 -1 -1 -1 5.60 1.25 13.90 -1 1.000000
80 58 person -1 -1 -1 818 158 857 231 -1 -1 -1 5.40 1.22 16.36 -1 1.000000
81 41 motorcycle -1 -1 -1 36 205 181 300 -1 -1 -1 -6.78 1.53 9.71 -1 1.000000
81 50 bicycle -1 -1 -1 917 178 1019 271 -1 -1 -1 5.49 1.29 11.00 -1 1.000000
81 52 person -1 -1 -1 476 180 537 317 -1 -1 -1 -1.04 1.47 7.90 -1 1.000000
81 54 person -1 -1 -1 445 146 498 278 -1 -1 -1 -1.49 1.47 8.00 -1 1.000000
81 55 unknown -1 -1 -1 1016 153 1146 269 -1 -1 -1 6.90 1.29 10.04 -1 1.000000
81 56 person -1 -1 -1 374 174 446 307 -1 -1 -1 -2.39 1.48 8.70 -1 1.000000
81 57 bicycle -1 -1 -1 878 186 930 240 -1 -1 -1 5.76 1.24 13.83 -1 1.000000
81 58 person -1 -1 -1 813 157 856 232 -1 -1 -1 5.27 1.21 16.16 -1 1.000000
82 41 motorcycle -1 -1 -1 25 203 177 298 -1 -1 -1 -6.77 1.51 9.63 -1 1.000000
82 50 bicycle -1 -1 -1 919 177 1027 271 -1 -1 -1 5.52 1.16 10.97 -1 1.000000
82 52 person -1 -1 -1 438 180 533 338 -1 -1 -1 -1.18 1.45 7.65 -1 1.000000
82 55 unknown -1 -1 -1 1027 154 1158 264 -1 -1 -1 6.95 1.16 9.94 -1 1.000000
82 56 person -1 -1 -1 369 147 422 309 -1 -1 -1 -2.50 1.45 8.42 -1 1.000000
82 57 bicycle -1 -1 -1 887 179 945 237 -1 -1 -1 5.99 1.05 13.84 -1 1.000000
82 58 person -1 -1 -1 815 154 848 230 -1 -1 -1 5.15 0.99 16.07 -1 1.000000
82 59 person -1 -1 -1 418 151 502 326 -1 -1 -1 -1.50 1.46 7.68 -1 1.000000
83 41 motorcycle -1 -1 -1 17 203 166 301 -1 -1 -1 -6.77 1.53 9.57 -1 1.000000
83 50 bicycle -1 -1 -1 922 184 1036 270 -1 -1 -1 5.52 1.15 10.78 -1 1.000000
83 52 person -1 -1 -1 439 183 524 338 -1 -1 -1 -1.27 1.46 7.34 -1 1.000000
83 55 unknown -1 -1 -1 1031 152 1178 268 -1 -1 -1 6.98 1.14 9.75 -1 1.000000
83 56 person -1 -1 -1 363 159 414 309 -1 -1 -1 -2.53 1.47 8.11 -1 1.000000
83 58 person -1 -1 -1 810 153 835 228 -1 -1 -1 4.96 0.98 15.91 -1 1.000000
83 59 person -1 -1 -1 399 145 489 333 -1 -1 -1 -1.62 1.47 7.39 -1 1.000000
83 60 pole -1 -1 -1 948 277 965 369 -1 -1 -1 2.24 1.47 4.50 -1 1.000000
84 41 motorcycle -1 -1 -1 13 205 159 297 -1 -1 -1 -6.75 1.53 9.47 -1 1.000000
84 50 bicycle -1 -1 -1 943 184 1044 270 -1 -1 -1 5.49 1.27 10.39 -1 1.000000
84 52 person -1 -1 -1 443 177 515 337 -1 -1 -1 -1.32 1.48 7.01 -1 1.000000
84 55 unknown -1 -1 -1 1033 150 1183 269 -1 -1 -1 6.92 1.26 9.56 -1 1.000000
84 56 person -1 -1 -1 347 158 396 316 -1 -1 -1 -2.59 1.49 7.83 -1 1.000000
84 58 person -1 -1 -1 804 153 829 231 -1 -1 -1 4.74 1.16 15.75 -1 1.000000
85 41 motorcycle -1 -1 -1 18 210 158 301 -1 -1 -1 -6.73 1.63 9.33 -1 1.000000
85 50 bicycle -1 -1 -1 946 184 1050 273 -1 -1 -1 5.53 1.25 10.30 -1 1.000000
85 52 person -1 -1 -1 421 187 511 350 -1 -1 -1 -1.35 1.52 6.70 -1 1.000000
85 55 unknown -1 -1 -1 1069 135 1220 268 -1 -1 -1 7.62 1.21 9.55 -1 1.000000
85 56 person -1 -1 -1 332 161 382 325 -1 -1 -1 -2.64 1.53 7.54 -1 1.000000
85 58 person -1 -1 -1 794 157 835 234 -1 -1 -1 4.66 1.19 15.67 -1 1.000000
86 41 motorcycle -1 -1 -1 1 215 141 328 -1 -1 -1 -6.71 1.75 9.22 -1 1.000000
86 50 bicycle -1 -1 -1 970 187 1057 275 -1 -1 -1 5.53 1.23 9.99 -1 1.000000
86 52 person -1 -1 -1 401 180 488 369 -1 -1 -1 -1.41 1.57 6.42 -1 1.000000
86 55 unknown -1 -1 -1 1066 135 1220 270 -1 -1 -1 7.45 1.16 9.36 -1 1.000000
86 58 person -1 -1 -1 792 159 834 236 -1 -1 -1 4.54 1.19 15.41 -1 1.000000
87 41 motorcycle -1 -1 -1 45 221 133 302 -1 -1 -1 -6.70 1.63 9.20 -1 1.000000
87 50 bicycle -1 -1 -1 937 189 1060 268 -1 -1 -1 5.50 1.33 10.26 -1 1.000000
87 52 person -1 -1 -1 364 167 483 369 -1 -1 -1 -1.53 1.56 6.15 -1 1.000000
87 55 unknown -1 -1 -1 1068 137 1220 274 -1 -1 -1 7.22 1.30 9.19 -1 1.000000
87 58 person -1 -1 -1 788 158 818 236 -1 -1 -1 4.33 1.28 15.27 -1 1.000000
88 41 motorcycle -1 -1 -1 31 221 125 305 -1 -1 -1 -6.70 1.63 9.09 -1 1.000000
88 50 bicycle -1 -1 -1 935 152 1072 282 -1 -1 -1 5.55 1.31 10.20 -1 1.000000
88 52 person -1 -1 -1 339 164 462 369 -1 -1 -1 -1.61 1.55 5.81 -1 1.000000
88 55 unknown -1 -1 -1 1063 139 1219 274 -1 -1 -1 7.13 1.29 9.06 -1 1.000000
88 58 person -1 -1 -1 781 157 805 228 -1 -1 -1 4.14 1.28 15.20 -1 1.000000
89 41 motorcycle -1 -1 -1 24 222 118 305 -1 -1 -1 -6.68 1.76 8.95 -1 1.000000
89 50 bicycle -1 -1 -1 942 153 1080 284 -1 -1 -1 5.56 1.22 10.04 -1 1.000000
89 52 person -1 -1 -1 308 163 430 369 -1 -1 -1 -1.66 1.62 5.46 -1 1.000000
89 55 unknown -1 -1 -1 1062 140 1220 263 -1 -1 -1 7.08 1.18 9.02 -1 1.000000
89 58 person -1 -1 -1 775 159 798 231 -1 -1 -1 3.94 1.19 15.09 -1 1.000000
90 41 motorcycle -1 -1 -1 22 221 109 297 -1 -1 -1 -6.66 1.70 8.89 -1 1.000000
90 52 person -1 -1 -1 322 180 399 369 -1 -1 -1 -1.72 1.59 5.14 -1 1.000000
90 55 unknown -1 -1 -1 1091 155 1220 286 -1 -1 -1 6.91 1.24 8.62 -1 1.000000
90 58 person -1 -1 -1 763 158 792 232 -1 -1 -1 3.80 1.20 15.08 -1 1.000000
90 61 cyclist -1 -1 -1 959 152 1051 222 -1 -1 -1 9.05 1.02 17.07 -1 1.000000
90 62 bicycle -1 -1 -1 993 191 1090 286 -1 -1 -1 5.46 1.28 8.88 -1 1.000000
91 41 motorcycle -1 -1 -1 1 223 98 305 -1 -1 -1 -6.65 1.76 8.83 -1 1.000000
91 52 person -1 -1 -1 285 189 386 369 -1 -1 -1 -1.79 1.62 4.83 -1 1.000000
91 55 unknown -1 -1 -1 1086 173 1221 289 -1 -1 -1 6.83 1.20 8.39 -1 1.000000
91 58 person -1 -1 -1 755 158 787 233 -1 -1 -1 3.66 1.21 14.99 -1 1.000000
91 61 cyclist -1 -1 -1 942 154 1019 227 -1 -1 -1 8.96 0.98 16.82 -1 1.000000
91 62 bicycle -1 -1 -1 994 194 1097 287 -1 -1 -1 5.47 1.25 8.77 -1 1.000000
92 52 person -1 -1 -1 253 193 355 369 -1 -1 -1 -1.88 1.64 4.53 -1 1.000000
92 61 cyclist -1 -1 -1 928 152 999 227 -1 -1 -1 8.75 1.02 16.67 -1 1.000000
92 62 bicycle -1 -1 -1 1018 195 1108 292 -1 -1 -1 5.45 1.30 8.40 -1 1.000000
92 63 person -1 -1 -1 1081 135 1123 202 -1 -1 -1 7.84 1.15 11.12 -1 1.000000
93 52 person -1 -1 -1 226 191 317 369 -1 -1 -1 -1.93 1.63 4.20 -1 1.000000
93 61 cyclist -1 -1 -1 915 161 995 227 -1 -1 -1 8.29 1.09 16.47 -1 1.000000
93 62 bicycle -1 -1 -1 1017 199 1115 287 -1 -1 -1 5.42 1.31 8.25 -1 1.000000
93 63 person -1 -1 -1 1083 136 1122 198 -1 -1 -1 7.70 1.19 10.91 -1 1.000000
94 52 person -1 -1 -1 171 174 285 369 -1 -1 -1 -1.98 1.64 3.89 -1 1.000000
94 61 cyclist -1 -1 -1 899 158 978 228 -1 -1 -1 7.88 1.09 16.43 -1 1.000000
94 62 bicycle -1 -1 -1 1023 201 1127 298 -1 -1 -1 5.43 1.31 8.04 -1 1.000000
94 63 person -1 -1 -1 1075 135 1114 201 -1 -1 -1 7.53 1.19 10.84 -1 1.000000
94 64 person -1 -1 -1 1051 147 1081 209 -1 -1 -1 7.68 1.17 11.75 -1 1.000000
94 65 person -1 -1 -1 743 161 776 246 -1 -1 -1 3.03 1.29 14.25 -1 1.000000
95 52 person -1 -1 -1 135 188 258 368 -1 -1 -1 -2.02 1.62 3.61 -1 1.000000
95 61 cyclist -1 -1 -1 887 157 966 236 -1 -1 -1 7.48 1.18 16.31 -1 1.000000
95 63 person -1 -1 -1 1075 133 1115 200 -1 -1 -1 7.43 1.28 10.65 -1 1.000000
95 64 person -1 -1 -1 1051 148 1079 213 -1 -1 -1 7.51 1.26 11.53 -1 1.000000
95 65 person -1 -1 -1 727 165 777 250 -1 -1 -1 2.94 1.33 14.07 -1 1.000000
95 66 bicycle -1 -1 -1 975 209 1084 275 -1 -1 -1 5.41 1.35 9.26 -1 1.000000
96 52 person -1 -1 -1 84 174 251 369 -1 -1 -1 -2.06 1.63 3.33 -1 1.000000
96 61 cyclist -1 -1 -1 870 163 954 231 -1 -1 -1 7.14 1.28 16.05 -1 1.000000
96 63 person -1 -1 -1 1071 133 1121 200 -1 -1 -1 7.27 1.38 10.48 -1 1.000000
96 64 person -1 -1 -1 1047 146 1078 215 -1 -1 -1 7.37 1.27 11.34 -1 1.000000
96 65 person -1 -1 -1 725 165 768 251 -1 -1 -1 2.81 1.38 13.98 -1 1.000000
96 66 bicycle -1 -1 -1 984 191 1083 283 -1 -1 -1 5.40 1.43 9.07 -1 1.000000
97 52 person -1 -1 -1 1 151 190 369 -1 -1 -1 -2.01 1.62 3.08 -1 1.000000
97 61 cyclist -1 -1 -1 856 161 936 233 -1 -1 -1 6.73 1.20 15.92 -1 1.000000
97 63 person -1 -1 -1 1068 134 1126 215 -1 -1 -1 7.14 1.25 10.21 -1 1.000000
97 65 person -1 -1 -1 725 165 754 251 -1 -1 -1 2.63 1.35 13.80 -1 1.000000
97 66 bicycle -1 -1 -1 988 201 1091 283 -1 -1 -1 5.44 1.32 9.00 -1 1.000000
97 67 person -1 -1 -1 1040 147 1066 217 -1 -1 -1 7.13 1.24 11.34 -1 1.000000
98 52 person -1 -1 -1 65 229 173 370 -1 -1 -1 -2.06 1.62 2.78 -1 1.000000
98 61 cyclist -1 -1 -1 838 167 923 233 -1 -1 -1 6.34 1.26 15.82 -1 1.000000
98 63 person -1 -1 -1 1071 136 1112 226 -1 -1 -1 6.94 1.32 9.98 -1 1.000000
98 65 person -1 -1 -1 715 164 743 253 -1 -1 -1 2.45 1.38 13.63 -1 1.000000
98 66 bicycle -1 -1 -1 993 215 1103 284 -1 -1 -1 5.43 1.37 8.86 -1 1.000000
98 67 person -1 -1 -1 1038 146 1068 220 -1 -1 -1 7.06 1.30 11.16 -1 1.000000
99 52 person -1 -1 -1 0 254 145 370 -1 -1 -1 -2.11 1.63 2.47 -1 1.000000
99 61 cyclist -1 -1 -1 827 166 909 237 -1 -1 -1 5.96 1.28 15.78 -1 1.000000
99 63 person -1 -1 -1 1080 135 1113 213 -1 -1 -1 6.73 1.35 9.63 -1 1.000000
99 65 person -1 -1 -1 701 167 741 257 -1 -1 -1 2.29 1.39 13.53 -1 1.000000
99 66 bicycle -1 -1 -1 1003 203 1108 283 -1 -1 -1 5.41 1.38 8.76 -1 1.000000
99 67 person -1 -1 -1 1041 147 1075 224 -1 -1 -1 6.99 1.32 10.98 -1 1.000000
100 61 cyclist -1 -1 -1 814 165 897 241 -1 -1 -1 5.62 1.29 15.72 -1 1.000000
100 65 person -1 -1 -1 690 169 738 256 -1 -1 -1 2.12 1.40 13.46 -1 1.000000
100 66 bicycle -1 -1 -1 1005 209 1116 290 -1 -1 -1 5.42 1.41 8.61 -1 1.000000
100 67 person -1 -1 -1 1040 151 1080 228 -1 -1 -1 6.84 1.35 10.72 -1 1.000000
100 68 pole -1 -1 -1 172 254 208 329 -1 -1 -1 -4.50 1.62 7.56 -1 1.000000
100 69 pole -1 -1 -1 294 220 306 280 -1 -1 -1 -4.53 1.57 10.59 -1 1.000000
101 61 cyclist -1 -1 -1 813 164 893 238 -1 -1 -1 5.30 1.35 15.60 -1 1.000000
101 65 person -1 -1 -1 688 170 733 257 -1 -1 -1 1.93 1.44 13.26 -1 1.000000
101 66 bicycle -1 -1 -1 1013 202 1116 287 -1 -1 -1 5.37 1.42 8.49 -1 1.000000
101 67 person -1 -1 -1 1043 139 1094 218 -1 -1 -1 6.55 1.40 10.02 -1 1.000000
101 68 pole -1 -1 -1 162 257 201 338 -1 -1 -1 -4.51 1.61 7.41 -1 1.000000
101 69 pole -1 -1 -1 288 229 307 286 -1 -1 -1 -4.54 1.58 10.42 -1 1.000000
101 70 tracking error -1 -1 -1 194 208 241 275 -1 -1 -1 -6.45 1.60 11.67 -1 1.000000
102 65 person -1 -1 -1 685 166 716 256 -1 -1 -1 1.74 1.43 13.12 -1 1.000000
102 66 bicycle -1 -1 -1 1021 198 1142 286 -1 -1 -1 5.39 1.43 8.35 -1 1.000000
102 67 person -1 -1 -1 1045 133 1099 222 -1 -1 -1 6.33 1.41 9.51 -1 1.000000
102 68 pole -1 -1 -1 152 256 194 336 -1 -1 -1 -4.52 1.60 7.25 -1 1.000000
102 69 pole -1 -1 -1 282 230 301 287 -1 -1 -1 -4.55 1.57 10.25 -1 1.000000
102 70 tracking error -1 -1 -1 193 207 236 281 -1 -1 -1 -6.47 1.58 11.53 -1 1.000000
102 71 cyclist -1 -1 -1 782 141 867 250 -1 -1 -1 4.80 1.35 15.36 -1 1.000000
102 72 bicycle -1 -1 -1 824 165 903 214 -1 -1 -1 7.40 1.24 20.40 -1 1.000000
103 65 person -1 -1 -1 679 166 706 258 -1 -1 -1 1.58 1.38 13.05 -1 1.000000
103 66 bicycle -1 -1 -1 1025 200 1138 287 -1 -1 -1 5.41 1.39 8.21 -1 1.000000
103 67 person -1 -1 -1 1040 130 1114 223 -1 -1 -1 6.20 1.35 9.25 -1 1.000000
103 68 pole -1 -1 -1 144 259 185 338 -1 -1 -1 -4.52 1.60 7.08 -1 1.000000
103 69 pole -1 -1 -1 276 229 298 288 -1 -1 -1 -4.55 1.56 10.08 -1 1.000000
103 70 tracking error -1 -1 -1 190 212 231 276 -1 -1 -1 -6.49 1.57 11.46 -1 1.000000
103 71 cyclist -1 -1 -1 770 144 852 238 -1 -1 -1 4.47 1.29 15.26 -1 1.000000
103 72 bicycle -1 -1 -1 841 162 902 214 -1 -1 -1 7.43 1.14 20.43 -1 1.000000
104 65 person -1 -1 -1 666 166 703 254 -1 -1 -1 1.44 1.41 12.98 -1 1.000000
104 66 bicycle -1 -1 -1 1038 200 1144 288 -1 -1 -1 5.51 1.45 8.10 -1 1.000000
104 67 person -1 -1 -1 1037 135 1109 232 -1 -1 -1 6.09 1.44 9.05 -1 1.000000
104 68 pole -1 -1 -1 132 262 176 340 -1 -1 -1 -4.53 1.59 6.94 -1 1.000000
104 69 pole -1 -1 -1 277 228 294 288 -1 -1 -1 -4.56 1.53 9.97 -1 1.000000
104 70 tracking error -1 -1 -1 186 213 224 268 -1 -1 -1 -6.48 1.53 11.32 -1 1.000000
104 72 bicycle -1 -1 -1 842 161 904 214 -1 -1 -1 7.43 1.22 20.20 -1 1.000000
104 73 tracking error -1 -1 -1 753 163 814 248 -1 -1 -1 4.25 1.35 15.31 -1 1.000000
105 65 person -1 -1 -1 656 168 702 258 -1 -1 -1 1.31 1.41 12.85 -1 1.000000
105 66 bicycle -1 -1 -1 1042 201 1146 292 -1 -1 -1 5.52 1.42 8.03 -1 1.000000
105 67 person -1 -1 -1 1038 131 1106 245 -1 -1 -1 5.98 1.40 8.88 -1 1.000000
105 69 pole -1 -1 -1 269 230 288 291 -1 -1 -1 -4.55 1.55 9.78 -1 1.000000
105 70 tracking error -1 -1 -1 178 214 222 272 -1 -1 -1 -6.49 1.55 11.19 -1 1.000000
105 72 bicycle -1 -1 -1 844 162 906 215 -1 -1 -1 7.53 1.19 20.06 -1 1.000000
105 73 tracking error -1 -1 -1 743 164 816 247 -1 -1 -1 3.90 1.33 15.24 -1 1.000000
105 74 pole -1 -1 -1 121 260 140 337 -1 -1 -1 -4.52 1.59 6.77 -1 1.000000
106 65 person -1 -1 -1 653 176 690 256 -1 -1 -1 1.12 1.37 12.70 -1 1.000000
106 66 bicycle -1 -1 -1 1060 195 1199 289 -1 -1 -1 5.61 1.35 7.85 -1 1.000000
106 67 person -1 -1 -1 1013 132 1105 266 -1 -1 -1 5.86 1.33 8.77 -1 1.000000
106 72 bicycle -1 -1 -1 851 178 909 215 -1 -1 -1 7.70 1.08 19.95 -1 1.000000
106 73 tracking error -1 -1 -1 725 167 814 240 -1 -1 -1 3.65 1.27 15.22 -1 1.000000
107 65 person -1 -1 -1 644 186 671 259 -1 -1 -1 0.93 1.42 12.59 -1 1.000000
107 66 bicycle -1 -1 -1 1066 200 1170 289 -1 -1 -1 5.55 1.47 7.71 -1 1.000000
107 67 person -1 -1 -1 1030 131 1107 244 -1 -1 -1 5.70 1.45 8.53 -1 1.000000
107 72 bicycle -1 -1 -1 850 177 912 215 -1 -1 -1 7.69 1.23 19.79 -1 1.000000
107 73 tracking error -1 -1 -1 714 190 802 241 -1 -1 -1 3.29 1.36 15.15 -1 1.000000
107 75 cyclist -1 -1 -1 935 168 1027 227 -1 -1 -1 8.44 1.30 15.78 -1 1.000000
108 65 person -1 -1 -1 633 165 662 261 -1 -1 -1 0.80 1.40 12.53 -1 1.000000
108 66 bicycle -1 -1 -1 1073 202 1174 298 -1 -1 -1 5.56 1.39 7.61 -1 1.000000
108 67 person -1 -1 -1 1039 132 1107 246 -1 -1 -1 5.59 1.37 8.33 -1 1.000000
108 72 bicycle -1 -1 -1 854 170 913 215 -1 -1 -1 7.74 1.11 19.75 -1 1.000000
108 73 tracking error -1 -1 -1 702 193 791 241 -1 -1 -1 3.09 1.31 15.07 -1 1.000000
108 75 cyclist -1 -1 -1 915 151 1007 230 -1 -1 -1 8.09 1.18 15.86 -1 1.000000
109 65 person -1 -1 -1 621 166 662 263 -1 -1 -1 0.67 1.39 12.38 -1 1.000000
109 66 bicycle -1 -1 -1 1071 211 1179 299 -1 -1 -1 5.49 1.37 7.48 -1 1.000000
109 67 person -1 -1 -1 1042 133 1106 248 -1 -1 -1 5.44 1.36 8.10 -1 1.000000
109 73 tracking error -1 -1 -1 696 192 781 242 -1 -1 -1 2.74 1.29 14.87 -1 1.000000
109 75 cyclist -1 -1 -1 891 157 984 230 -1 -1 -1 7.76 1.14 15.87 -1 1.000000
