42 0 truck -1 -1 -1 531 151 579 207 -1 -1 -1 -3.77 2.18 47.94 -1 1.000000
43 0 truck -1 -1 -1 530 151 577 208 -1 -1 -1 -3.73 2.04 45.05 -1 1.000000
44 0 truck -1 -1 -1 524 152 570 210 -1 -1 -1 -3.74 2.16 42.22 -1 1.000000
45 0 truck -1 -1 -1 519 151 569 212 -1 -1 -1 -3.71 2.14 39.37 -1 1.000000
46 0 truck -1 -1 -1 511 118 610 217 -1 -1 -1 -3.66 2.07 36.98 -1 1.000000
47 0 truck -1 -1 -1 502 148 562 225 -1 -1 -1 -3.70 1.77 34.19 -1 1.000000
48 0 truck -1 -1 -1 495 146 559 225 -1 -1 -1 -3.66 2.00 31.22 -1 1.000000
49 0 truck -1 -1 -1 484 143 556 225 -1 -1 -1 -3.60 2.02 28.27 -1 1.000000
50 0 truck -1 -1 -1 472 140 549 225 -1 -1 -1 -3.58 1.95 25.59 -1 1.000000
51 0 truck -1 -1 -1 453 136 542 237 -1 -1 -1 -3.59 1.95 22.95 -1 1.000000
52 0 truck -1 -1 -1 436 130 541 235 -1 -1 -1 -3.47 1.89 20.29 -1 1.000000
53 0 truck -1 -1 -1 426 125 534 239 -1 -1 -1 -2.98 1.89 17.69 -1 1.000000
54 0 truck -1 -1 -1 372 116 525 270 -1 -1 -1 -3.30 1.88 14.76 -1 1.000000
55 0 truck -1 -1 -1 328 105 513 270 -1 -1 -1 -3.17 1.84 12.08 -1 1.000000
56 0 truck -1 -1 -1 227 84 507 331 -1 -1 -1 -3.20 1.77 9.33 -1 1.000000
99 1 car -1 -1 -1 513 182 557 217 -1 -1 -1 -3.86 2.07 35.73 -1 1.000000
100 1 car -1 -1 -1 501 182 549 219 -1 -1 -1 -3.82 2.04 31.81 -1 1.000000
101 1 car -1 -1 -1 485 182 544 226 -1 -1 -1 -3.72 2.00 26.93 -1 1.000000
102 1 car -1 -1 -1 462 181 534 233 -1 -1 -1 -3.60 1.93 23.09 -1 1.000000
103 1 car -1 -1 -1 425 185 524 252 -1 -1 -1 -3.43 1.93 18.36 -1 1.000000
104 1 car -1 -1 -1 383 192 495 269 -1 -1 -1 -3.18 1.89 13.82 -1 1.000000
104 2 car -1 -1 -1 526 179 583 212 -1 -1 -1 -3.56 2.01 38.25 -1 1.000000
105 1 car -1 -1 -1 244 195 460 332 -1 -1 -1 -3.07 1.86 8.59 -1 1.000000
105 2 car -1 -1 -1 515 182 557 217 -1 -1 -1 -3.50 2.10 33.36 -1 1.000000
106 1 car -1 -1 -1 0 205 381 375 -1 -1 -1 -3.03 1.87 3.91 -1 1.000000
106 2 car -1 -1 -1 502 183 551 221 -1 -1 -1 -3.42 2.04 29.11 -1 1.000000
107 2 car -1 -1 -1 482 184 543 231 -1 -1 -1 -3.39 1.97 24.73 -1 1.000000
108 2 car -1 -1 -1 464 185 529 234 -1 -1 -1 -3.19 1.92 20.50 -1 1.000000
109 2 car -1 -1 -1 419 191 510 255 -1 -1 -1 -3.17 1.92 16.00 -1 1.000000
110 2 car -1 -1 -1 333 188 487 293 -1 -1 -1 -3.02 1.88 11.30 -1 1.000000
111 2 car -1 -1 -1 136 201 423 374 -1 -1 -1 -2.82 1.78 6.67 -1 1.000000
112 2 car -1 -1 -1 0 227 257 375 -1 -1 -1 -2.77 1.79 2.09 -1 1.000000
