1 0 car -1 -1 -1 388 175 453 214 -1 -1 -1 -8.27 1.78 29.63 -1 1.000000
2 0 car -1 -1 -1 372 177 431 219 -1 -1 -1 -7.85 1.76 26.49 -1 1.000000
3 0 car -1 -1 -1 350 178 415 227 -1 -1 -1 -7.48 1.80 23.46 -1 1.000000
4 0 car -1 -1 -1 323 181 397 233 -1 -1 -1 -7.15 1.82 20.49 -1 1.000000
5 0 car -1 -1 -1 282 184 374 248 -1 -1 -1 -6.82 1.82 17.50 -1 1.000000
6 0 car -1 -1 -1 228 185 342 262 -1 -1 -1 -6.49 1.80 14.57 -1 1.000000
7 0 car -1 -1 -1 128 185 292 288 -1 -1 -1 -6.30 1.80 11.58 -1 1.000000
7 1 tracking error -1 -1 -1 393 176 451 203 -1 -1 -1 -12.61 2.02 47.03 -1 1.000000
8 0 car -1 -1 -1 1 191 217 341 -1 -1 -1 -6.00 1.65 8.89 -1 1.000000
8 1 tracking error -1 -1 -1 384 176 451 203 -1 -1 -1 -12.15 1.99 42.87 -1 1.000000
9 0 car -1 -1 -1 1 198 94 360 -1 -1 -1 -5.81 1.71 7.21 -1 1.000000
9 1 tracking error -1 -1 -1 371 177 421 206 -1 -1 -1 -11.77 1.98 39.20 -1 1.000000
10 1 tracking error -1 -1 -1 355 177 410 209 -1 -1 -1 -11.28 2.03 35.34 -1 1.000000
11 1 tracking error -1 -1 -1 333 180 401 214 -1 -1 -1 -10.77 2.06 32.09 -1 1.000000
12 1 tracking error -1 -1 -1 303 181 379 222 -1 -1 -1 -10.47 1.81 28.67 -1 1.000000
13 1 tracking error -1 -1 -1 265 185 356 233 -1 -1 -1 -10.05 1.90 24.60 -1 1.000000
14 1 tracking error -1 -1 -1 210 183 327 242 -1 -1 -1 -9.77 1.89 21.10 -1 1.000000
15 1 tracking error -1 -1 -1 184 191 286 254 -1 -1 -1 -9.29 1.83 18.13 -1 1.000000
16 1 tracking error -1 -1 -1 42 191 222 277 -1 -1 -1 -9.27 1.85 14.44 -1 1.000000
17 1 tracking error -1 -1 -1 1 196 129 310 -1 -1 -1 -9.07 1.83 11.94 -1 1.000000
18 1 tracking error -1 -1 -1 0 253 21 274 -1 -1 -1 -8.99 1.86 8.50 -1 1.000000
113 2 car -1 -1 -1 1148 241 1242 352 -1 -1 -1 6.02 1.65 7.49 -1 1.000000
114 2 car -1 -1 -1 1096 196 1242 339 -1 -1 -1 6.12 1.66 7.87 -1 1.000000
115 2 car -1 -1 -1 1055 181 1241 343 -1 -1 -1 6.02 1.62 8.05 -1 1.000000
116 2 car -1 -1 -1 1020 193 1241 341 -1 -1 -1 6.01 1.63 8.39 -1 1.000000
117 2 car -1 -1 -1 985 191 1240 334 -1 -1 -1 6.04 1.64 8.79 -1 1.000000
118 2 car -1 -1 -1 957 162 1240 316 -1 -1 -1 6.11 1.63 9.25 -1 1.000000
119 2 car -1 -1 -1 939 165 1221 308 -1 -1 -1 6.18 1.62 9.81 -1 1.000000
120 2 car -1 -1 -1 911 171 1172 295 -1 -1 -1 6.20 1.65 10.56 -1 1.000000
121 2 car -1 -1 -1 898 182 1119 283 -1 -1 -1 6.21 1.66 11.32 -1 1.000000
122 2 car -1 -1 -1 883 181 1083 276 -1 -1 -1 6.24 1.63 12.18 -1 1.000000
123 2 car -1 -1 -1 869 180 1050 269 -1 -1 -1 6.29 1.60 13.14 -1 1.000000
124 2 car -1 -1 -1 855 176 1016 254 -1 -1 -1 6.30 1.62 14.07 -1 1.000000
125 2 car -1 -1 -1 841 175 988 248 -1 -1 -1 6.34 1.61 15.13 -1 1.000000
126 2 car -1 -1 -1 831 175 965 244 -1 -1 -1 6.44 1.56 16.19 -1 1.000000
126 3 truck -1 -1 -1 135 133 282 207 -1 -1 -1 -26.01 1.75 48.15 -1 1.000000
127 2 car -1 -1 -1 820 176 944 239 -1 -1 -1 6.43 1.58 17.16 -1 1.000000
127 3 truck -1 -1 -1 131 135 279 205 -1 -1 -1 -25.11 1.48 47.29 -1 1.000000
128 2 car -1 -1 -1 810 176 926 236 -1 -1 -1 6.41 1.59 18.20 -1 1.000000
128 4 truck -1 -1 -1 96 126 253 207 -1 -1 -1 -29.11 1.51 47.22 -1 1.000000
129 2 car -1 -1 -1 799 176 909 233 -1 -1 -1 6.45 1.59 19.17 -1 1.000000
129 4 truck -1 -1 -1 53 134 284 209 -1 -1 -1 -27.47 1.55 45.16 -1 1.000000
130 2 car -1 -1 -1 793 177 894 230 -1 -1 -1 6.57 1.60 20.24 -1 1.000000
130 4 truck -1 -1 -1 104 135 272 207 -1 -1 -1 -26.54 1.55 43.75 -1 1.000000
131 2 car -1 -1 -1 788 175 880 226 -1 -1 -1 6.63 1.60 21.32 -1 1.000000
131 4 truck -1 -1 -1 100 133 297 211 -1 -1 -1 -23.98 1.68 42.46 -1 1.000000
132 2 car -1 -1 -1 779 173 865 221 -1 -1 -1 6.65 1.57 22.54 -1 1.000000
132 4 truck -1 -1 -1 102 136 298 213 -1 -1 -1 -23.27 1.57 41.76 -1 1.000000
133 2 car -1 -1 -1 770 162 853 221 -1 -1 -1 6.81 1.57 23.74 -1 1.000000
133 4 truck -1 -1 -1 103 136 304 214 -1 -1 -1 -22.92 1.74 41.18 -1 1.000000
134 2 car -1 -1 -1 767 173 842 219 -1 -1 -1 6.88 1.62 24.96 -1 1.000000
134 4 truck -1 -1 -1 99 135 307 213 -1 -1 -1 -22.73 1.73 40.52 -1 1.000000
135 2 car -1 -1 -1 761 174 830 216 -1 -1 -1 6.85 1.62 26.26 -1 1.000000
135 4 truck -1 -1 -1 70 130 393 216 -1 -1 -1 -22.74 1.52 40.00 -1 1.000000
136 2 car -1 -1 -1 755 174 822 215 -1 -1 -1 6.96 1.59 27.49 -1 1.000000
136 4 truck -1 -1 -1 99 136 317 215 -1 -1 -1 -22.76 2.00 39.26 -1 1.000000
137 2 car -1 -1 -1 750 174 813 212 -1 -1 -1 6.92 1.64 28.68 -1 1.000000
137 4 truck -1 -1 -1 97 135 314 216 -1 -1 -1 -22.28 1.70 38.44 -1 1.000000
138 2 car -1 -1 -1 746 174 806 209 -1 -1 -1 7.02 1.64 29.89 -1 1.000000
138 4 truck -1 -1 -1 95 134 314 220 -1 -1 -1 -21.84 1.68 37.88 -1 1.000000
139 2 car -1 -1 -1 742 174 799 209 -1 -1 -1 7.02 1.62 31.05 -1 1.000000
139 4 truck -1 -1 -1 90 134 317 220 -1 -1 -1 -21.64 1.71 36.73 -1 1.000000
140 2 car -1 -1 -1 739 173 792 207 -1 -1 -1 7.14 1.57 32.43 -1 1.000000
140 4 truck -1 -1 -1 90 133 317 223 -1 -1 -1 -21.16 1.52 35.85 -1 1.000000
141 2 car -1 -1 -1 735 173 785 205 -1 -1 -1 7.15 1.63 33.79 -1 1.000000
141 4 truck -1 -1 -1 89 132 316 220 -1 -1 -1 -20.80 1.70 35.03 -1 1.000000
142 2 car -1 -1 -1 732 159 780 204 -1 -1 -1 7.29 1.60 35.18 -1 1.000000
142 4 truck -1 -1 -1 64 130 310 228 -1 -1 -1 -20.69 1.71 34.42 -1 1.000000
143 2 car -1 -1 -1 728 162 774 202 -1 -1 -1 7.31 1.53 36.43 -1 1.000000
143 4 truck -1 -1 -1 60 126 311 224 -1 -1 -1 -20.38 1.58 33.46 -1 1.000000
144 2 car -1 -1 -1 717 158 770 201 -1 -1 -1 7.56 1.53 38.57 -1 1.000000
144 4 truck -1 -1 -1 56 129 311 221 -1 -1 -1 -20.27 1.60 32.58 -1 1.000000
145 2 car -1 -1 -1 717 157 767 199 -1 -1 -1 7.49 1.51 39.56 -1 1.000000
145 4 truck -1 -1 -1 46 129 308 221 -1 -1 -1 -19.93 1.92 31.81 -1 1.000000
146 2 car -1 -1 -1 718 156 764 198 -1 -1 -1 7.58 1.51 40.76 -1 1.000000
146 4 truck -1 -1 -1 38 127 309 222 -1 -1 -1 -19.66 1.71 31.41 -1 1.000000
147 2 car -1 -1 -1 717 173 763 198 -1 -1 -1 7.69 1.45 41.93 -1 1.000000
147 4 truck -1 -1 -1 5 118 295 224 -1 -1 -1 -19.64 1.72 30.35 -1 1.000000
148 4 truck -1 -1 -1 1 110 290 228 -1 -1 -1 -19.41 1.70 29.72 -1 1.000000
149 4 truck -1 -1 -1 1 104 286 232 -1 -1 -1 -19.20 1.82 29.20 -1 1.000000
150 5 truck -1 -1 -1 102 121 286 221 -1 -1 -1 -16.72 1.66 28.79 -1 1.000000
151 5 truck -1 -1 -1 79 117 282 221 -1 -1 -1 -16.78 1.55 28.03 -1 1.000000
152 5 truck -1 -1 -1 72 104 274 223 -1 -1 -1 -16.66 1.71 27.39 -1 1.000000
153 5 truck -1 -1 -1 69 115 268 225 -1 -1 -1 -16.35 1.67 26.78 -1 1.000000
154 5 truck -1 -1 -1 42 114 262 225 -1 -1 -1 -16.44 1.72 25.94 -1 1.000000
155 5 truck -1 -1 -1 37 114 256 227 -1 -1 -1 -16.47 1.78 25.44 -1 1.000000
156 5 truck -1 -1 -1 1 109 249 237 -1 -1 -1 -16.53 1.78 24.86 -1 1.000000
157 5 truck -1 -1 -1 1 91 241 237 -1 -1 -1 -16.45 1.71 24.32 -1 1.000000
158 5 truck -1 -1 -1 1 104 231 238 -1 -1 -1 -16.30 1.67 23.91 -1 1.000000
159 5 truck -1 -1 -1 1 104 226 239 -1 -1 -1 -16.09 1.67 23.40 -1 1.000000
160 5 truck -1 -1 -1 1 99 220 240 -1 -1 -1 -15.98 1.71 22.84 -1 1.000000
160 6 traffic light -1 -1 -1 237 101 267 166 -1 -1 -1 -9.76 1.67 19.86 -1 1.000000
161 5 truck -1 -1 -1 1 103 212 237 -1 -1 -1 -15.88 1.68 22.53 -1 1.000000
161 6 traffic light -1 -1 -1 227 99 257 165 -1 -1 -1 -9.77 1.65 19.34 -1 1.000000
162 5 truck -1 -1 -1 1 104 207 241 -1 -1 -1 -15.70 1.68 22.02 -1 1.000000
162 6 traffic light -1 -1 -1 219 97 249 160 -1 -1 -1 -9.78 1.65 18.88 -1 1.000000
163 5 truck -1 -1 -1 1 69 200 244 -1 -1 -1 -15.55 1.63 21.56 -1 1.000000
163 6 traffic light -1 -1 -1 213 97 241 166 -1 -1 -1 -9.70 1.62 18.38 -1 1.000000
164 5 truck -1 -1 -1 1 68 195 247 -1 -1 -1 -15.40 1.71 21.23 -1 1.000000
164 6 traffic light -1 -1 -1 204 94 235 152 -1 -1 -1 -9.74 1.68 18.00 -1 1.000000
165 5 truck -1 -1 -1 1 67 191 250 -1 -1 -1 -15.18 1.68 20.84 -1 1.000000
165 6 traffic light -1 -1 -1 199 93 228 151 -1 -1 -1 -9.63 1.65 17.50 -1 1.000000
165 7 traffic light -1 -1 -1 444 58 472 135 -1 -1 -1 -2.60 1.63 12.40 -1 1.000000
166 5 truck -1 -1 -1 1 70 187 251 -1 -1 -1 -15.04 1.66 20.45 -1 1.000000
166 6 traffic light -1 -1 -1 188 91 218 151 -1 -1 -1 -9.63 1.65 17.21 -1 1.000000
166 7 traffic light -1 -1 -1 441 56 467 134 -1 -1 -1 -2.59 1.62 12.02 -1 1.000000
166 8 road sign -1 -1 -1 547 125 602 153 -1 -1 -1 -1.75 1.51 33.23 -1 1.000000
166 9 road sign -1 -1 -1 250 153 270 221 -1 -1 -1 -12.04 1.63 24.85 -1 1.000000
167 5 truck -1 -1 -1 1 78 173 251 -1 -1 -1 -14.87 1.58 20.18 -1 1.000000
167 6 traffic light -1 -1 -1 179 90 210 148 -1 -1 -1 -9.60 1.60 16.77 -1 1.000000
167 7 traffic light -1 -1 -1 437 49 465 134 -1 -1 -1 -2.58 1.60 11.65 -1 1.000000
168 5 truck -1 -1 -1 1 87 202 252 -1 -1 -1 -14.74 1.59 19.84 -1 1.000000
168 6 traffic light -1 -1 -1 170 88 203 149 -1 -1 -1 -9.62 1.60 16.52 -1 1.000000
168 7 traffic light -1 -1 -1 431 51 459 134 -1 -1 -1 -2.57 1.61 11.32 -1 1.000000
168 9 road sign -1 -1 -1 241 152 261 223 -1 -1 -1 -12.01 1.56 24.10 -1 1.000000
169 5 truck -1 -1 -1 1 97 155 249 -1 -1 -1 -14.64 1.59 19.52 -1 1.000000
169 6 traffic light -1 -1 -1 156 86 195 151 -1 -1 -1 -9.64 1.60 16.17 -1 1.000000
169 7 traffic light -1 -1 -1 426 49 455 125 -1 -1 -1 -2.57 1.61 11.01 -1 1.000000
169 9 road sign -1 -1 -1 236 151 258 226 -1 -1 -1 -12.00 1.56 23.79 -1 1.000000
169 10 road sign -1 -1 -1 910 135 928 196 -1 -1 -1 10.69 1.51 24.97 -1 1.000000
170 5 truck -1 -1 -1 1 96 150 252 -1 -1 -1 -14.54 1.67 19.21 -1 1.000000
170 6 traffic light -1 -1 -1 158 86 187 157 -1 -1 -1 -9.61 1.65 15.89 -1 1.000000
170 7 traffic light -1 -1 -1 422 42 453 123 -1 -1 -1 -2.55 1.63 10.70 -1 1.000000
170 9 road sign -1 -1 -1 232 150 254 230 -1 -1 -1 -11.97 1.65 23.33 -1 1.000000
170 10 road sign -1 -1 -1 917 135 930 196 -1 -1 -1 10.67 1.52 24.56 -1 1.000000
171 5 truck -1 -1 -1 1 95 145 252 -1 -1 -1 -14.43 1.63 18.97 -1 1.000000
171 6 traffic light -1 -1 -1 152 85 183 166 -1 -1 -1 -9.53 1.63 15.54 -1 1.000000
171 7 traffic light -1 -1 -1 418 41 447 123 -1 -1 -1 -2.53 1.63 10.38 -1 1.000000
171 9 road sign -1 -1 -1 227 152 250 225 -1 -1 -1 -11.88 1.61 22.93 -1 1.000000
171 10 road sign -1 -1 -1 922 135 936 196 -1 -1 -1 10.67 1.54 24.20 -1 1.000000
172 5 truck -1 -1 -1 1 95 140 270 -1 -1 -1 -14.33 1.63 18.69 -1 1.000000
172 6 traffic light -1 -1 -1 141 85 176 167 -1 -1 -1 -9.52 1.63 15.31 -1 1.000000
172 7 traffic light -1 -1 -1 414 38 444 123 -1 -1 -1 -2.52 1.63 10.08 -1 1.000000
172 9 road sign -1 -1 -1 223 151 245 226 -1 -1 -1 -11.83 1.62 22.58 -1 1.000000
172 10 road sign -1 -1 -1 925 135 940 197 -1 -1 -1 10.64 1.57 23.81 -1 1.000000
172 11 traffic light -1 -1 -1 1052 92 1080 155 -1 -1 -1 10.57 1.58 16.82 -1 1.000000
173 5 truck -1 -1 -1 1 94 134 270 -1 -1 -1 -14.24 1.58 18.50 -1 1.000000
173 6 traffic light -1 -1 -1 133 82 165 142 -1 -1 -1 -9.56 1.59 15.01 -1 1.000000
173 7 traffic light -1 -1 -1 408 36 440 123 -1 -1 -1 -2.52 1.61 9.82 -1 1.000000
173 9 road sign -1 -1 -1 218 151 242 229 -1 -1 -1 -11.84 1.56 22.44 -1 1.000000
173 10 road sign -1 -1 -1 930 134 952 198 -1 -1 -1 10.67 1.55 23.52 -1 1.000000
173 11 traffic light -1 -1 -1 1061 95 1087 156 -1 -1 -1 10.59 1.58 16.57 -1 1.000000
174 5 truck -1 -1 -1 1 93 136 247 -1 -1 -1 -14.07 1.67 18.46 -1 1.000000
174 6 traffic light -1 -1 -1 126 80 161 144 -1 -1 -1 -9.59 1.65 14.80 -1 1.000000
174 7 traffic light -1 -1 -1 403 21 438 127 -1 -1 -1 -2.52 1.64 9.55 -1 1.000000
174 9 road sign -1 -1 -1 214 150 240 227 -1 -1 -1 -11.84 1.65 22.18 -1 1.000000
174 10 road sign -1 -1 -1 934 134 950 198 -1 -1 -1 10.66 1.56 23.17 -1 1.000000
174 11 traffic light -1 -1 -1 1070 95 1098 158 -1 -1 -1 10.71 1.58 16.40 -1 1.000000
175 5 truck -1 -1 -1 1 98 132 270 -1 -1 -1 -14.02 1.70 18.38 -1 1.000000
175 6 traffic light -1 -1 -1 104 76 150 143 -1 -1 -1 -9.66 1.69 14.62 -1 1.000000
175 7 traffic light -1 -1 -1 398 19 438 127 -1 -1 -1 -2.50 1.65 9.29 -1 1.000000
175 9 road sign -1 -1 -1 208 151 235 226 -1 -1 -1 -11.80 1.69 21.79 -1 1.000000
175 10 road sign -1 -1 -1 939 134 953 198 -1 -1 -1 10.68 1.57 22.95 -1 1.000000
175 11 traffic light -1 -1 -1 1076 94 1104 157 -1 -1 -1 10.73 1.57 16.13 -1 1.000000
176 5 truck -1 -1 -1 1 99 123 270 -1 -1 -1 -13.88 1.69 18.48 -1 1.000000
176 6 traffic light -1 -1 -1 107 77 143 145 -1 -1 -1 -9.66 1.68 14.38 -1 1.000000
176 7 traffic light -1 -1 -1 393 16 440 127 -1 -1 -1 -2.50 1.66 9.06 -1 1.000000
176 9 road sign -1 -1 -1 204 151 233 227 -1 -1 -1 -11.77 1.67 21.54 -1 1.000000
176 10 road sign -1 -1 -1 943 133 962 198 -1 -1 -1 10.74 1.51 22.79 -1 1.000000
176 11 traffic light -1 -1 -1 1085 94 1114 155 -1 -1 -1 10.72 1.55 15.86 -1 1.000000
177 5 truck -1 -1 -1 1 102 116 267 -1 -1 -1 -13.71 1.67 18.34 -1 1.000000
177 6 traffic light -1 -1 -1 101 76 141 144 -1 -1 -1 -9.64 1.67 14.16 -1 1.000000
177 7 traffic light -1 -1 -1 388 20 424 127 -1 -1 -1 -2.50 1.65 8.82 -1 1.000000
177 9 road sign -1 -1 -1 200 151 226 211 -1 -1 -1 -11.81 1.66 21.34 -1 1.000000
177 10 road sign -1 -1 -1 945 133 963 198 -1 -1 -1 10.73 1.56 22.58 -1 1.000000
177 11 traffic light -1 -1 -1 1092 93 1124 157 -1 -1 -1 10.72 1.58 15.63 -1 1.000000
178 5 truck -1 -1 -1 1 104 123 263 -1 -1 -1 -13.63 1.69 18.25 -1 1.000000
178 6 traffic light -1 -1 -1 95 75 131 147 -1 -1 -1 -9.65 1.68 13.90 -1 1.000000
178 7 traffic light -1 -1 -1 383 18 420 127 -1 -1 -1 -2.49 1.66 8.59 -1 1.000000
178 9 road sign -1 -1 -1 196 151 221 226 -1 -1 -1 -11.83 1.68 21.20 -1 1.000000
178 10 road sign -1 -1 -1 949 133 967 199 -1 -1 -1 10.75 1.57 22.29 -1 1.000000
178 11 traffic light -1 -1 -1 1099 92 1128 156 -1 -1 -1 10.70 1.58 15.40 -1 1.000000
179 6 traffic light -1 -1 -1 83 74 121 144 -1 -1 -1 -9.67 1.70 13.73 -1 1.000000
179 7 traffic light -1 -1 -1 378 13 418 127 -1 -1 -1 -2.49 1.66 8.39 -1 1.000000
179 9 road sign -1 -1 -1 193 151 218 225 -1 -1 -1 -11.89 1.72 21.13 -1 1.000000
179 10 road sign -1 -1 -1 953 133 973 200 -1 -1 -1 10.73 1.59 21.97 -1 1.000000
179 11 traffic light -1 -1 -1 1106 91 1136 155 -1 -1 -1 10.70 1.59 15.24 -1 1.000000
180 6 traffic light -1 -1 -1 79 71 115 141 -1 -1 -1 -9.66 1.61 13.58 -1 1.000000
180 7 traffic light -1 -1 -1 373 12 410 127 -1 -1 -1 -2.48 1.63 8.19 -1 1.000000
180 9 road sign -1 -1 -1 189 151 214 220 -1 -1 -1 -11.90 1.57 21.06 -1 1.000000
180 10 road sign -1 -1 -1 956 133 974 200 -1 -1 -1 10.68 1.61 21.70 -1 1.000000
180 11 traffic light -1 -1 -1 1114 88 1145 157 -1 -1 -1 10.72 1.63 15.06 -1 1.000000
181 6 traffic light -1 -1 -1 69 69 113 145 -1 -1 -1 -9.70 1.65 13.37 -1 1.000000
181 7 traffic light -1 -1 -1 368 9 406 118 -1 -1 -1 -2.49 1.65 8.01 -1 1.000000
181 9 road sign -1 -1 -1 186 150 210 228 -1 -1 -1 -11.87 1.65 20.66 -1 1.000000
181 10 road sign -1 -1 -1 959 133 977 201 -1 -1 -1 10.69 1.59 21.55 -1 1.000000
181 11 traffic light -1 -1 -1 1120 88 1150 155 -1 -1 -1 10.73 1.61 14.89 -1 1.000000
182 6 traffic light -1 -1 -1 65 68 105 145 -1 -1 -1 -9.69 1.67 13.22 -1 1.000000
182 7 traffic light -1 -1 -1 363 6 403 120 -1 -1 -1 -2.47 1.65 7.83 -1 1.000000
182 9 road sign -1 -1 -1 182 151 208 236 -1 -1 -1 -11.84 1.68 20.45 -1 1.000000
182 10 road sign -1 -1 -1 962 132 981 200 -1 -1 -1 10.68 1.60 21.36 -1 1.000000
182 11 traffic light -1 -1 -1 1127 88 1158 154 -1 -1 -1 10.74 1.60 14.70 -1 1.000000
183 6 traffic light -1 -1 -1 58 68 110 145 -1 -1 -1 -9.63 1.64 12.99 -1 1.000000
183 7 traffic light -1 -1 -1 358 2 399 111 -1 -1 -1 -2.47 1.64 7.68 -1 1.000000
183 9 road sign -1 -1 -1 180 150 205 234 -1 -1 -1 -11.82 1.63 20.35 -1 1.000000
183 10 road sign -1 -1 -1 963 132 985 201 -1 -1 -1 10.68 1.60 21.17 -1 1.000000
183 11 traffic light -1 -1 -1 1132 84 1165 157 -1 -1 -1 10.74 1.61 14.53 -1 1.000000
184 6 traffic light -1 -1 -1 46 67 101 145 -1 -1 -1 -9.64 1.69 12.83 -1 1.000000
184 7 traffic light -1 -1 -1 354 1 394 111 -1 -1 -1 -2.48 1.66 7.54 -1 1.000000
184 9 road sign -1 -1 -1 176 150 203 234 -1 -1 -1 -11.77 1.70 20.11 -1 1.000000
184 10 road sign -1 -1 -1 967 131 986 201 -1 -1 -1 10.69 1.61 20.99 -1 1.000000
184 11 traffic light -1 -1 -1 1138 85 1171 157 -1 -1 -1 10.75 1.61 14.34 -1 1.000000
185 6 traffic light -1 -1 -1 42 67 91 145 -1 -1 -1 -9.64 1.69 12.73 -1 1.000000
185 7 traffic light -1 -1 -1 349 1 391 111 -1 -1 -1 -2.47 1.67 7.41 -1 1.000000
185 9 road sign -1 -1 -1 173 151 201 234 -1 -1 -1 -11.82 1.67 20.07 -1 1.000000
185 10 road sign -1 -1 -1 971 131 989 202 -1 -1 -1 10.69 1.57 20.83 -1 1.000000
185 11 traffic light -1 -1 -1 1143 85 1175 157 -1 -1 -1 10.76 1.59 14.24 -1 1.000000
186 7 traffic light -1 -1 -1 345 1 388 111 -1 -1 -1 -2.46 1.65 7.29 -1 1.000000
186 10 road sign -1 -1 -1 972 131 992 202 -1 -1 -1 10.66 1.57 20.65 -1 1.000000
186 11 traffic light -1 -1 -1 1149 86 1181 153 -1 -1 -1 10.82 1.60 14.18 -1 1.000000
186 12 unknown -1 -1 -1 1 67 126 273 -1 -1 -1 -11.74 1.63 15.39 -1 1.000000
187 7 traffic light -1 -1 -1 341 1 386 111 -1 -1 -1 -2.47 1.63 7.17 -1 1.000000
187 10 road sign -1 -1 -1 975 131 994 202 -1 -1 -1 10.63 1.62 20.48 -1 1.000000
187 11 traffic light -1 -1 -1 1154 84 1187 157 -1 -1 -1 10.83 1.63 14.06 -1 1.000000
187 12 unknown -1 -1 -1 1 58 133 273 -1 -1 -1 -11.62 1.60 15.26 -1 1.000000
188 7 traffic light -1 -1 -1 337 1 380 111 -1 -1 -1 -2.48 1.67 7.05 -1 1.000000
188 10 road sign -1 -1 -1 975 131 996 203 -1 -1 -1 10.66 1.60 20.39 -1 1.000000
188 11 traffic light -1 -1 -1 1159 83 1193 157 -1 -1 -1 10.85 1.61 13.94 -1 1.000000
188 13 truck -1 -1 -1 1 56 142 287 -1 -1 -1 -11.53 1.68 15.22 -1 1.000000
188 14 road sign -1 -1 -1 549 120 607 166 -1 -1 -1 -1.26 1.63 27.48 -1 1.000000
189 7 traffic light -1 -1 -1 333 1 377 111 -1 -1 -1 -2.46 1.66 6.93 -1 1.000000
189 10 road sign -1 -1 -1 981 132 999 203 -1 -1 -1 10.64 1.64 20.24 -1 1.000000
189 11 traffic light -1 -1 -1 1164 84 1197 157 -1 -1 -1 10.88 1.64 13.84 -1 1.000000
189 13 truck -1 -1 -1 1 57 150 278 -1 -1 -1 -11.32 1.67 15.23 -1 1.000000
189 14 road sign -1 -1 -1 548 121 608 169 -1 -1 -1 -1.24 1.66 27.42 -1 1.000000
190 7 traffic light -1 -1 -1 329 1 374 111 -1 -1 -1 -2.46 1.66 6.84 -1 1.000000
190 10 road sign -1 -1 -1 983 132 1001 203 -1 -1 -1 10.65 1.64 20.16 -1 1.000000
190 11 traffic light -1 -1 -1 1167 82 1204 157 -1 -1 -1 10.86 1.65 13.74 -1 1.000000
190 13 truck -1 -1 -1 1 57 160 287 -1 -1 -1 -11.05 1.64 15.18 -1 1.000000
190 14 road sign -1 -1 -1 549 123 610 167 -1 -1 -1 -1.21 1.63 27.37 -1 1.000000
191 7 traffic light -1 -1 -1 325 1 372 111 -1 -1 -1 -2.46 1.67 6.76 -1 1.000000
191 10 road sign -1 -1 -1 983 132 1003 208 -1 -1 -1 10.65 1.64 20.06 -1 1.000000
191 11 traffic light -1 -1 -1 1172 83 1206 157 -1 -1 -1 10.87 1.62 13.65 -1 1.000000
191 13 truck -1 -1 -1 1 59 186 287 -1 -1 -1 -10.88 1.74 15.09 -1 1.000000
191 14 road sign -1 -1 -1 549 123 611 167 -1 -1 -1 -1.18 1.72 27.39 -1 1.000000
191 15 unknown -1 -1 -1 541 147 553 196 -1 -1 -1 -2.28 1.73 26.11 -1 1.000000
192 7 traffic light -1 -1 -1 321 1 369 111 -1 -1 -1 -2.45 1.68 6.66 -1 1.000000
192 10 road sign -1 -1 -1 984 132 1006 208 -1 -1 -1 10.63 1.62 19.93 -1 1.000000
192 11 traffic light -1 -1 -1 1176 82 1211 157 -1 -1 -1 10.88 1.61 13.54 -1 1.000000
192 13 truck -1 -1 -1 1 58 187 287 -1 -1 -1 -10.66 1.72 15.03 -1 1.000000
192 14 road sign -1 -1 -1 550 124 611 166 -1 -1 -1 -1.12 1.68 27.30 -1 1.000000
193 7 traffic light -1 -1 -1 318 1 365 111 -1 -1 -1 -2.46 1.66 6.60 -1 1.000000
193 10 road sign -1 -1 -1 985 132 1008 208 -1 -1 -1 10.60 1.65 19.78 -1 1.000000
193 11 traffic light -1 -1 -1 1178 82 1217 157 -1 -1 -1 10.90 1.64 13.48 -1 1.000000
193 13 truck -1 -1 -1 1 59 197 287 -1 -1 -1 -10.42 1.68 14.95 -1 1.000000
193 14 road sign -1 -1 -1 549 124 611 166 -1 -1 -1 -1.09 1.68 27.23 -1 1.000000
194 7 traffic light -1 -1 -1 315 1 362 111 -1 -1 -1 -2.47 1.66 6.52 -1 1.000000
194 10 road sign -1 -1 -1 989 131 1009 205 -1 -1 -1 10.60 1.62 19.67 -1 1.000000
194 11 traffic light -1 -1 -1 1182 82 1219 157 -1 -1 -1 10.88 1.63 13.36 -1 1.000000
194 13 truck -1 -1 -1 43 65 217 279 -1 -1 -1 -10.20 1.64 14.91 -1 1.000000
194 14 road sign -1 -1 -1 550 123 611 164 -1 -1 -1 -1.07 1.61 27.14 -1 1.000000
195 7 traffic light -1 -1 -1 312 1 361 111 -1 -1 -1 -2.46 1.66 6.44 -1 1.000000
195 10 road sign -1 -1 -1 991 131 1010 205 -1 -1 -1 10.59 1.63 19.57 -1 1.000000
195 11 traffic light -1 -1 -1 1185 82 1223 157 -1 -1 -1 10.86 1.63 13.30 -1 1.000000
195 13 truck -1 -1 -1 38 68 229 266 -1 -1 -1 -9.99 1.67 14.84 -1 1.000000
195 14 road sign -1 -1 -1 550 123 610 163 -1 -1 -1 -1.09 1.64 27.07 -1 1.000000
196 7 traffic light -1 -1 -1 308 1 358 111 -1 -1 -1 -2.46 1.66 6.40 -1 1.000000
196 10 road sign -1 -1 -1 993 131 1011 204 -1 -1 -1 10.62 1.63 19.56 -1 1.000000
196 11 traffic light -1 -1 -1 1189 81 1227 157 -1 -1 -1 10.86 1.65 13.26 -1 1.000000
196 13 truck -1 -1 -1 35 68 246 263 -1 -1 -1 -9.79 1.63 14.80 -1 1.000000
196 14 road sign -1 -1 -1 550 123 611 164 -1 -1 -1 -1.07 1.61 26.97 -1 1.000000
197 7 traffic light -1 -1 -1 306 1 357 111 -1 -1 -1 -2.47 1.68 6.35 -1 1.000000
197 10 road sign -1 -1 -1 993 131 1013 204 -1 -1 -1 10.62 1.61 19.52 -1 1.000000
197 11 traffic light -1 -1 -1 1191 81 1230 157 -1 -1 -1 10.85 1.63 13.19 -1 1.000000
197 13 truck -1 -1 -1 60 80 263 264 -1 -1 -1 -9.52 1.68 14.78 -1 1.000000
197 14 road sign -1 -1 -1 550 123 611 163 -1 -1 -1 -1.05 1.63 26.93 -1 1.000000
198 7 traffic light -1 -1 -1 304 1 354 100 -1 -1 -1 -2.46 1.65 6.29 -1 1.000000
198 10 road sign -1 -1 -1 994 131 1014 204 -1 -1 -1 10.62 1.64 19.50 -1 1.000000
198 11 traffic light -1 -1 -1 1193 81 1231 157 -1 -1 -1 10.82 1.66 13.10 -1 1.000000
198 13 truck -1 -1 -1 72 78 338 269 -1 -1 -1 -9.27 1.62 14.81 -1 1.000000
198 14 road sign -1 -1 -1 549 123 611 164 -1 -1 -1 -1.10 1.61 26.86 -1 1.000000
199 7 traffic light -1 -1 -1 302 1 353 100 -1 -1 -1 -2.47 1.67 6.25 -1 1.000000
199 10 road sign -1 -1 -1 995 131 1015 204 -1 -1 -1 10.65 1.65 19.46 -1 1.000000
199 11 traffic light -1 -1 -1 1195 80 1233 157 -1 -1 -1 10.85 1.63 13.06 -1 1.000000
199 13 truck -1 -1 -1 1 56 301 269 -1 -1 -1 -9.18 1.70 14.76 -1 1.000000
199 14 road sign -1 -1 -1 549 123 611 165 -1 -1 -1 -1.12 1.70 26.87 -1 1.000000
199 16 unknown -1 -1 -1 145 119 218 202 -1 -1 -1 -9.07 1.70 14.85 -1 1.000000
199 17 wheel -1 -1 -1 124 205 196 260 -1 -1 -1 -9.29 1.70 14.79 -1 1.000000
200 7 traffic light -1 -1 -1 300 1 352 99 -1 -1 -1 -2.46 1.66 6.21 -1 1.000000
200 10 road sign -1 -1 -1 995 129 1022 213 -1 -1 -1 10.74 1.64 19.58 -1 1.000000
200 11 traffic light -1 -1 -1 1196 80 1237 157 -1 -1 -1 10.85 1.63 12.98 -1 1.000000
200 13 truck -1 -1 -1 1 59 330 275 -1 -1 -1 -9.04 1.68 14.77 -1 1.000000
200 16 unknown -1 -1 -1 171 118 242 194 -1 -1 -1 -8.57 1.68 14.94 -1 1.000000
200 17 wheel -1 -1 -1 147 203 220 259 -1 -1 -1 -8.84 1.68 14.85 -1 1.000000
200 18 unknown -1 -1 -1 540 119 557 206 -1 -1 -1 -2.22 1.66 25.75 -1 1.000000
201 7 traffic light -1 -1 -1 299 1 350 98 -1 -1 -1 -2.46 1.66 6.19 -1 1.000000
201 10 road sign -1 -1 -1 996 129 1018 207 -1 -1 -1 10.75 1.65 19.57 -1 1.000000
201 11 traffic light -1 -1 -1 1199 80 1239 157 -1 -1 -1 10.83 1.65 12.96 -1 1.000000
201 13 truck -1 -1 -1 38 70 343 265 -1 -1 -1 -8.70 1.65 14.83 -1 1.000000
201 17 wheel -1 -1 -1 170 202 245 258 -1 -1 -1 -8.36 1.65 14.88 -1 1.000000
201 18 unknown -1 -1 -1 540 119 557 206 -1 -1 -1 -2.20 1.64 25.73 -1 1.000000
201 19 unknown -1 -1 -1 977 127 1235 253 -1 -1 -1 9.75 1.64 16.41 -1 1.000000
202 7 traffic light -1 -1 -1 298 1 350 98 -1 -1 -1 -2.46 1.67 6.15 -1 1.000000
202 10 road sign -1 -1 -1 996 130 1019 213 -1 -1 -1 10.75 1.64 19.56 -1 1.000000
202 13 truck -1 -1 -1 1 53 390 267 -1 -1 -1 -8.59 1.66 14.86 -1 1.000000
202 14 road sign -1 -1 -1 549 123 610 164 -1 -1 -1 -1.14 1.63 26.81 -1 1.000000
202 19 unknown -1 -1 -1 977 127 1235 254 -1 -1 -1 9.77 1.64 16.50 -1 1.000000
202 20 traffic light -1 -1 -1 1201 80 1239 157 -1 -1 -1 10.82 1.65 12.90 -1 1.000000
203 7 traffic light -1 -1 -1 297 1 349 111 -1 -1 -1 -2.45 1.66 6.14 -1 1.000000
203 10 road sign -1 -1 -1 996 130 1019 213 -1 -1 -1 10.78 1.66 19.58 -1 1.000000
203 13 truck -1 -1 -1 76 78 439 261 -1 -1 -1 -8.20 1.68 14.95 -1 1.000000
203 14 road sign -1 -1 -1 549 123 610 165 -1 -1 -1 -1.14 1.68 26.81 -1 1.000000
203 19 unknown -1 -1 -1 976 128 1236 254 -1 -1 -1 9.82 1.65 16.63 -1 1.000000
203 20 traffic light -1 -1 -1 1202 79 1239 157 -1 -1 -1 10.85 1.65 12.92 -1 1.000000
204 7 traffic light -1 -1 -1 296 1 349 111 -1 -1 -1 -2.47 1.67 6.15 -1 1.000000
204 10 road sign -1 -1 -1 996 130 1018 213 -1 -1 -1 10.81 1.63 19.63 -1 1.000000
204 13 truck -1 -1 -1 43 73 394 264 -1 -1 -1 -8.33 1.70 14.97 -1 1.000000
204 14 road sign -1 -1 -1 549 123 609 165 -1 -1 -1 -1.13 1.67 26.84 -1 1.000000
204 19 unknown -1 -1 -1 976 128 1236 255 -1 -1 -1 9.91 1.63 16.75 -1 1.000000
204 20 traffic light -1 -1 -1 1202 80 1240 157 -1 -1 -1 10.87 1.63 12.90 -1 1.000000
205 7 traffic light -1 -1 -1 296 1 348 101 -1 -1 -1 -2.47 1.65 6.15 -1 1.000000
205 10 road sign -1 -1 -1 997 130 1018 213 -1 -1 -1 10.79 1.63 19.62 -1 1.000000
205 13 truck -1 -1 -1 93 73 433 269 -1 -1 -1 -7.88 1.57 15.24 -1 1.000000
205 14 road sign -1 -1 -1 549 123 610 165 -1 -1 -1 -1.08 1.54 26.81 -1 1.000000
205 19 unknown -1 -1 -1 976 128 1236 255 -1 -1 -1 9.94 1.64 16.79 -1 1.000000
205 20 traffic light -1 -1 -1 1202 80 1240 157 -1 -1 -1 10.85 1.67 12.91 -1 1.000000
206 7 traffic light -1 -1 -1 295 1 348 98 -1 -1 -1 -2.48 1.66 6.15 -1 1.000000
206 10 road sign -1 -1 -1 996 130 1018 213 -1 -1 -1 10.77 1.63 19.59 -1 1.000000
206 13 truck -1 -1 -1 61 76 414 262 -1 -1 -1 -8.37 1.63 15.13 -1 1.000000
206 19 unknown -1 -1 -1 977 128 1236 255 -1 -1 -1 9.96 1.64 16.76 -1 1.000000
206 20 traffic light -1 -1 -1 1202 80 1240 157 -1 -1 -1 10.82 1.65 12.88 -1 1.000000
207 7 traffic light -1 -1 -1 296 1 348 104 -1 -1 -1 -2.47 1.66 6.13 -1 1.000000
207 10 road sign -1 -1 -1 997 130 1018 213 -1 -1 -1 10.76 1.65 19.56 -1 1.000000
207 13 truck -1 -1 -1 101 67 474 268 -1 -1 -1 -7.55 1.66 15.38 -1 1.000000
207 19 unknown -1 -1 -1 977 128 1236 255 -1 -1 -1 9.98 1.65 16.83 -1 1.000000
207 20 traffic light -1 -1 -1 1202 80 1240 157 -1 -1 -1 10.86 1.65 12.87 -1 1.000000
208 7 traffic light -1 -1 -1 296 1 348 111 -1 -1 -1 -2.48 1.68 6.14 -1 1.000000
208 10 road sign -1 -1 -1 996 131 1019 213 -1 -1 -1 10.75 1.64 19.54 -1 1.000000
208 13 truck -1 -1 -1 69 78 508 266 -1 -1 -1 -7.33 1.64 15.42 -1 1.000000
208 19 unknown -1 -1 -1 977 129 1237 257 -1 -1 -1 10.03 1.65 16.76 -1 1.000000
208 20 traffic light -1 -1 -1 1202 81 1240 157 -1 -1 -1 10.85 1.66 12.87 -1 1.000000
209 7 traffic light -1 -1 -1 295 1 348 111 -1 -1 -1 -2.47 1.68 6.12 -1 1.000000
209 10 road sign -1 -1 -1 997 131 1018 213 -1 -1 -1 10.75 1.68 19.54 -1 1.000000
209 13 truck -1 -1 -1 91 67 556 258 -1 -1 -1 -6.67 1.72 15.50 -1 1.000000
209 19 unknown -1 -1 -1 972 129 1237 257 -1 -1 -1 10.02 1.67 16.91 -1 1.000000
209 20 traffic light -1 -1 -1 1202 81 1240 157 -1 -1 -1 10.85 1.66 12.87 -1 1.000000
210 7 traffic light -1 -1 -1 296 1 348 105 -1 -1 -1 -2.47 1.68 6.14 -1 1.000000
210 10 road sign -1 -1 -1 997 131 1019 213 -1 -1 -1 10.77 1.69 19.54 -1 1.000000
210 13 truck -1 -1 -1 120 72 554 259 -1 -1 -1 -6.13 1.68 15.63 -1 1.000000
210 19 unknown -1 -1 -1 973 129 1237 257 -1 -1 -1 9.99 1.69 16.86 -1 1.000000
210 20 traffic light -1 -1 -1 1202 81 1240 157 -1 -1 -1 10.83 1.68 12.90 -1 1.000000
211 7 traffic light -1 -1 -1 296 1 348 111 -1 -1 -1 -2.46 1.69 6.15 -1 1.000000
211 10 road sign -1 -1 -1 997 131 1018 213 -1 -1 -1 10.76 1.66 19.53 -1 1.000000
211 13 truck -1 -1 -1 111 76 565 248 -1 -1 -1 -5.82 1.71 15.67 -1 1.000000
211 19 unknown -1 -1 -1 972 129 1237 257 -1 -1 -1 10.00 1.66 16.97 -1 1.000000
211 20 traffic light -1 -1 -1 1202 81 1240 157 -1 -1 -1 10.85 1.66 12.92 -1 1.000000
211 21 unknown -1 -1 -1 474 119 548 202 -1 -1 -1 -2.40 1.70 17.03 -1 1.000000
212 7 traffic light -1 -1 -1 296 1 348 111 -1 -1 -1 -2.46 1.69 6.15 -1 1.000000
212 10 road sign -1 -1 -1 997 131 1018 213 -1 -1 -1 10.75 1.65 19.52 -1 1.000000
212 13 truck -1 -1 -1 194 86 508 251 -1 -1 -1 -5.24 1.71 15.93 -1 1.000000
212 19 unknown -1 -1 -1 971 129 1237 257 -1 -1 -1 9.96 1.65 17.02 -1 1.000000
212 20 traffic light -1 -1 -1 1202 81 1240 157 -1 -1 -1 10.82 1.64 12.87 -1 1.000000
212 21 unknown -1 -1 -1 499 120 565 202 -1 -1 -1 -1.91 1.70 17.37 -1 1.000000
213 7 traffic light -1 -1 -1 296 1 348 111 -1 -1 -1 -2.47 1.69 6.14 -1 1.000000
213 10 road sign -1 -1 -1 997 131 1018 213 -1 -1 -1 10.74 1.67 19.50 -1 1.000000
213 13 truck -1 -1 -1 247 81 539 252 -1 -1 -1 -4.59 1.72 16.16 -1 1.000000
213 19 unknown -1 -1 -1 972 129 1237 257 -1 -1 -1 9.99 1.67 16.94 -1 1.000000
213 20 traffic light -1 -1 -1 1202 81 1240 157 -1 -1 -1 10.83 1.65 12.91 -1 1.000000
213 21 unknown -1 -1 -1 521 120 598 195 -1 -1 -1 -1.32 1.71 17.65 -1 1.000000
214 7 traffic light -1 -1 -1 296 1 348 111 -1 -1 -1 -2.45 1.67 6.11 -1 1.000000
214 10 road sign -1 -1 -1 996 131 1019 213 -1 -1 -1 10.74 1.67 19.51 -1 1.000000
214 13 truck -1 -1 -1 236 86 563 249 -1 -1 -1 -4.18 1.68 16.27 -1 1.000000
214 19 unknown -1 -1 -1 970 129 1237 256 -1 -1 -1 9.98 1.67 17.01 -1 1.000000
214 20 traffic light -1 -1 -1 1202 81 1240 157 -1 -1 -1 10.82 1.67 12.88 -1 1.000000
214 22 wheel -1 -1 -1 532 177 609 237 -1 -1 -1 -1.12 1.68 17.68 -1 1.000000
215 7 traffic light -1 -1 -1 296 1 348 101 -1 -1 -1 -2.46 1.69 6.12 -1 1.000000
215 10 road sign -1 -1 -1 996 131 1019 213 -1 -1 -1 10.76 1.67 19.51 -1 1.000000
215 13 truck -1 -1 -1 266 91 574 246 -1 -1 -1 -3.66 1.75 16.56 -1 1.000000
215 19 unknown -1 -1 -1 970 129 1237 257 -1 -1 -1 10.00 1.67 17.00 -1 1.000000
215 20 traffic light -1 -1 -1 1202 81 1240 157 -1 -1 -1 10.83 1.64 12.87 -1 1.000000
216 7 traffic light -1 -1 -1 296 1 347 111 -1 -1 -1 -2.47 1.68 6.13 -1 1.000000
216 10 road sign -1 -1 -1 996 131 1019 213 -1 -1 -1 10.75 1.69 19.51 -1 1.000000
216 13 truck -1 -1 -1 237 82 681 250 -1 -1 -1 -3.01 1.73 16.77 -1 1.000000
216 19 unknown -1 -1 -1 971 129 1237 257 -1 -1 -1 9.99 1.68 16.98 -1 1.000000
216 20 traffic light -1 -1 -1 1202 81 1240 157 -1 -1 -1 10.81 1.65 12.87 -1 1.000000
217 7 traffic light -1 -1 -1 296 1 348 111 -1 -1 -1 -2.48 1.69 6.15 -1 1.000000
217 10 road sign -1 -1 -1 997 131 1019 213 -1 -1 -1 10.76 1.65 19.53 -1 1.000000
217 13 truck -1 -1 -1 356 87 696 241 -1 -1 -1 -2.48 1.73 17.21 -1 1.000000
217 19 unknown -1 -1 -1 970 129 1237 257 -1 -1 -1 10.00 1.65 17.03 -1 1.000000
217 20 traffic light -1 -1 -1 1202 81 1240 157 -1 -1 -1 10.87 1.63 12.91 -1 1.000000
218 7 traffic light -1 -1 -1 296 1 348 111 -1 -1 -1 -2.48 1.67 6.16 -1 1.000000
218 10 road sign -1 -1 -1 997 131 1018 213 -1 -1 -1 10.74 1.68 19.51 -1 1.000000
218 13 truck -1 -1 -1 341 80 734 247 -1 -1 -1 -2.06 1.68 17.52 -1 1.000000
218 19 unknown -1 -1 -1 971 129 1237 257 -1 -1 -1 9.97 1.68 16.97 -1 1.000000
218 20 traffic light -1 -1 -1 1202 81 1240 157 -1 -1 -1 10.88 1.67 12.92 -1 1.000000
219 7 traffic light -1 -1 -1 296 1 348 111 -1 -1 -1 -2.47 1.68 6.15 -1 1.000000
219 10 road sign -1 -1 -1 997 131 1018 213 -1 -1 -1 10.76 1.67 19.52 -1 1.000000
219 13 truck -1 -1 -1 398 88 739 244 -1 -1 -1 -1.41 1.74 17.98 -1 1.000000
219 19 unknown -1 -1 -1 970 129 1237 257 -1 -1 -1 9.99 1.66 17.03 -1 1.000000
219 20 traffic light -1 -1 -1 1202 81 1240 157 -1 -1 -1 10.83 1.63 12.89 -1 1.000000
219 23 road sign -1 -1 -1 143 152 171 230 -1 -1 -1 -11.69 1.80 18.55 -1 1.000000
220 7 traffic light -1 -1 -1 296 1 348 111 -1 -1 -1 -2.45 1.67 6.12 -1 1.000000
220 10 road sign -1 -1 -1 997 131 1018 213 -1 -1 -1 10.76 1.70 19.52 -1 1.000000
220 13 truck -1 -1 -1 436 89 747 241 -1 -1 -1 -0.77 1.69 18.34 -1 1.000000
220 19 unknown -1 -1 -1 970 129 1237 257 -1 -1 -1 9.98 1.69 16.97 -1 1.000000
220 20 traffic light -1 -1 -1 1202 81 1240 157 -1 -1 -1 10.82 1.68 12.89 -1 1.000000
220 23 road sign -1 -1 -1 143 152 171 229 -1 -1 -1 -11.68 1.70 18.59 -1 1.000000
221 7 traffic light -1 -1 -1 296 1 348 111 -1 -1 -1 -2.46 1.69 6.13 -1 1.000000
221 10 road sign -1 -1 -1 997 131 1018 213 -1 -1 -1 10.77 1.66 19.54 -1 1.000000
221 13 truck -1 -1 -1 444 86 756 241 -1 -1 -1 -0.34 1.72 18.66 -1 1.000000
221 19 unknown -1 -1 -1 970 129 1237 257 -1 -1 -1 9.99 1.66 17.00 -1 1.000000
221 20 traffic light -1 -1 -1 1202 81 1240 157 -1 -1 -1 10.84 1.64 12.87 -1 1.000000
221 23 road sign -1 -1 -1 143 152 171 230 -1 -1 -1 -11.68 1.77 18.53 -1 1.000000
221 24 unknown -1 -1 -1 389 82 493 191 -1 -1 -1 -3.86 1.73 16.56 -1 1.000000
222 7 traffic light -1 -1 -1 296 1 348 111 -1 -1 -1 -2.46 1.68 6.12 -1 1.000000
222 10 road sign -1 -1 -1 997 131 1019 213 -1 -1 -1 10.76 1.70 19.53 -1 1.000000
222 13 truck -1 -1 -1 418 74 767 242 -1 -1 -1 -0.68 1.74 18.65 -1 1.000000
222 19 unknown -1 -1 -1 970 129 1237 256 -1 -1 -1 9.97 1.68 16.98 -1 1.000000
222 20 traffic light -1 -1 -1 1202 81 1240 157 -1 -1 -1 10.84 1.66 12.88 -1 1.000000
222 25 road sign -1 -1 -1 131 102 175 242 -1 -1 -1 -11.77 1.79 18.46 -1 1.000000
223 7 traffic light -1 -1 -1 296 1 348 111 -1 -1 -1 -2.46 1.69 6.14 -1 1.000000
223 10 road sign -1 -1 -1 997 131 1019 213 -1 -1 -1 10.78 1.65 19.56 -1 1.000000
223 13 truck -1 -1 -1 443 76 778 239 -1 -1 -1 -0.13 1.71 19.11 -1 1.000000
223 19 unknown -1 -1 -1 972 129 1237 257 -1 -1 -1 10.01 1.65 17.01 -1 1.000000
223 20 traffic light -1 -1 -1 1202 81 1240 157 -1 -1 -1 10.87 1.64 12.90 -1 1.000000
223 23 road sign -1 -1 -1 143 152 171 230 -1 -1 -1 -11.66 1.76 18.52 -1 1.000000
223 26 unknown -1 -1 -1 699 121 765 191 -1 -1 -1 3.83 1.69 22.60 -1 1.000000
224 7 traffic light -1 -1 -1 296 1 348 111 -1 -1 -1 -2.47 1.69 6.14 -1 1.000000
224 10 road sign -1 -1 -1 997 131 1019 213 -1 -1 -1 10.77 1.67 19.54 -1 1.000000
224 13 truck -1 -1 -1 481 81 785 239 -1 -1 -1 0.38 1.73 19.52 -1 1.000000
224 19 unknown -1 -1 -1 972 129 1237 257 -1 -1 -1 9.99 1.66 17.01 -1 1.000000
224 20 traffic light -1 -1 -1 1202 81 1240 157 -1 -1 -1 10.88 1.64 12.92 -1 1.000000
224 23 road sign -1 -1 -1 143 152 171 229 -1 -1 -1 -11.69 1.79 18.53 -1 1.000000
224 26 unknown -1 -1 -1 726 122 778 193 -1 -1 -1 4.37 1.72 23.16 -1 1.000000
224 27 unknown -1 -1 -1 469 180 535 218 -1 -1 -1 -2.54 1.74 17.86 -1 1.000000
225 7 traffic light -1 -1 -1 296 1 348 111 -1 -1 -1 -2.47 1.67 6.14 -1 1.000000
225 10 road sign -1 -1 -1 997 131 1018 213 -1 -1 -1 10.75 1.68 19.53 -1 1.000000
225 13 truck -1 -1 -1 493 79 798 237 -1 -1 -1 0.84 1.69 19.95 -1 1.000000
225 19 unknown -1 -1 -1 971 129 1237 257 -1 -1 -1 9.96 1.68 16.99 -1 1.000000
225 20 traffic light -1 -1 -1 1202 81 1240 157 -1 -1 -1 10.85 1.67 12.91 -1 1.000000
225 23 road sign -1 -1 -1 143 152 171 231 -1 -1 -1 -11.69 1.70 18.57 -1 1.000000
226 7 traffic light -1 -1 -1 296 1 348 111 -1 -1 -1 -2.46 1.69 6.13 -1 1.000000
226 10 road sign -1 -1 -1 996 131 1019 213 -1 -1 -1 10.77 1.68 19.53 -1 1.000000
226 13 truck -1 -1 -1 517 79 803 236 -1 -1 -1 1.28 1.72 20.40 -1 1.000000
226 19 unknown -1 -1 -1 972 129 1237 257 -1 -1 -1 9.96 1.67 16.95 -1 1.000000
226 23 road sign -1 -1 -1 143 152 171 229 -1 -1 -1 -11.70 1.78 18.51 -1 1.000000
226 28 traffic light -1 -1 -1 1202 81 1240 157 -1 -1 -1 10.85 1.65 12.87 -1 1.000000
227 7 traffic light -1 -1 -1 296 1 348 111 -1 -1 -1 -2.46 1.69 6.14 -1 1.000000
227 10 road sign -1 -1 -1 997 131 1019 213 -1 -1 -1 10.76 1.67 19.52 -1 1.000000
227 13 truck -1 -1 -1 602 92 805 232 -1 -1 -1 2.35 1.74 21.27 -1 1.000000
227 19 unknown -1 -1 -1 973 129 1237 257 -1 -1 -1 9.97 1.67 16.97 -1 1.000000
227 23 road sign -1 -1 -1 143 152 171 230 -1 -1 -1 -11.68 1.82 18.53 -1 1.000000
227 27 unknown -1 -1 -1 542 177 612 215 -1 -1 -1 -0.83 1.75 19.15 -1 1.000000
227 28 traffic light -1 -1 -1 1202 81 1240 157 -1 -1 -1 10.86 1.63 12.86 -1 1.000000
228 7 traffic light -1 -1 -1 296 1 348 111 -1 -1 -1 -2.46 1.67 6.14 -1 1.000000
228 10 road sign -1 -1 -1 997 131 1019 213 -1 -1 -1 10.75 1.68 19.52 -1 1.000000
228 13 truck -1 -1 -1 603 92 807 232 -1 -1 -1 2.72 1.69 21.78 -1 1.000000
228 19 unknown -1 -1 -1 973 129 1237 257 -1 -1 -1 9.95 1.68 16.95 -1 1.000000
228 23 road sign -1 -1 -1 143 152 171 230 -1 -1 -1 -11.72 1.71 18.62 -1 1.000000
228 27 unknown -1 -1 -1 570 167 629 206 -1 -1 -1 -0.25 1.69 19.67 -1 1.000000
228 28 traffic light -1 -1 -1 1202 81 1240 157 -1 -1 -1 10.84 1.66 12.88 -1 1.000000
229 7 traffic light -1 -1 -1 296 1 348 111 -1 -1 -1 -2.46 1.68 6.14 -1 1.000000
229 10 road sign -1 -1 -1 996 131 1019 213 -1 -1 -1 10.76 1.68 19.53 -1 1.000000
229 13 truck -1 -1 -1 588 92 810 230 -1 -1 -1 2.55 1.67 21.74 -1 1.000000
229 19 unknown -1 -1 -1 973 129 1237 257 -1 -1 -1 9.99 1.68 16.95 -1 1.000000
229 23 road sign -1 -1 -1 143 152 171 229 -1 -1 -1 -11.75 1.67 18.70 -1 1.000000
229 28 traffic light -1 -1 -1 1202 81 1240 157 -1 -1 -1 10.86 1.68 12.93 -1 1.000000
230 7 traffic light -1 -1 -1 296 1 348 111 -1 -1 -1 -2.46 1.67 6.13 -1 1.000000
230 10 road sign -1 -1 -1 997 131 1018 213 -1 -1 -1 10.75 1.68 19.51 -1 1.000000
230 13 truck -1 -1 -1 607 90 811 227 -1 -1 -1 2.91 1.69 22.28 -1 1.000000
230 19 unknown -1 -1 -1 974 129 1237 257 -1 -1 -1 9.98 1.68 16.95 -1 1.000000
230 23 road sign -1 -1 -1 143 152 171 232 -1 -1 -1 -11.75 1.70 18.64 -1 1.000000
230 28 traffic light -1 -1 -1 1202 81 1240 157 -1 -1 -1 10.83 1.67 12.89 -1 1.000000
231 7 traffic light -1 -1 -1 296 1 348 111 -1 -1 -1 -2.46 1.72 6.14 -1 1.000000
231 10 road sign -1 -1 -1 997 131 1018 213 -1 -1 -1 10.77 1.58 19.54 -1 1.000000
231 13 truck -1 -1 -1 626 95 809 224 -1 -1 -1 3.26 1.64 22.79 -1 1.000000
231 19 unknown -1 -1 -1 973 129 1237 257 -1 -1 -1 10.01 1.60 17.07 -1 1.000000
231 23 road sign -1 -1 -1 143 152 172 230 -1 -1 -1 -11.75 1.77 18.58 -1 1.000000
231 28 traffic light -1 -1 -1 1202 81 1240 157 -1 -1 -1 10.84 1.60 12.86 -1 1.000000
232 7 traffic light -1 -1 -1 296 1 348 111 -1 -1 -1 -2.46 1.69 6.13 -1 1.000000
232 10 road sign -1 -1 -1 997 131 1019 213 -1 -1 -1 10.73 1.65 19.48 -1 1.000000
232 13 truck -1 -1 -1 639 95 809 224 -1 -1 -1 3.65 1.67 23.28 -1 1.000000
232 19 unknown -1 -1 -1 975 128 1237 257 -1 -1 -1 9.99 1.65 16.96 -1 1.000000
232 23 road sign -1 -1 -1 143 152 172 231 -1 -1 -1 -11.72 1.74 18.58 -1 1.000000
232 28 traffic light -1 -1 -1 1202 81 1240 157 -1 -1 -1 10.86 1.64 12.91 -1 1.000000
233 7 traffic light -1 -1 -1 296 1 349 111 -1 -1 -1 -2.46 1.69 6.15 -1 1.000000
233 10 road sign -1 -1 -1 996 131 1019 213 -1 -1 -1 10.72 1.66 19.46 -1 1.000000
233 13 truck -1 -1 -1 657 96 809 222 -1 -1 -1 3.98 1.69 23.84 -1 1.000000
233 19 unknown -1 -1 -1 976 128 1237 257 -1 -1 -1 9.98 1.66 16.96 -1 1.000000
233 23 road sign -1 -1 -1 143 152 171 232 -1 -1 -1 -11.72 1.75 18.57 -1 1.000000
233 28 traffic light -1 -1 -1 1202 81 1240 157 -1 -1 -1 10.84 1.65 12.93 -1 1.000000
234 7 traffic light -1 -1 -1 296 1 348 111 -1 -1 -1 -2.45 1.69 6.12 -1 1.000000
234 10 road sign -1 -1 -1 996 131 1018 213 -1 -1 -1 10.72 1.69 19.45 -1 1.000000
234 13 truck -1 -1 -1 674 98 811 222 -1 -1 -1 4.09 1.74 23.64 -1 1.000000
234 19 unknown -1 -1 -1 976 128 1237 257 -1 -1 -1 10.00 1.68 16.92 -1 1.000000
234 23 road sign -1 -1 -1 143 152 171 231 -1 -1 -1 -11.70 1.77 18.59 -1 1.000000
234 28 traffic light -1 -1 -1 1202 81 1240 157 -1 -1 -1 10.85 1.66 12.91 -1 1.000000
234 29 road sign -1 -1 -1 539 149 552 200 -1 -1 -1 -2.25 1.76 25.57 -1 1.000000
235 7 traffic light -1 -1 -1 296 1 349 111 -1 -1 -1 -2.46 1.68 6.12 -1 1.000000
235 10 road sign -1 -1 -1 996 131 1019 213 -1 -1 -1 10.72 1.68 19.46 -1 1.000000
235 13 truck -1 -1 -1 685 100 807 219 -1 -1 -1 4.68 1.71 24.90 -1 1.000000
235 19 unknown -1 -1 -1 975 128 1237 257 -1 -1 -1 9.99 1.68 16.99 -1 1.000000
235 23 road sign -1 -1 -1 143 152 171 230 -1 -1 -1 -11.71 1.75 18.59 -1 1.000000
235 28 traffic light -1 -1 -1 1202 81 1240 157 -1 -1 -1 10.88 1.66 12.91 -1 1.000000
235 29 road sign -1 -1 -1 540 149 552 199 -1 -1 -1 -2.25 1.74 25.61 -1 1.000000
236 7 traffic light -1 -1 -1 296 1 348 111 -1 -1 -1 -2.47 1.69 6.15 -1 1.000000
236 10 road sign -1 -1 -1 996 131 1019 213 -1 -1 -1 10.73 1.67 19.47 -1 1.000000
236 13 truck -1 -1 -1 697 104 810 223 -1 -1 -1 4.96 1.69 25.60 -1 1.000000
236 19 unknown -1 -1 -1 976 128 1237 256 -1 -1 -1 10.00 1.67 16.96 -1 1.000000
236 23 road sign -1 -1 -1 143 152 172 231 -1 -1 -1 -11.70 1.72 18.59 -1 1.000000
236 28 traffic light -1 -1 -1 1202 81 1240 157 -1 -1 -1 10.82 1.66 12.88 -1 1.000000
236 30 road sign -1 -1 -1 540 122 558 205 -1 -1 -1 -2.18 1.71 25.64 -1 1.000000
237 7 traffic light -1 -1 -1 296 1 349 111 -1 -1 -1 -2.48 1.68 6.16 -1 1.000000
237 10 road sign -1 -1 -1 996 131 1019 213 -1 -1 -1 10.72 1.67 19.47 -1 1.000000
237 13 truck -1 -1 -1 706 107 809 223 -1 -1 -1 5.33 1.69 26.21 -1 1.000000
237 19 unknown -1 -1 -1 975 128 1237 257 -1 -1 -1 10.03 1.67 16.97 -1 1.000000
237 23 road sign -1 -1 -1 143 152 171 231 -1 -1 -1 -11.71 1.72 18.54 -1 1.000000
237 28 traffic light -1 -1 -1 1202 81 1240 157 -1 -1 -1 10.85 1.66 12.87 -1 1.000000
237 30 road sign -1 -1 -1 540 126 559 205 -1 -1 -1 -2.18 1.71 25.64 -1 1.000000
238 7 traffic light -1 -1 -1 296 1 348 111 -1 -1 -1 -2.48 1.69 6.15 -1 1.000000
238 10 road sign -1 -1 -1 997 131 1019 213 -1 -1 -1 10.73 1.65 19.48 -1 1.000000
238 13 truck -1 -1 -1 712 110 806 223 -1 -1 -1 5.56 1.67 27.01 -1 1.000000
238 19 unknown -1 -1 -1 974 128 1237 256 -1 -1 -1 10.02 1.65 17.00 -1 1.000000
238 23 road sign -1 -1 -1 143 152 171 230 -1 -1 -1 -11.69 1.73 18.53 -1 1.000000
238 28 traffic light -1 -1 -1 1202 81 1240 157 -1 -1 -1 10.83 1.65 12.86 -1 1.000000
238 30 road sign -1 -1 -1 540 122 558 205 -1 -1 -1 -2.18 1.70 25.64 -1 1.000000
239 7 traffic light -1 -1 -1 296 1 348 111 -1 -1 -1 -2.47 1.68 6.14 -1 1.000000
239 10 road sign -1 -1 -1 997 131 1019 213 -1 -1 -1 10.74 1.66 19.48 -1 1.000000
239 13 truck -1 -1 -1 721 112 805 223 -1 -1 -1 5.86 1.68 27.64 -1 1.000000
239 19 unknown -1 -1 -1 975 128 1237 257 -1 -1 -1 10.01 1.66 16.96 -1 1.000000
239 23 road sign -1 -1 -1 143 152 171 230 -1 -1 -1 -11.68 1.73 18.52 -1 1.000000
239 28 traffic light -1 -1 -1 1202 81 1240 157 -1 -1 -1 10.84 1.65 12.87 -1 1.000000
239 30 road sign -1 -1 -1 540 121 558 205 -1 -1 -1 -2.18 1.71 25.63 -1 1.000000
240 7 traffic light -1 -1 -1 296 1 349 111 -1 -1 -1 -2.47 1.68 6.14 -1 1.000000
240 10 road sign -1 -1 -1 997 131 1018 213 -1 -1 -1 10.73 1.69 19.48 -1 1.000000
240 13 truck -1 -1 -1 728 114 800 216 -1 -1 -1 6.09 1.75 28.54 -1 1.000000
240 19 unknown -1 -1 -1 974 128 1237 256 -1 -1 -1 9.99 1.68 16.97 -1 1.000000
240 23 road sign -1 -1 -1 143 152 171 231 -1 -1 -1 -11.69 1.77 18.53 -1 1.000000
240 28 traffic light -1 -1 -1 1202 81 1240 157 -1 -1 -1 10.84 1.66 12.88 -1 1.000000
240 30 road sign -1 -1 -1 540 124 558 205 -1 -1 -1 -2.18 1.76 25.57 -1 1.000000
241 7 traffic light -1 -1 -1 296 1 348 111 -1 -1 -1 -2.47 1.68 6.14 -1 1.000000
241 10 road sign -1 -1 -1 997 131 1018 213 -1 -1 -1 10.74 1.69 19.48 -1 1.000000
241 13 truck -1 -1 -1 732 114 798 215 -1 -1 -1 6.40 1.75 29.53 -1 1.000000
241 19 unknown -1 -1 -1 975 128 1237 257 -1 -1 -1 10.02 1.68 16.99 -1 1.000000
241 23 road sign -1 -1 -1 143 152 171 231 -1 -1 -1 -11.70 1.77 18.58 -1 1.000000
241 28 traffic light -1 -1 -1 1202 81 1240 157 -1 -1 -1 10.86 1.66 12.90 -1 1.000000
241 30 road sign -1 -1 -1 540 124 559 205 -1 -1 -1 -2.18 1.76 25.58 -1 1.000000
242 7 traffic light -1 -1 -1 296 1 349 111 -1 -1 -1 -2.47 1.68 6.14 -1 1.000000
242 10 road sign -1 -1 -1 997 131 1019 213 -1 -1 -1 10.76 1.68 19.51 -1 1.000000
242 19 unknown -1 -1 -1 975 128 1237 257 -1 -1 -1 10.00 1.68 16.94 -1 1.000000
242 23 road sign -1 -1 -1 143 152 171 230 -1 -1 -1 -11.71 1.71 18.60 -1 1.000000
242 24 unknown -1 -1 -1 734 115 800 216 -1 -1 -1 6.62 1.70 30.25 -1 1.000000
242 28 traffic light -1 -1 -1 1202 81 1240 157 -1 -1 -1 10.87 1.67 12.91 -1 1.000000
242 30 road sign -1 -1 -1 540 122 557 205 -1 -1 -1 -2.19 1.71 25.60 -1 1.000000
243 7 traffic light -1 -1 -1 296 1 349 111 -1 -1 -1 -2.47 1.68 6.13 -1 1.000000
243 10 road sign -1 -1 -1 996 131 1019 213 -1 -1 -1 10.76 1.68 19.52 -1 1.000000
243 19 unknown -1 -1 -1 975 128 1237 257 -1 -1 -1 10.02 1.67 16.97 -1 1.000000
243 23 road sign -1 -1 -1 143 152 171 230 -1 -1 -1 -11.72 1.70 18.60 -1 1.000000
243 24 unknown -1 -1 -1 737 116 800 216 -1 -1 -1 6.90 1.70 31.30 -1 1.000000
243 28 traffic light -1 -1 -1 1202 81 1240 157 -1 -1 -1 10.86 1.67 12.88 -1 1.000000
243 30 road sign -1 -1 -1 540 122 558 205 -1 -1 -1 -2.20 1.70 25.61 -1 1.000000
244 7 traffic light -1 -1 -1 296 1 349 111 -1 -1 -1 -2.48 1.67 6.14 -1 1.000000
244 10 road sign -1 -1 -1 997 131 1019 213 -1 -1 -1 10.75 1.67 19.52 -1 1.000000
244 13 truck -1 -1 -1 738 118 801 219 -1 -1 -1 7.21 1.65 32.29 -1 1.000000
244 19 unknown -1 -1 -1 975 128 1237 257 -1 -1 -1 10.02 1.68 16.96 -1 1.000000
244 23 road sign -1 -1 -1 143 152 171 232 -1 -1 -1 -11.73 1.63 18.63 -1 1.000000
244 28 traffic light -1 -1 -1 1202 81 1240 157 -1 -1 -1 10.85 1.68 12.91 -1 1.000000
244 30 road sign -1 -1 -1 540 122 559 205 -1 -1 -1 -2.19 1.64 25.65 -1 1.000000
245 7 traffic light -1 -1 -1 296 1 349 111 -1 -1 -1 -2.47 1.69 6.13 -1 1.000000
245 10 road sign -1 -1 -1 996 131 1020 213 -1 -1 -1 10.75 1.65 19.53 -1 1.000000
245 13 truck -1 -1 -1 735 122 802 215 -1 -1 -1 7.40 1.64 33.36 -1 1.000000
245 19 unknown -1 -1 -1 975 128 1237 257 -1 -1 -1 10.01 1.65 16.99 -1 1.000000
245 23 road sign -1 -1 -1 143 152 172 230 -1 -1 -1 -11.74 1.70 18.59 -1 1.000000
245 28 traffic light -1 -1 -1 1202 81 1240 157 -1 -1 -1 10.81 1.66 12.87 -1 1.000000
245 30 road sign -1 -1 -1 540 122 558 205 -1 -1 -1 -2.19 1.67 25.64 -1 1.000000
246 7 traffic light -1 -1 -1 296 1 349 111 -1 -1 -1 -2.47 1.69 6.15 -1 1.000000
246 10 road sign -1 -1 -1 997 131 1019 213 -1 -1 -1 10.75 1.66 19.53 -1 1.000000
246 13 truck -1 -1 -1 736 125 798 205 -1 -1 -1 7.65 1.65 34.53 -1 1.000000
246 19 unknown -1 -1 -1 975 128 1237 257 -1 -1 -1 9.99 1.66 16.94 -1 1.000000
246 23 road sign -1 -1 -1 143 152 171 231 -1 -1 -1 -11.74 1.69 18.60 -1 1.000000
246 28 traffic light -1 -1 -1 1202 81 1240 157 -1 -1 -1 10.82 1.66 12.87 -1 1.000000
246 30 road sign -1 -1 -1 540 122 558 205 -1 -1 -1 -2.19 1.67 25.63 -1 1.000000
247 7 traffic light -1 -1 -1 296 1 349 111 -1 -1 -1 -2.46 1.69 6.12 -1 1.000000
247 10 road sign -1 -1 -1 997 131 1019 213 -1 -1 -1 10.74 1.68 19.51 -1 1.000000
247 13 truck -1 -1 -1 734 126 798 205 -1 -1 -1 7.84 1.72 35.40 -1 1.000000
247 19 unknown -1 -1 -1 975 128 1237 257 -1 -1 -1 9.99 1.68 16.94 -1 1.000000
247 23 road sign -1 -1 -1 143 152 172 231 -1 -1 -1 -11.75 1.74 18.62 -1 1.000000
247 28 traffic light -1 -1 -1 1202 81 1240 157 -1 -1 -1 10.86 1.67 12.92 -1 1.000000
247 30 road sign -1 -1 -1 540 121 558 205 -1 -1 -1 -2.19 1.73 25.61 -1 1.000000
248 7 traffic light -1 -1 -1 296 1 349 111 -1 -1 -1 -2.45 1.68 6.12 -1 1.000000
248 10 road sign -1 -1 -1 997 131 1019 213 -1 -1 -1 10.75 1.70 19.51 -1 1.000000
248 13 truck -1 -1 -1 734 126 798 195 -1 -1 -1 7.96 1.79 36.45 -1 1.000000
248 19 unknown -1 -1 -1 974 128 1237 257 -1 -1 -1 9.99 1.69 16.92 -1 1.000000
248 23 road sign -1 -1 -1 143 152 171 230 -1 -1 -1 -11.74 1.76 18.61 -1 1.000000
248 28 traffic light -1 -1 -1 1202 81 1240 157 -1 -1 -1 10.85 1.67 12.92 -1 1.000000
248 30 road sign -1 -1 -1 540 121 558 205 -1 -1 -1 -2.19 1.76 25.60 -1 1.000000
249 7 traffic light -1 -1 -1 296 1 349 111 -1 -1 -1 -2.45 1.67 6.10 -1 1.000000
249 10 road sign -1 -1 -1 997 131 1019 213 -1 -1 -1 10.75 1.69 19.51 -1 1.000000
249 13 truck -1 -1 -1 728 129 797 202 -1 -1 -1 8.11 1.80 37.61 -1 1.000000
249 19 unknown -1 -1 -1 974 128 1237 257 -1 -1 -1 10.01 1.68 16.94 -1 1.000000
249 23 road sign -1 -1 -1 143 152 171 229 -1 -1 -1 -11.73 1.76 18.59 -1 1.000000
249 28 traffic light -1 -1 -1 1202 81 1240 157 -1 -1 -1 10.86 1.66 12.87 -1 1.000000
249 30 road sign -1 -1 -1 540 121 558 205 -1 -1 -1 -2.18 1.76 25.58 -1 1.000000
250 7 traffic light -1 -1 -1 296 1 349 111 -1 -1 -1 -2.45 1.68 6.11 -1 1.000000
250 10 road sign -1 -1 -1 997 131 1019 213 -1 -1 -1 10.74 1.68 19.50 -1 1.000000
250 13 truck -1 -1 -1 728 129 795 202 -1 -1 -1 8.24 1.71 38.67 -1 1.000000
250 19 unknown -1 -1 -1 974 128 1237 257 -1 -1 -1 9.99 1.68 16.96 -1 1.000000
250 23 road sign -1 -1 -1 143 152 171 231 -1 -1 -1 -11.73 1.70 18.65 -1 1.000000
250 28 traffic light -1 -1 -1 1202 81 1240 157 -1 -1 -1 10.85 1.67 12.91 -1 1.000000
250 30 road sign -1 -1 -1 540 121 558 205 -1 -1 -1 -2.18 1.70 25.62 -1 1.000000
251 7 traffic light -1 -1 -1 296 1 349 111 -1 -1 -1 -2.45 1.68 6.12 -1 1.000000
251 10 road sign -1 -1 -1 997 131 1018 213 -1 -1 -1 10.76 1.68 19.51 -1 1.000000
251 13 truck -1 -1 -1 727 130 792 202 -1 -1 -1 8.24 1.71 39.76 -1 1.000000
251 19 unknown -1 -1 -1 973 128 1237 258 -1 -1 -1 9.98 1.68 16.93 -1 1.000000
251 23 road sign -1 -1 -1 143 152 171 230 -1 -1 -1 -11.77 1.70 18.68 -1 1.000000
251 28 traffic light -1 -1 -1 1202 81 1240 157 -1 -1 -1 10.87 1.67 12.91 -1 1.000000
251 30 road sign -1 -1 -1 540 122 558 205 -1 -1 -1 -2.18 1.70 25.61 -1 1.000000
252 7 traffic light -1 -1 -1 296 1 349 111 -1 -1 -1 -2.46 1.67 6.12 -1 1.000000
252 10 road sign -1 -1 -1 997 131 1019 213 -1 -1 -1 10.75 1.67 19.52 -1 1.000000
252 13 truck -1 -1 -1 724 131 789 200 -1 -1 -1 8.42 1.65 41.07 -1 1.000000
252 19 unknown -1 -1 -1 974 128 1237 257 -1 -1 -1 9.96 1.68 16.93 -1 1.000000
252 23 road sign -1 -1 -1 143 152 171 230 -1 -1 -1 -11.76 1.64 18.70 -1 1.000000
252 28 traffic light -1 -1 -1 1202 81 1240 157 -1 -1 -1 10.85 1.68 12.90 -1 1.000000
252 30 road sign -1 -1 -1 540 122 558 205 -1 -1 -1 -2.18 1.64 25.64 -1 1.000000
253 7 traffic light -1 -1 -1 296 1 349 111 -1 -1 -1 -2.46 1.70 6.13 -1 1.000000
253 10 road sign -1 -1 -1 996 131 1019 213 -1 -1 -1 10.75 1.65 19.51 -1 1.000000
253 13 truck -1 -1 -1 723 132 786 200 -1 -1 -1 8.58 1.71 42.06 -1 1.000000
253 19 unknown -1 -1 -1 974 128 1237 257 -1 -1 -1 9.97 1.65 16.95 -1 1.000000
253 23 road sign -1 -1 -1 143 152 171 229 -1 -1 -1 -11.76 1.77 18.62 -1 1.000000
253 28 traffic light -1 -1 -1 1202 81 1240 157 -1 -1 -1 10.82 1.64 12.89 -1 1.000000
253 30 road sign -1 -1 -1 540 121 558 205 -1 -1 -1 -2.19 1.73 25.61 -1 1.000000
254 7 traffic light -1 -1 -1 296 1 349 111 -1 -1 -1 -2.45 1.69 6.13 -1 1.000000
254 10 road sign -1 -1 -1 997 131 1019 213 -1 -1 -1 10.74 1.67 19.50 -1 1.000000
254 13 truck -1 -1 -1 721 132 784 202 -1 -1 -1 8.71 1.73 43.27 -1 1.000000
254 19 unknown -1 -1 -1 974 128 1237 257 -1 -1 -1 9.96 1.66 16.96 -1 1.000000
254 23 road sign -1 -1 -1 143 152 171 230 -1 -1 -1 -11.76 1.75 18.66 -1 1.000000
254 28 traffic light -1 -1 -1 1202 81 1240 157 -1 -1 -1 10.81 1.65 12.86 -1 1.000000
254 30 road sign -1 -1 -1 540 122 558 205 -1 -1 -1 -2.19 1.73 25.62 -1 1.000000
255 7 traffic light -1 -1 -1 296 1 349 111 -1 -1 -1 -2.45 1.69 6.11 -1 1.000000
255 10 road sign -1 -1 -1 997 131 1019 213 -1 -1 -1 10.74 1.68 19.49 -1 1.000000
255 13 truck -1 -1 -1 720 133 784 202 -1 -1 -1 8.62 1.79 44.11 -1 1.000000
255 19 unknown -1 -1 -1 974 128 1237 257 -1 -1 -1 9.96 1.67 16.93 -1 1.000000
255 23 road sign -1 -1 -1 143 152 171 229 -1 -1 -1 -11.76 1.77 18.65 -1 1.000000
255 28 traffic light -1 -1 -1 1202 81 1240 157 -1 -1 -1 10.82 1.65 12.84 -1 1.000000
255 29 road sign -1 -1 -1 540 149 552 200 -1 -1 -1 -2.25 1.76 25.62 -1 1.000000
255 31 road sign -1 -1 -1 549 125 610 168 -1 -1 -1 -1.10 1.75 26.82 -1 1.000000
256 7 traffic light -1 -1 -1 296 1 349 111 -1 -1 -1 -2.46 1.69 6.12 -1 1.000000
256 10 road sign -1 -1 -1 997 131 1019 213 -1 -1 -1 10.74 1.69 19.49 -1 1.000000
256 13 truck -1 -1 -1 716 134 777 197 -1 -1 -1 8.63 1.86 45.36 -1 1.000000
256 19 unknown -1 -1 -1 974 128 1237 257 -1 -1 -1 9.96 1.68 16.94 -1 1.000000
256 23 road sign -1 -1 -1 143 152 171 230 -1 -1 -1 -11.76 1.80 18.65 -1 1.000000
256 28 traffic light -1 -1 -1 1202 81 1240 157 -1 -1 -1 10.83 1.66 12.89 -1 1.000000
256 31 road sign -1 -1 -1 549 124 610 167 -1 -1 -1 -1.10 1.78 26.81 -1 1.000000
257 7 traffic light -1 -1 -1 296 1 348 111 -1 -1 -1 -2.46 1.69 6.13 -1 1.000000
257 10 road sign -1 -1 -1 997 131 1019 213 -1 -1 -1 10.73 1.66 19.49 -1 1.000000
257 13 truck -1 -1 -1 716 135 775 202 -1 -1 -1 8.80 1.66 46.45 -1 1.000000
257 19 unknown -1 -1 -1 974 128 1237 257 -1 -1 -1 9.97 1.67 16.91 -1 1.000000
257 25 road sign -1 -1 -1 131 103 174 242 -1 -1 -1 -11.79 1.68 18.52 -1 1.000000
257 28 traffic light -1 -1 -1 1202 81 1240 157 -1 -1 -1 10.83 1.67 12.86 -1 1.000000
257 31 road sign -1 -1 -1 549 124 610 168 -1 -1 -1 -1.09 1.66 26.73 -1 1.000000
258 7 traffic light -1 -1 -1 296 1 348 111 -1 -1 -1 -2.46 1.70 6.13 -1 1.000000
258 10 road sign -1 -1 -1 997 131 1019 213 -1 -1 -1 10.73 1.65 19.48 -1 1.000000
258 13 truck -1 -1 -1 713 135 773 202 -1 -1 -1 8.87 1.60 47.50 -1 1.000000
258 19 unknown -1 -1 -1 974 128 1237 257 -1 -1 -1 9.98 1.65 16.94 -1 1.000000
258 25 road sign -1 -1 -1 131 102 175 242 -1 -1 -1 -11.81 1.68 18.52 -1 1.000000
258 28 traffic light -1 -1 -1 1202 81 1240 157 -1 -1 -1 10.82 1.66 12.85 -1 1.000000
258 31 road sign -1 -1 -1 549 125 610 167 -1 -1 -1 -1.10 1.65 26.72 -1 1.000000
259 7 traffic light -1 -1 -1 296 1 348 111 -1 -1 -1 -2.46 1.67 6.13 -1 1.000000
259 10 road sign -1 -1 -1 996 131 1019 213 -1 -1 -1 10.73 1.70 19.47 -1 1.000000
259 13 truck -1 -1 -1 711 136 771 194 -1 -1 -1 8.88 1.84 48.51 -1 1.000000
259 19 unknown -1 -1 -1 974 128 1237 257 -1 -1 -1 9.96 1.69 16.91 -1 1.000000
259 25 road sign -1 -1 -1 131 102 175 243 -1 -1 -1 -11.83 1.76 18.54 -1 1.000000
259 28 traffic light -1 -1 -1 1202 81 1240 157 -1 -1 -1 10.82 1.67 12.84 -1 1.000000
259 31 road sign -1 -1 -1 549 125 610 167 -1 -1 -1 -1.13 1.76 26.80 -1 1.000000
260 7 traffic light -1 -1 -1 296 1 348 111 -1 -1 -1 -2.46 1.68 6.13 -1 1.000000
260 10 road sign -1 -1 -1 997 131 1019 213 -1 -1 -1 10.75 1.67 19.50 -1 1.000000
260 13 truck -1 -1 -1 714 138 769 202 -1 -1 -1 8.95 1.81 49.52 -1 1.000000
260 19 unknown -1 -1 -1 973 128 1237 257 -1 -1 -1 9.98 1.66 16.94 -1 1.000000
260 25 road sign -1 -1 -1 131 102 174 242 -1 -1 -1 -11.80 1.78 18.48 -1 1.000000
260 28 traffic light -1 -1 -1 1202 81 1240 157 -1 -1 -1 10.85 1.64 12.87 -1 1.000000
260 31 road sign -1 -1 -1 549 125 610 167 -1 -1 -1 -1.10 1.76 26.81 -1 1.000000
261 7 traffic light -1 -1 -1 296 1 348 111 -1 -1 -1 -2.46 1.69 6.14 -1 1.000000
261 10 road sign -1 -1 -1 997 132 1018 211 -1 -1 -1 10.72 1.69 19.47 -1 1.000000
261 13 truck -1 -1 -1 713 140 767 202 -1 -1 -1 8.98 1.84 50.41 -1 1.000000
261 19 unknown -1 -1 -1 969 128 1237 257 -1 -1 -1 9.98 1.68 17.06 -1 1.000000
261 25 road sign -1 -1 -1 131 103 176 243 -1 -1 -1 -11.77 1.73 18.44 -1 1.000000
261 28 traffic light -1 -1 -1 1203 82 1239 157 -1 -1 -1 10.81 1.67 12.86 -1 1.000000
261 31 road sign -1 -1 -1 549 125 610 167 -1 -1 -1 -1.12 1.72 26.72 -1 1.000000
262 7 traffic light -1 -1 -1 296 1 348 111 -1 -1 -1 -2.46 1.69 6.10 -1 1.000000
262 10 road sign -1 -1 -1 997 133 1019 209 -1 -1 -1 10.74 1.72 19.48 -1 1.000000
262 19 unknown -1 -1 -1 977 130 1236 256 -1 -1 -1 10.02 1.71 17.10 -1 1.000000
262 28 traffic light -1 -1 -1 1203 82 1240 153 -1 -1 -1 10.82 1.68 12.84 -1 1.000000
262 31 road sign -1 -1 -1 549 126 609 168 -1 -1 -1 -1.12 1.81 26.75 -1 1.000000
262 32 road sign -1 -1 -1 142 153 172 248 -1 -1 -1 -11.70 1.80 18.53 -1 1.000000
263 7 traffic light -1 -1 -1 294 1 347 111 -1 -1 -1 -2.46 1.70 6.08 -1 1.000000
263 10 road sign -1 -1 -1 997 133 1019 209 -1 -1 -1 10.76 1.74 19.53 -1 1.000000
263 19 unknown -1 -1 -1 978 131 1236 252 -1 -1 -1 10.06 1.73 17.14 -1 1.000000
263 28 traffic light -1 -1 -1 1203 83 1240 157 -1 -1 -1 10.82 1.72 12.83 -1 1.000000
263 31 road sign -1 -1 -1 550 127 609 169 -1 -1 -1 -1.16 1.78 26.63 -1 1.000000
263 32 road sign -1 -1 -1 142 154 171 249 -1 -1 -1 -11.71 1.75 18.53 -1 1.000000
264 7 traffic light -1 -1 -1 293 1 346 111 -1 -1 -1 -2.46 1.69 6.07 -1 1.000000
264 10 road sign -1 -1 -1 998 133 1020 210 -1 -1 -1 10.80 1.73 19.55 -1 1.000000
264 19 unknown -1 -1 -1 981 131 1236 254 -1 -1 -1 10.09 1.73 17.07 -1 1.000000
264 31 road sign -1 -1 -1 550 127 609 170 -1 -1 -1 -1.09 1.74 26.56 -1 1.000000
264 32 road sign -1 -1 -1 142 154 171 250 -1 -1 -1 -11.71 1.71 18.53 -1 1.000000
264 33 traffic light -1 -1 -1 1205 82 1240 157 -1 -1 -1 10.81 1.71 12.81 -1 1.000000
265 7 traffic light -1 -1 -1 291 1 345 111 -1 -1 -1 -2.45 1.69 6.02 -1 1.000000
265 10 road sign -1 -1 -1 999 133 1020 210 -1 -1 -1 10.78 1.74 19.50 -1 1.000000
265 19 unknown -1 -1 -1 985 133 1236 253 -1 -1 -1 10.06 1.73 16.88 -1 1.000000
265 31 road sign -1 -1 -1 550 127 609 169 -1 -1 -1 -1.08 1.79 26.54 -1 1.000000
265 32 road sign -1 -1 -1 141 154 170 249 -1 -1 -1 -11.70 1.77 18.44 -1 1.000000
265 33 traffic light -1 -1 -1 1206 82 1240 157 -1 -1 -1 10.80 1.71 12.81 -1 1.000000
266 7 traffic light -1 -1 -1 288 1 343 111 -1 -1 -1 -2.44 1.70 5.97 -1 1.000000
266 10 road sign -1 -1 -1 1000 133 1021 208 -1 -1 -1 10.76 1.70 19.41 -1 1.000000
266 19 unknown -1 -1 -1 981 132 1236 252 -1 -1 -1 10.09 1.69 16.99 -1 1.000000
266 32 road sign -1 -1 -1 140 154 169 249 -1 -1 -1 -11.69 1.78 18.39 -1 1.000000
266 33 traffic light -1 -1 -1 1208 82 1240 157 -1 -1 -1 10.78 1.68 12.76 -1 1.000000
267 7 traffic light -1 -1 -1 286 1 341 100 -1 -1 -1 -2.44 1.69 5.92 -1 1.000000
267 10 road sign -1 -1 -1 1001 133 1022 209 -1 -1 -1 10.73 1.73 19.32 -1 1.000000
267 19 unknown -1 -1 -1 980 131 1237 252 -1 -1 -1 10.07 1.72 16.97 -1 1.000000
267 32 road sign -1 -1 -1 137 155 167 251 -1 -1 -1 -11.68 1.75 18.33 -1 1.000000
267 33 traffic light -1 -1 -1 1211 82 1240 157 -1 -1 -1 10.79 1.71 12.72 -1 1.000000
268 7 traffic light -1 -1 -1 283 1 338 98 -1 -1 -1 -2.45 1.70 5.87 -1 1.000000
268 10 road sign -1 -1 -1 1003 133 1025 208 -1 -1 -1 10.72 1.74 19.22 -1 1.000000
268 19 unknown -1 -1 -1 984 130 1237 252 -1 -1 -1 10.08 1.73 16.86 -1 1.000000
268 32 road sign -1 -1 -1 136 155 166 253 -1 -1 -1 -11.67 1.76 18.25 -1 1.000000
268 33 traffic light -1 -1 -1 1213 82 1240 157 -1 -1 -1 10.77 1.71 12.63 -1 1.000000
269 7 traffic light -1 -1 -1 278 1 335 100 -1 -1 -1 -2.45 1.70 5.79 -1 1.000000
269 10 road sign -1 -1 -1 1003 133 1026 209 -1 -1 -1 10.71 1.77 19.13 -1 1.000000
269 19 unknown -1 -1 -1 988 131 1238 254 -1 -1 -1 10.12 1.75 16.79 -1 1.000000
269 32 road sign -1 -1 -1 134 155 164 251 -1 -1 -1 -11.67 1.81 18.18 -1 1.000000
269 33 traffic light -1 -1 -1 1218 81 1240 157 -1 -1 -1 10.80 1.72 12.60 -1 1.000000
270 7 traffic light -1 -1 -1 272 1 331 102 -1 -1 -1 -2.45 1.70 5.69 -1 1.000000
270 10 road sign -1 -1 -1 1004 133 1029 213 -1 -1 -1 10.68 1.80 19.00 -1 1.000000
270 19 unknown -1 -1 -1 988 133 1239 258 -1 -1 -1 10.08 1.79 16.68 -1 1.000000
270 32 road sign -1 -1 -1 130 156 162 254 -1 -1 -1 -11.71 1.74 18.19 -1 1.000000
271 7 traffic light -1 -1 -1 265 1 325 98 -1 -1 -1 -2.45 1.71 5.58 -1 1.000000
271 10 road sign -1 -1 -1 1005 135 1029 205 -1 -1 -1 10.66 1.82 18.89 -1 1.000000
271 19 unknown -1 -1 -1 998 135 1239 260 -1 -1 -1 10.07 1.81 16.54 -1 1.000000
271 32 road sign -1 -1 -1 128 157 158 253 -1 -1 -1 -11.75 1.79 18.12 -1 1.000000
272 7 traffic light -1 -1 -1 255 1 319 98 -1 -1 -1 -2.45 1.72 5.46 -1 1.000000
272 10 road sign -1 -1 -1 1005 136 1030 206 -1 -1 -1 10.63 1.84 18.78 -1 1.000000
272 19 unknown -1 -1 -1 1001 135 1239 260 -1 -1 -1 10.06 1.82 16.60 -1 1.000000
272 32 road sign -1 -1 -1 123 159 153 251 -1 -1 -1 -11.80 1.84 18.00 -1 1.000000
273 7 traffic light -1 -1 -1 243 1 309 97 -1 -1 -1 -2.45 1.72 5.30 -1 1.000000
273 10 road sign -1 -1 -1 1008 137 1030 216 -1 -1 -1 10.61 1.85 18.72 -1 1.000000
273 19 unknown -1 -1 -1 995 134 1238 259 -1 -1 -1 10.00 1.82 16.68 -1 1.000000
273 32 road sign -1 -1 -1 115 159 146 258 -1 -1 -1 -11.81 1.90 17.71 -1 1.000000
274 7 traffic light -1 -1 -1 229 1 297 94 -1 -1 -1 -2.48 1.73 5.15 -1 1.000000
274 10 road sign -1 -1 -1 1009 137 1031 217 -1 -1 -1 10.54 1.84 18.57 -1 1.000000
274 19 unknown -1 -1 -1 999 133 1237 257 -1 -1 -1 10.02 1.82 16.59 -1 1.000000
274 32 road sign -1 -1 -1 107 159 138 261 -1 -1 -1 -11.87 1.91 17.53 -1 1.000000
275 7 traffic light -1 -1 -1 211 1 284 92 -1 -1 -1 -2.50 1.74 4.96 -1 1.000000
275 10 road sign -1 -1 -1 1010 137 1032 216 -1 -1 -1 10.46 1.83 18.39 -1 1.000000
275 19 unknown -1 -1 -1 986 134 1237 258 -1 -1 -1 9.94 1.81 16.44 -1 1.000000
275 31 road sign -1 -1 -1 540 128 599 166 -1 -1 -1 -1.32 1.94 25.25 -1 1.000000
275 32 road sign -1 -1 -1 98 159 131 260 -1 -1 -1 -11.99 1.88 17.40 -1 1.000000
276 7 traffic light -1 -1 -1 189 1 267 89 -1 -1 -1 -2.52 1.73 4.74 -1 1.000000
276 10 road sign -1 -1 -1 1011 137 1033 216 -1 -1 -1 10.36 1.86 18.14 -1 1.000000
276 19 unknown -1 -1 -1 998 132 1238 257 -1 -1 -1 9.92 1.83 16.33 -1 1.000000
276 31 road sign -1 -1 -1 540 130 597 173 -1 -1 -1 -1.40 1.99 25.18 -1 1.000000
277 7 traffic light -1 -1 -1 163 1 245 78 -1 -1 -1 -2.53 1.71 4.50 -1 1.000000
277 10 road sign -1 -1 -1 1012 135 1035 216 -1 -1 -1 10.27 1.85 17.89 -1 1.000000
277 19 unknown -1 -1 -1 1002 130 1237 256 -1 -1 -1 9.92 1.82 16.35 -1 1.000000
277 31 road sign -1 -1 -1 540 129 594 165 -1 -1 -1 -1.46 1.98 24.97 -1 1.000000
278 7 traffic light -1 -1 -1 130 1 221 71 -1 -1 -1 -2.55 1.72 4.26 -1 1.000000
278 10 road sign -1 -1 -1 1015 133 1039 218 -1 -1 -1 10.22 1.82 17.72 -1 1.000000
278 19 unknown -1 -1 -1 992 129 1237 254 -1 -1 -1 9.91 1.79 16.32 -1 1.000000
278 31 road sign -1 -1 -1 530 128 591 169 -1 -1 -1 -1.63 1.92 24.61 -1 1.000000
279 7 traffic light -1 -1 -1 93 1 193 64 -1 -1 -1 -2.56 1.71 4.02 -1 1.000000
279 10 road sign -1 -1 -1 1017 133 1043 218 -1 -1 -1 10.17 1.81 17.52 -1 1.000000
279 31 road sign -1 -1 -1 528 127 589 168 -1 -1 -1 -1.71 1.90 24.33 -1 1.000000
280 7 traffic light -1 -1 -1 61 1 158 55 -1 -1 -1 -2.55 1.71 3.94 -1 1.000000
280 10 road sign -1 -1 -1 1019 134 1042 218 -1 -1 -1 10.08 1.80 17.25 -1 1.000000
280 31 road sign -1 -1 -1 528 127 584 161 -1 -1 -1 -1.79 1.91 23.99 -1 1.000000
281 7 traffic light -1 -1 -1 85 0 121 43 -1 -1 -1 -2.56 1.71 3.64 -1 1.000000
281 10 road sign -1 -1 -1 1022 132 1046 216 -1 -1 -1 9.97 1.79 16.97 -1 1.000000
281 31 road sign -1 -1 -1 523 125 581 163 -1 -1 -1 -1.87 1.88 23.76 -1 1.000000
282 7 traffic light -1 -1 -1 36 0 76 31 -1 -1 -1 -2.57 1.71 3.33 -1 1.000000
282 10 road sign -1 -1 -1 1026 130 1056 219 -1 -1 -1 9.91 1.79 16.69 -1 1.000000
282 31 road sign -1 -1 -1 518 125 577 160 -1 -1 -1 -1.99 1.91 23.52 -1 1.000000
283 10 road sign -1 -1 -1 1031 129 1061 218 -1 -1 -1 9.86 1.68 16.36 -1 1.000000
283 31 road sign -1 -1 -1 515 124 574 159 -1 -1 -1 -2.02 1.75 23.02 -1 1.000000
284 10 road sign -1 -1 -1 1036 126 1066 217 -1 -1 -1 9.77 1.73 15.99 -1 1.000000
284 31 road sign -1 -1 -1 512 122 571 165 -1 -1 -1 -2.11 1.84 22.70 -1 1.000000
285 10 road sign -1 -1 -1 1046 126 1076 219 -1 -1 -1 9.75 1.66 15.65 -1 1.000000
285 31 road sign -1 -1 -1 508 120 568 154 -1 -1 -1 -2.14 1.71 22.36 -1 1.000000
286 10 road sign -1 -1 -1 1056 122 1090 220 -1 -1 -1 9.76 1.69 15.27 -1 1.000000
286 31 road sign -1 -1 -1 507 119 567 152 -1 -1 -1 -2.20 1.80 22.06 -1 1.000000
287 10 road sign -1 -1 -1 1068 119 1104 222 -1 -1 -1 9.85 1.66 14.96 -1 1.000000
287 31 road sign -1 -1 -1 504 118 567 152 -1 -1 -1 -2.14 1.78 21.48 -1 1.000000
288 31 road sign -1 -1 -1 504 117 568 153 -1 -1 -1 -2.10 1.79 21.11 -1 1.000000
289 31 road sign -1 -1 -1 507 115 571 154 -1 -1 -1 -1.99 1.84 20.71 -1 1.000000
290 31 road sign -1 -1 -1 508 114 575 153 -1 -1 -1 -1.91 1.80 20.28 -1 1.000000
291 31 road sign -1 -1 -1 510 114 578 152 -1 -1 -1 -1.78 1.78 19.87 -1 1.000000
292 31 road sign -1 -1 -1 511 113 582 152 -1 -1 -1 -1.62 1.83 19.38 -1 1.000000
293 31 road sign -1 -1 -1 519 111 590 153 -1 -1 -1 -1.40 1.82 18.95 -1 1.000000
294 31 road sign -1 -1 -1 529 110 600 153 -1 -1 -1 -1.16 1.81 18.41 -1 1.000000
295 31 road sign -1 -1 -1 536 107 611 153 -1 -1 -1 -0.87 1.76 17.90 -1 1.000000
296 31 road sign -1 -1 -1 549 106 623 151 -1 -1 -1 -0.55 1.83 17.46 -1 1.000000
297 31 road sign -1 -1 -1 564 103 639 150 -1 -1 -1 -0.16 1.87 16.84 -1 1.000000
298 31 road sign -1 -1 -1 582 101 658 147 -1 -1 -1 0.25 1.79 16.31 -1 1.000000
299 31 road sign -1 -1 -1 599 98 681 145 -1 -1 -1 0.74 1.77 15.79 -1 1.000000
300 31 road sign -1 -1 -1 622 95 706 144 -1 -1 -1 1.19 1.73 15.22 -1 1.000000
301 31 road sign -1 -1 -1 641 92 736 150 -1 -1 -1 1.67 1.70 14.67 -1 1.000000
302 31 road sign -1 -1 -1 671 86 765 144 -1 -1 -1 2.16 1.77 14.12 -1 1.000000
303 31 road sign -1 -1 -1 700 80 800 142 -1 -1 -1 2.72 1.61 13.36 -1 1.000000
303 34 road sign -1 -1 -1 664 86 694 246 -1 -1 -1 1.25 1.65 12.67 -1 1.000000
303 35 transformer -1 -1 -1 430 176 495 220 -1 -1 -1 -5.40 1.87 25.65 -1 1.000000
304 31 road sign -1 -1 -1 732 75 838 139 -1 -1 -1 3.22 1.50 12.72 -1 1.000000
304 35 transformer -1 -1 -1 454 177 519 221 -1 -1 -1 -4.43 1.75 25.31 -1 1.000000
305 31 road sign -1 -1 -1 765 69 883 142 -1 -1 -1 3.72 1.54 12.04 -1 1.000000
305 35 transformer -1 -1 -1 479 177 544 221 -1 -1 -1 -3.51 1.90 24.74 -1 1.000000
306 31 road sign -1 -1 -1 804 63 930 136 -1 -1 -1 4.21 1.51 11.27 -1 1.000000
306 35 transformer -1 -1 -1 504 171 571 222 -1 -1 -1 -2.55 1.94 24.24 -1 1.000000
307 31 road sign -1 -1 -1 855 52 989 132 -1 -1 -1 4.70 1.50 10.50 -1 1.000000
307 35 transformer -1 -1 -1 534 177 602 223 -1 -1 -1 -1.52 1.96 23.75 -1 1.000000
308 31 road sign -1 -1 -1 905 41 1056 127 -1 -1 -1 5.18 1.44 9.71 -1 1.000000
308 35 transformer -1 -1 -1 564 169 633 223 -1 -1 -1 -0.45 1.82 23.31 -1 1.000000
309 35 transformer -1 -1 -1 595 168 667 222 -1 -1 -1 0.68 1.48 22.96 -1 1.000000
310 35 transformer -1 -1 -1 627 159 701 222 -1 -1 -1 1.66 1.84 22.00 -1 1.000000
311 35 transformer -1 -1 -1 660 172 736 223 -1 -1 -1 2.60 1.83 21.24 -1 1.000000
312 35 transformer -1 -1 -1 696 157 774 224 -1 -1 -1 3.75 1.41 20.81 -1 1.000000
312 36 traffic light -1 -1 -1 656 60 687 135 -1 -1 -1 1.13 1.60 12.04 -1 1.000000
313 35 transformer -1 -1 -1 732 171 813 226 -1 -1 -1 4.48 1.47 19.70 -1 1.000000
313 36 traffic light -1 -1 -1 693 53 730 128 -1 -1 -1 1.67 1.62 11.34 -1 1.000000
314 35 transformer -1 -1 -1 773 171 859 228 -1 -1 -1 5.35 1.44 18.89 -1 1.000000
314 36 traffic light -1 -1 -1 737 47 770 123 -1 -1 -1 2.20 1.63 10.66 -1 1.000000
315 35 transformer -1 -1 -1 816 169 902 232 -1 -1 -1 6.21 1.35 18.06 -1 1.000000
315 36 traffic light -1 -1 -1 782 39 819 131 -1 -1 -1 2.69 1.60 9.92 -1 1.000000
316 36 traffic light -1 -1 -1 835 25 876 127 -1 -1 -1 3.18 1.55 9.17 -1 1.000000
317 36 traffic light -1 -1 -1 895 9 939 111 -1 -1 -1 3.64 1.53 8.38 -1 1.000000
318 36 traffic light -1 -1 -1 964 1 1016 111 -1 -1 -1 4.06 1.48 7.56 -1 1.000000
319 36 traffic light -1 -1 -1 1053 2 1110 93 -1 -1 -1 4.46 1.44 6.76 -1 1.000000
320 36 traffic light -1 -1 -1 1160 1 1240 70 -1 -1 -1 4.81 1.43 5.91 -1 1.000000
322 37 pole -1 -1 -1 530 187 541 246 -1 -1 -1 -1.42 1.55 13.97 -1 1.000000
323 37 pole -1 -1 -1 566 186 576 247 -1 -1 -1 -0.69 1.53 13.31 -1 1.000000
324 37 pole -1 -1 -1 603 185 614 250 -1 -1 -1 0.01 1.47 12.80 -1 1.000000
325 37 pole -1 -1 -1 642 186 653 255 -1 -1 -1 0.66 1.47 12.08 -1 1.000000
326 37 pole -1 -1 -1 682 185 694 256 -1 -1 -1 1.28 1.42 11.35 -1 1.000000
327 37 pole -1 -1 -1 724 185 737 269 -1 -1 -1 1.81 1.39 10.62 -1 1.000000
328 37 pole -1 -1 -1 770 185 786 270 -1 -1 -1 2.29 1.44 9.81 -1 1.000000
329 37 pole -1 -1 -1 817 187 831 276 -1 -1 -1 2.70 1.44 8.97 -1 1.000000
333 38 road sign -1 -1 -1 743 89 796 135 -1 -1 -1 2.60 1.61 11.39 -1 1.000000
334 38 road sign -1 -1 -1 778 83 836 133 -1 -1 -1 3.01 1.47 10.62 -1 1.000000
349 39 pole -1 -1 -1 271 226 285 293 -1 -1 -1 -4.95 1.95 10.82 -1 1.000000
350 39 pole -1 -1 -1 270 229 284 299 -1 -1 -1 -4.62 1.94 10.06 -1 1.000000
351 39 pole -1 -1 -1 265 230 281 308 -1 -1 -1 -4.32 1.84 9.34 -1 1.000000
352 39 pole -1 -1 -1 257 230 274 318 -1 -1 -1 -4.04 1.87 8.51 -1 1.000000
364 40 pole -1 -1 -1 745 200 758 253 -1 -1 -1 2.89 1.69 14.68 -1 1.000000
365 40 pole -1 -1 -1 776 199 791 258 -1 -1 -1 3.28 1.66 13.52 -1 1.000000
366 40 pole -1 -1 -1 812 201 828 261 -1 -1 -1 3.67 1.58 12.42 -1 1.000000
