1 0 person -1 -1 -1 934 149 955 226 -1 -1 -1 10.39 1.11 21.69 -1 1.000000
1 1 traffic light -1 -1 -1 782 31 825 113 -1 -1 -1 2.23 1.54 7.63 -1 1.000000
1 2 person -1 -1 -1 951 152 981 220 -1 -1 -1 11.46 1.08 22.31 -1 1.000000
2 0 person -1 -1 -1 935 152 954 225 -1 -1 -1 10.42 1.12 21.72 -1 1.000000
2 1 traffic light -1 -1 -1 788 29 825 111 -1 -1 -1 2.22 1.55 7.59 -1 1.000000
2 2 person -1 -1 -1 948 154 981 219 -1 -1 -1 11.44 1.10 22.36 -1 1.000000
3 0 person -1 -1 -1 936 150 955 223 -1 -1 -1 10.46 1.12 21.79 -1 1.000000
3 1 traffic light -1 -1 -1 785 31 826 112 -1 -1 -1 2.24 1.55 7.58 -1 1.000000
3 2 person -1 -1 -1 952 154 981 216 -1 -1 -1 11.44 1.10 22.34 -1 1.000000
3 3 pole -1 -1 -1 840 274 855 368 -1 -1 -1 1.79 1.61 5.21 -1 1.000000
4 0 person -1 -1 -1 937 156 957 223 -1 -1 -1 10.46 1.13 21.71 -1 1.000000
4 1 traffic light -1 -1 -1 798 32 829 110 -1 -1 -1 2.23 1.55 7.53 -1 1.000000
4 2 person -1 -1 -1 952 154 981 216 -1 -1 -1 11.42 1.10 22.31 -1 1.000000
4 3 pole -1 -1 -1 842 274 856 367 -1 -1 -1 1.79 1.61 5.18 -1 1.000000
4 4 unknown -1 -1 -1 1122 263 1170 368 -1 -1 -1 4.00 1.59 5.21 -1 1.000000
4 5 road sign -1 -1 -1 829 26 907 98 -1 -1 -1 2.86 1.54 7.67 -1 1.000000
5 0 person -1 -1 -1 937 151 957 220 -1 -1 -1 10.48 1.13 21.71 -1 1.000000
5 1 traffic light -1 -1 -1 798 32 830 109 -1 -1 -1 2.24 1.56 7.49 -1 1.000000
5 2 person -1 -1 -1 953 144 981 214 -1 -1 -1 11.37 1.11 22.26 -1 1.000000
5 3 pole -1 -1 -1 844 275 858 368 -1 -1 -1 1.79 1.62 5.14 -1 1.000000
5 4 unknown -1 -1 -1 1124 261 1174 368 -1 -1 -1 4.01 1.60 5.18 -1 1.000000
5 5 road sign -1 -1 -1 835 27 908 100 -1 -1 -1 2.87 1.55 7.64 -1 1.000000
6 1 traffic light -1 -1 -1 800 24 830 105 -1 -1 -1 2.24 1.56 7.44 -1 1.000000
6 2 person -1 -1 -1 951 158 980 218 -1 -1 -1 11.36 1.15 22.22 -1 1.000000
6 3 pole -1 -1 -1 846 276 862 368 -1 -1 -1 1.80 1.61 5.10 -1 1.000000
6 4 unknown -1 -1 -1 1132 262 1181 368 -1 -1 -1 4.02 1.59 5.16 -1 1.000000
6 5 road sign -1 -1 -1 835 28 910 100 -1 -1 -1 2.89 1.55 7.63 -1 1.000000
6 6 road sign -1 -1 -1 204 104 228 191 -1 -1 -1 -13.17 1.34 23.97 -1 1.000000
7 1 traffic light -1 -1 -1 799 32 833 111 -1 -1 -1 2.25 1.57 7.40 -1 1.000000
7 2 person -1 -1 -1 951 159 977 219 -1 -1 -1 11.33 1.16 22.21 -1 1.000000
7 3 pole -1 -1 -1 850 278 865 368 -1 -1 -1 1.80 1.63 5.04 -1 1.000000
7 4 unknown -1 -1 -1 1138 264 1195 369 -1 -1 -1 4.02 1.61 5.09 -1 1.000000
7 5 road sign -1 -1 -1 836 26 912 100 -1 -1 -1 2.90 1.56 7.54 -1 1.000000
7 6 road sign -1 -1 -1 203 106 229 191 -1 -1 -1 -13.14 1.35 23.90 -1 1.000000
7 7 unknown -1 -1 -1 820 221 849 274 -1 -1 -1 3.51 1.48 10.98 -1 1.000000
8 1 traffic light -1 -1 -1 790 10 837 119 -1 -1 -1 2.25 1.58 7.36 -1 1.000000
8 2 person -1 -1 -1 949 160 976 221 -1 -1 -1 11.27 1.18 22.20 -1 1.000000
8 3 pole -1 -1 -1 853 280 868 360 -1 -1 -1 1.81 1.64 4.98 -1 1.000000
8 5 road sign -1 -1 -1 837 27 916 98 -1 -1 -1 2.89 1.57 7.48 -1 1.000000
8 6 road sign -1 -1 -1 204 107 228 191 -1 -1 -1 -13.12 1.37 23.85 -1 1.000000
8 7 unknown -1 -1 -1 822 223 854 283 -1 -1 -1 3.51 1.50 10.86 -1 1.000000
8 8 car -1 -1 -1 1077 159 1157 209 -1 -1 -1 18.72 1.02 26.94 -1 1.000000
8 9 unknown -1 -1 -1 246 168 302 195 -1 -1 -1 -16.46 1.15 35.32 -1 1.000000
9 1 traffic light -1 -1 -1 791 11 840 117 -1 -1 -1 2.26 1.59 7.27 -1 1.000000
9 2 person -1 -1 -1 951 157 974 221 -1 -1 -1 11.21 1.17 22.12 -1 1.000000
9 3 pole -1 -1 -1 859 281 876 360 -1 -1 -1 1.81 1.64 4.89 -1 1.000000
9 5 road sign -1 -1 -1 848 25 922 95 -1 -1 -1 2.91 1.58 7.38 -1 1.000000
9 6 road sign -1 -1 -1 204 106 228 189 -1 -1 -1 -13.09 1.37 23.74 -1 1.000000
9 7 unknown -1 -1 -1 826 224 856 279 -1 -1 -1 3.51 1.50 10.76 -1 1.000000
9 8 car -1 -1 -1 1072 158 1199 212 -1 -1 -1 18.48 1.04 26.11 -1 1.000000
10 1 traffic light -1 -1 -1 795 12 844 116 -1 -1 -1 2.27 1.58 7.19 -1 1.000000
10 2 person -1 -1 -1 953 157 973 220 -1 -1 -1 11.10 1.19 22.00 -1 1.000000
10 3 pole -1 -1 -1 865 283 881 360 -1 -1 -1 1.82 1.64 4.79 -1 1.000000
10 5 road sign -1 -1 -1 849 24 927 95 -1 -1 -1 2.92 1.57 7.32 -1 1.000000
10 7 unknown -1 -1 -1 830 227 858 281 -1 -1 -1 3.54 1.49 10.64 -1 1.000000
10 8 car -1 -1 -1 1082 154 1216 210 -1 -1 -1 18.50 1.03 26.03 -1 1.000000
10 10 unknown -1 -1 -1 971 204 1033 263 -1 -1 -1 7.09 1.42 12.70 -1 1.000000
11 1 traffic light -1 -1 -1 800 9 851 115 -1 -1 -1 2.28 1.58 7.08 -1 1.000000
11 2 person -1 -1 -1 953 154 972 221 -1 -1 -1 10.98 1.17 21.77 -1 1.000000
11 3 pole -1 -1 -1 874 286 889 368 -1 -1 -1 1.83 1.65 4.67 -1 1.000000
11 5 road sign -1 -1 -1 859 20 934 93 -1 -1 -1 2.97 1.57 7.20 -1 1.000000
11 7 unknown -1 -1 -1 835 225 866 283 -1 -1 -1 3.57 1.49 10.52 -1 1.000000
11 8 car -1 -1 -1 1087 153 1213 210 -1 -1 -1 18.87 0.94 26.49 -1 1.000000
11 10 unknown -1 -1 -1 980 204 1039 262 -1 -1 -1 7.16 1.40 12.63 -1 1.000000
12 1 traffic light -1 -1 -1 805 12 857 113 -1 -1 -1 2.31 1.58 6.93 -1 1.000000
12 2 person -1 -1 -1 951 159 973 222 -1 -1 -1 10.93 1.19 21.64 -1 1.000000
12 5 road sign -1 -1 -1 855 16 944 92 -1 -1 -1 2.97 1.57 7.06 -1 1.000000
12 8 car -1 -1 -1 1109 160 1196 206 -1 -1 -1 19.82 0.99 27.18 -1 1.000000
12 10 unknown -1 -1 -1 984 202 1046 266 -1 -1 -1 7.08 1.42 12.52 -1 1.000000
12 11 car -1 -1 -1 482 165 547 194 -1 -1 -1 -5.32 0.96 38.45 -1 1.000000
13 1 traffic light -1 -1 -1 812 19 866 113 -1 -1 -1 2.33 1.59 6.76 -1 1.000000
13 2 person -1 -1 -1 951 161 975 223 -1 -1 -1 10.92 1.22 21.62 -1 1.000000
13 5 road sign -1 -1 -1 870 14 951 90 -1 -1 -1 2.97 1.58 6.89 -1 1.000000
13 8 car -1 -1 -1 1118 160 1200 208 -1 -1 -1 20.47 1.02 27.27 -1 1.000000
13 10 unknown -1 -1 -1 990 204 1055 265 -1 -1 -1 7.15 1.44 12.30 -1 1.000000
13 11 car -1 -1 -1 483 165 538 194 -1 -1 -1 -5.18 1.02 37.95 -1 1.000000
14 1 traffic light -1 -1 -1 820 12 873 113 -1 -1 -1 2.35 1.60 6.60 -1 1.000000
14 2 person -1 -1 -1 951 159 979 224 -1 -1 -1 11.03 1.17 21.83 -1 1.000000
14 5 road sign -1 -1 -1 882 9 963 84 -1 -1 -1 2.97 1.59 6.72 -1 1.000000
14 8 car -1 -1 -1 1117 157 1223 210 -1 -1 -1 20.83 0.96 27.08 -1 1.000000
14 10 unknown -1 -1 -1 999 204 1066 268 -1 -1 -1 7.25 1.43 12.19 -1 1.000000
14 11 car -1 -1 -1 484 165 539 194 -1 -1 -1 -5.02 0.93 37.72 -1 1.000000
15 1 traffic light -1 -1 -1 847 9 885 111 -1 -1 -1 2.40 1.59 6.43 -1 1.000000
15 2 person -1 -1 -1 953 157 979 221 -1 -1 -1 11.17 1.19 21.93 -1 1.000000
15 5 road sign -1 -1 -1 894 7 975 85 -1 -1 -1 3.06 1.58 6.59 -1 1.000000
15 8 car -1 -1 -1 1129 156 1221 209 -1 -1 -1 21.38 0.95 26.99 -1 1.000000
15 11 car -1 -1 -1 486 165 541 194 -1 -1 -1 -4.87 1.02 37.35 -1 1.000000
16 1 traffic light -1 -1 -1 856 5 897 111 -1 -1 -1 2.42 1.59 6.25 -1 1.000000
16 2 person -1 -1 -1 955 156 982 219 -1 -1 -1 11.30 1.10 21.96 -1 1.000000
16 5 road sign -1 -1 -1 897 1 991 80 -1 -1 -1 3.08 1.58 6.40 -1 1.000000
16 8 car -1 -1 -1 1144 153 1222 217 -1 -1 -1 22.00 0.86 26.98 -1 1.000000
16 9 unknown -1 -1 -1 237 166 309 193 -1 -1 -1 -15.78 1.06 34.00 -1 1.000000
16 11 car -1 -1 -1 492 165 555 195 -1 -1 -1 -4.66 0.90 36.90 -1 1.000000
17 1 traffic light -1 -1 -1 869 2 911 111 -1 -1 -1 2.47 1.59 6.06 -1 1.000000
17 2 person -1 -1 -1 960 158 988 219 -1 -1 -1 11.38 1.12 21.94 -1 1.000000
17 5 road sign -1 -1 -1 912 1 1007 78 -1 -1 -1 3.12 1.58 6.21 -1 1.000000
17 8 car -1 -1 -1 1160 156 1222 208 -1 -1 -1 22.53 0.86 26.95 -1 1.000000
17 9 unknown -1 -1 -1 239 168 312 194 -1 -1 -1 -15.58 1.07 33.86 -1 1.000000
17 11 car -1 -1 -1 495 165 552 195 -1 -1 -1 -4.46 0.93 36.60 -1 1.000000
18 1 traffic light -1 -1 -1 862 1 932 111 -1 -1 -1 2.51 1.60 5.87 -1 1.000000
18 2 person -1 -1 -1 963 154 990 216 -1 -1 -1 11.46 1.09 21.95 -1 1.000000
18 5 road sign -1 -1 -1 930 1 1022 76 -1 -1 -1 3.15 1.59 6.00 -1 1.000000
18 8 car -1 -1 -1 1180 155 1222 214 -1 -1 -1 22.77 0.85 26.90 -1 1.000000
18 9 unknown -1 -1 -1 252 166 315 195 -1 -1 -1 -15.27 0.99 33.81 -1 1.000000
18 11 car -1 -1 -1 497 165 553 195 -1 -1 -1 -4.25 0.86 36.19 -1 1.000000
19 1 traffic light -1 -1 -1 879 1 944 111 -1 -1 -1 2.54 1.61 5.65 -1 1.000000
19 2 person -1 -1 -1 966 153 994 216 -1 -1 -1 11.55 1.11 21.85 -1 1.000000
19 5 road sign -1 -1 -1 949 1 1039 74 -1 -1 -1 3.15 1.61 5.76 -1 1.000000
19 11 car -1 -1 -1 500 164 572 196 -1 -1 -1 -4.02 0.83 35.83 -1 1.000000
19 12 tracking error -1 -1 -1 1191 154 1224 254 -1 -1 -1 22.51 0.88 26.07 -1 1.000000
20 1 traffic light -1 -1 -1 895 1 962 99 -1 -1 -1 2.56 1.61 5.41 -1 1.000000
20 2 person -1 -1 -1 970 155 998 219 -1 -1 -1 11.67 1.12 21.74 -1 1.000000
20 5 road sign -1 -1 -1 969 1 1061 69 -1 -1 -1 3.17 1.61 5.53 -1 1.000000
20 11 car -1 -1 -1 503 164 565 195 -1 -1 -1 -3.79 0.82 35.53 -1 1.000000
20 13 tracking error -1 -1 -1 251 165 320 192 -1 -1 -1 -14.90 0.88 33.78 -1 1.000000
21 1 traffic light -1 -1 -1 932 1 985 97 -1 -1 -1 2.60 1.61 5.18 -1 1.000000
21 2 person -1 -1 -1 974 157 1004 220 -1 -1 -1 11.78 1.12 21.67 -1 1.000000
21 5 road sign -1 -1 -1 997 1 1081 67 -1 -1 -1 3.22 1.61 5.29 -1 1.000000
21 11 car -1 -1 -1 506 163 567 194 -1 -1 -1 -3.54 0.78 34.92 -1 1.000000
21 13 tracking error -1 -1 -1 234 162 323 193 -1 -1 -1 -15.39 0.81 33.96 -1 1.000000
22 1 traffic light -1 -1 -1 956 1 1009 93 -1 -1 -1 2.63 1.62 4.94 -1 1.000000
22 2 person -1 -1 -1 982 153 1011 217 -1 -1 -1 11.85 1.12 21.39 -1 1.000000
22 5 road sign -1 -1 -1 1031 1 1105 56 -1 -1 -1 3.26 1.61 5.06 -1 1.000000
22 11 car -1 -1 -1 509 162 571 193 -1 -1 -1 -3.35 0.74 34.42 -1 1.000000
22 13 tracking error -1 -1 -1 235 162 326 190 -1 -1 -1 -15.25 0.74 33.87 -1 1.000000
22 14 road sign -1 -1 -1 215 96 243 192 -1 -1 -1 -11.96 1.10 22.47 -1 1.000000
23 1 traffic light -1 -1 -1 975 1 1037 86 -1 -1 -1 2.67 1.62 4.68 -1 1.000000
23 2 person -1 -1 -1 987 153 1018 219 -1 -1 -1 11.90 1.14 21.14 -1 1.000000
23 11 car -1 -1 -1 513 163 577 194 -1 -1 -1 -3.10 0.78 33.91 -1 1.000000
23 14 road sign -1 -1 -1 218 96 248 193 -1 -1 -1 -11.81 1.10 22.32 -1 1.000000
24 1 traffic light -1 -1 -1 1014 1 1067 67 -1 -1 -1 2.69 1.64 4.41 -1 1.000000
24 2 person -1 -1 -1 993 153 1024 220 -1 -1 -1 11.94 1.16 20.88 -1 1.000000
24 11 car -1 -1 -1 515 163 579 195 -1 -1 -1 -2.89 0.79 33.14 -1 1.000000
24 14 road sign -1 -1 -1 222 97 244 197 -1 -1 -1 -11.63 1.12 22.17 -1 1.000000
25 1 traffic light -1 -1 -1 1044 1 1105 74 -1 -1 -1 2.71 1.65 4.15 -1 1.000000
25 11 car -1 -1 -1 523 162 597 196 -1 -1 -1 -2.63 0.81 32.54 -1 1.000000
25 14 road sign -1 -1 -1 221 96 245 206 -1 -1 -1 -11.40 1.14 21.83 -1 1.000000
26 1 traffic light -1 -1 -1 1078 1 1147 67 -1 -1 -1 2.73 1.65 3.90 -1 1.000000
26 11 car -1 -1 -1 524 162 587 195 -1 -1 -1 -2.44 0.73 32.05 -1 1.000000
26 14 road sign -1 -1 -1 222 96 246 207 -1 -1 -1 -11.27 1.10 21.57 -1 1.000000
26 15 tracking error -1 -1 -1 982 163 1032 218 -1 -1 -1 12.47 1.09 20.93 -1 1.000000
26 16 unknown -1 -1 -1 279 164 338 192 -1 -1 -1 -13.67 0.73 33.25 -1 1.000000
27 1 traffic light -1 -1 -1 1121 1 1199 54 -1 -1 -1 2.70 1.65 3.64 -1 1.000000
27 11 car -1 -1 -1 527 162 584 195 -1 -1 -1 -2.29 0.75 31.37 -1 1.000000
27 14 road sign -1 -1 -1 220 94 245 207 -1 -1 -1 -11.18 1.07 21.32 -1 1.000000
27 15 tracking error -1 -1 -1 991 154 1043 218 -1 -1 -1 12.06 1.14 20.52 -1 1.000000
27 16 unknown -1 -1 -1 283 163 339 192 -1 -1 -1 -13.52 0.72 33.04 -1 1.000000
28 1 traffic light -1 -1 -1 1163 0 1224 43 -1 -1 -1 2.70 1.66 3.35 -1 1.000000
28 11 car -1 -1 -1 527 162 586 196 -1 -1 -1 -2.23 0.83 30.79 -1 1.000000
28 14 road sign -1 -1 -1 220 93 242 207 -1 -1 -1 -11.12 1.10 21.05 -1 1.000000
28 15 tracking error -1 -1 -1 1001 155 1046 218 -1 -1 -1 12.08 1.17 20.35 -1 1.000000
28 16 unknown -1 -1 -1 280 163 339 192 -1 -1 -1 -13.40 0.76 32.64 -1 1.000000
29 1 traffic light -1 -1 -1 1213 0 1224 28 -1 -1 -1 2.69 1.67 3.07 -1 1.000000
29 11 car -1 -1 -1 527 163 584 198 -1 -1 -1 -2.21 0.87 30.03 -1 1.000000
29 14 road sign -1 -1 -1 215 93 238 207 -1 -1 -1 -11.40 1.10 21.29 -1 1.000000
29 15 tracking error -1 -1 -1 1007 155 1044 218 -1 -1 -1 12.09 1.20 20.25 -1 1.000000
29 16 unknown -1 -1 -1 280 164 337 194 -1 -1 -1 -13.26 0.78 32.06 -1 1.000000
30 11 car -1 -1 -1 525 165 581 200 -1 -1 -1 -2.28 0.93 29.27 -1 1.000000
30 14 road sign -1 -1 -1 205 95 230 207 -1 -1 -1 -11.30 1.14 20.65 -1 1.000000
30 15 tracking error -1 -1 -1 1008 159 1039 231 -1 -1 -1 11.91 1.26 20.13 -1 1.000000
30 16 unknown -1 -1 -1 264 166 332 195 -1 -1 -1 -13.42 0.82 31.68 -1 1.000000
31 11 car -1 -1 -1 519 166 575 203 -1 -1 -1 -2.47 1.01 28.62 -1 1.000000
31 15 tracking error -1 -1 -1 1006 160 1037 231 -1 -1 -1 11.59 1.30 19.94 -1 1.000000
31 16 unknown -1 -1 -1 264 166 326 197 -1 -1 -1 -13.55 0.87 31.37 -1 1.000000
32 11 car -1 -1 -1 512 165 568 203 -1 -1 -1 -2.67 1.02 27.71 -1 1.000000
32 15 tracking error -1 -1 -1 996 162 1031 227 -1 -1 -1 11.29 1.30 19.91 -1 1.000000
32 16 unknown -1 -1 -1 253 166 316 197 -1 -1 -1 -13.80 0.86 31.14 -1 1.000000
32 17 greenery -1 -1 -1 955 222 1022 244 -1 -1 -1 8.39 1.39 15.71 -1 1.000000
33 11 car -1 -1 -1 503 165 560 203 -1 -1 -1 -2.89 0.99 26.90 -1 1.000000
33 15 tracking error -1 -1 -1 985 160 1026 223 -1 -1 -1 11.06 1.27 19.92 -1 1.000000
33 16 unknown -1 -1 -1 243 165 305 196 -1 -1 -1 -14.16 0.78 30.89 -1 1.000000
33 17 greenery -1 -1 -1 954 222 1020 245 -1 -1 -1 8.24 1.38 15.48 -1 1.000000
34 11 car -1 -1 -1 493 164 552 203 -1 -1 -1 -3.21 0.95 26.26 -1 1.000000
34 15 tracking error -1 -1 -1 975 159 1024 222 -1 -1 -1 10.82 1.23 19.90 -1 1.000000
34 16 unknown -1 -1 -1 230 164 291 195 -1 -1 -1 -14.63 0.73 30.60 -1 1.000000
34 17 greenery -1 -1 -1 952 221 1019 243 -1 -1 -1 8.06 1.36 15.21 -1 1.000000
35 11 car -1 -1 -1 480 164 541 204 -1 -1 -1 -3.51 0.96 25.49 -1 1.000000
35 15 tracking error -1 -1 -1 959 159 999 221 -1 -1 -1 10.56 1.22 19.91 -1 1.000000
35 16 unknown -1 -1 -1 212 164 277 196 -1 -1 -1 -15.04 0.74 30.00 -1 1.000000
35 17 greenery -1 -1 -1 944 222 1004 246 -1 -1 -1 7.84 1.35 15.02 -1 1.000000
36 11 car -1 -1 -1 466 165 530 207 -1 -1 -1 -3.94 1.01 24.72 -1 1.000000
36 15 tracking error -1 -1 -1 949 159 985 221 -1 -1 -1 10.24 1.24 19.95 -1 1.000000
36 16 unknown -1 -1 -1 196 165 260 198 -1 -1 -1 -15.51 0.79 29.38 -1 1.000000
36 17 greenery -1 -1 -1 937 223 993 247 -1 -1 -1 7.57 1.37 14.77 -1 1.000000
36 18 unknown -1 -1 -1 1204 182 1224 234 -1 -1 -1 19.06 1.24 22.20 -1 1.000000
37 9 unknown -1 -1 -1 169 166 240 199 -1 -1 -1 -16.09 0.84 29.05 -1 1.000000
37 11 car -1 -1 -1 451 164 516 209 -1 -1 -1 -4.32 1.05 23.91 -1 1.000000
37 15 tracking error -1 -1 -1 933 159 971 221 -1 -1 -1 9.83 1.22 19.98 -1 1.000000
37 17 greenery -1 -1 -1 932 217 997 249 -1 -1 -1 7.35 1.36 14.56 -1 1.000000
37 18 unknown -1 -1 -1 1194 181 1222 226 -1 -1 -1 18.93 1.17 22.44 -1 1.000000
38 11 car -1 -1 -1 433 164 500 210 -1 -1 -1 -4.77 1.03 23.01 -1 1.000000
38 15 tracking error -1 -1 -1 918 157 962 220 -1 -1 -1 9.44 1.18 19.95 -1 1.000000
38 19 car -1 -1 -1 1179 177 1224 223 -1 -1 -1 18.63 1.15 22.38 -1 1.000000
38 20 road sign -1 -1 -1 978 175 999 237 -1 -1 -1 7.85 1.34 14.50 -1 1.000000
39 11 car -1 -1 -1 415 162 485 207 -1 -1 -1 -5.16 0.98 22.21 -1 1.000000
39 15 tracking error -1 -1 -1 901 155 946 219 -1 -1 -1 8.94 1.12 19.92 -1 1.000000
39 19 car -1 -1 -1 1167 169 1223 220 -1 -1 -1 18.31 1.10 22.32 -1 1.000000
39 20 road sign -1 -1 -1 968 174 989 237 -1 -1 -1 7.53 1.31 14.23 -1 1.000000
40 11 car -1 -1 -1 394 161 466 207 -1 -1 -1 -5.57 0.92 21.36 -1 1.000000
40 15 tracking error -1 -1 -1 888 154 921 219 -1 -1 -1 8.44 1.14 19.85 -1 1.000000
40 19 car -1 -1 -1 1156 159 1223 227 -1 -1 -1 17.72 1.19 21.90 -1 1.000000
40 20 road sign -1 -1 -1 957 175 978 238 -1 -1 -1 7.18 1.33 14.04 -1 1.000000
40 21 traffic light -1 -1 -1 1075 87 1124 247 -1 -1 -1 9.88 1.35 14.34 -1 1.000000
41 11 car -1 -1 -1 373 163 448 209 -1 -1 -1 -5.99 0.99 20.55 -1 1.000000
41 15 tracking error -1 -1 -1 862 157 902 221 -1 -1 -1 7.89 1.18 19.85 -1 1.000000
41 19 car -1 -1 -1 1138 159 1223 223 -1 -1 -1 17.34 1.23 21.63 -1 1.000000
41 20 road sign -1 -1 -1 946 176 966 237 -1 -1 -1 6.83 1.36 13.76 -1 1.000000
41 21 traffic light -1 -1 -1 1069 86 1111 247 -1 -1 -1 9.50 1.38 14.14 -1 1.000000
42 11 car -1 -1 -1 347 164 425 219 -1 -1 -1 -6.31 1.10 19.36 -1 1.000000
42 15 tracking error -1 -1 -1 860 158 881 224 -1 -1 -1 7.49 1.22 19.85 -1 1.000000
42 19 car -1 -1 -1 1117 165 1222 233 -1 -1 -1 16.82 1.29 21.32 -1 1.000000
42 20 road sign -1 -1 -1 930 178 952 233 -1 -1 -1 6.45 1.39 13.57 -1 1.000000
42 21 traffic light -1 -1 -1 1057 89 1094 247 -1 -1 -1 9.09 1.41 14.00 -1 1.000000
43 11 car -1 -1 -1 316 167 399 222 -1 -1 -1 -6.68 1.16 18.30 -1 1.000000
43 15 tracking error -1 -1 -1 838 160 860 225 -1 -1 -1 6.84 1.25 19.88 -1 1.000000
43 19 car -1 -1 -1 1087 159 1222 228 -1 -1 -1 16.33 1.31 21.30 -1 1.000000
43 20 road sign -1 -1 -1 914 182 934 250 -1 -1 -1 6.02 1.42 13.40 -1 1.000000
43 21 traffic light -1 -1 -1 1034 90 1076 237 -1 -1 -1 8.61 1.44 13.78 -1 1.000000
44 11 car -1 -1 -1 281 167 366 230 -1 -1 -1 -7.08 1.18 17.22 -1 1.000000
44 15 tracking error -1 -1 -1 812 161 835 226 -1 -1 -1 6.15 1.29 19.91 -1 1.000000
44 19 car -1 -1 -1 1060 160 1223 231 -1 -1 -1 16.46 1.40 21.44 -1 1.000000
44 20 road sign -1 -1 -1 892 183 915 247 -1 -1 -1 5.54 1.46 13.13 -1 1.000000
44 21 traffic light -1 -1 -1 1018 91 1051 235 -1 -1 -1 8.09 1.49 13.60 -1 1.000000
45 11 car -1 -1 -1 241 167 333 234 -1 -1 -1 -7.40 1.23 16.12 -1 1.000000
45 15 tracking error -1 -1 -1 780 161 802 224 -1 -1 -1 5.26 1.34 19.89 -1 1.000000
45 19 car -1 -1 -1 1034 161 1218 233 -1 -1 -1 15.98 1.48 21.26 -1 1.000000
45 20 road sign -1 -1 -1 869 187 890 254 -1 -1 -1 5.01 1.49 12.95 -1 1.000000
45 21 traffic light -1 -1 -1 984 91 1028 227 -1 -1 -1 7.54 1.52 13.51 -1 1.000000
46 11 car -1 -1 -1 196 171 295 244 -1 -1 -1 -7.85 1.27 15.15 -1 1.000000
46 15 tracking error -1 -1 -1 748 162 768 228 -1 -1 -1 4.31 1.37 19.84 -1 1.000000
46 19 car -1 -1 -1 1010 166 1173 231 -1 -1 -1 15.07 1.51 21.28 -1 1.000000
46 20 road sign -1 -1 -1 843 188 864 258 -1 -1 -1 4.47 1.52 12.69 -1 1.000000
46 21 traffic light -1 -1 -1 963 91 999 225 -1 -1 -1 6.97 1.54 13.42 -1 1.000000
47 11 car -1 -1 -1 141 173 252 251 -1 -1 -1 -8.22 1.33 14.00 -1 1.000000
47 15 tracking error -1 -1 -1 714 165 734 231 -1 -1 -1 3.34 1.41 19.80 -1 1.000000
47 19 car -1 -1 -1 971 166 1135 232 -1 -1 -1 13.93 1.55 21.30 -1 1.000000
47 20 road sign -1 -1 -1 814 190 836 259 -1 -1 -1 3.90 1.54 12.55 -1 1.000000
47 21 traffic light -1 -1 -1 936 92 968 223 -1 -1 -1 6.38 1.57 13.26 -1 1.000000
48 11 car -1 -1 -1 73 171 203 260 -1 -1 -1 -8.61 1.35 12.94 -1 1.000000
48 15 tracking error -1 -1 -1 679 168 700 231 -1 -1 -1 2.33 1.42 19.60 -1 1.000000
48 19 car -1 -1 -1 942 166 1092 233 -1 -1 -1 12.72 1.56 21.36 -1 1.000000
48 20 road sign -1 -1 -1 783 190 805 262 -1 -1 -1 3.28 1.55 12.30 -1 1.000000
48 21 traffic light -1 -1 -1 902 93 934 228 -1 -1 -1 5.72 1.57 13.14 -1 1.000000
48 22 person -1 -1 -1 656 160 683 235 -1 -1 -1 1.72 1.42 19.06 -1 1.000000
49 11 car -1 -1 -1 1 174 149 273 -1 -1 -1 -8.61 1.37 11.80 -1 1.000000
49 15 tracking error -1 -1 -1 636 166 660 231 -1 -1 -1 1.18 1.38 19.12 -1 1.000000
49 19 car -1 -1 -1 899 165 1050 231 -1 -1 -1 11.46 1.50 21.41 -1 1.000000
49 20 road sign -1 -1 -1 750 190 772 263 -1 -1 -1 2.66 1.52 12.07 -1 1.000000
49 21 traffic light -1 -1 -1 870 91 900 210 -1 -1 -1 5.05 1.54 13.05 -1 1.000000
49 22 person -1 -1 -1 615 161 642 236 -1 -1 -1 0.68 1.38 18.88 -1 1.000000
50 11 car -1 -1 -1 1 172 93 287 -1 -1 -1 -8.56 1.36 10.96 -1 1.000000
50 15 tracking error -1 -1 -1 591 160 615 236 -1 -1 -1 -0.01 1.33 18.77 -1 1.000000
50 19 car -1 -1 -1 858 164 1008 229 -1 -1 -1 10.16 1.42 21.55 -1 1.000000
50 20 road sign -1 -1 -1 715 188 738 265 -1 -1 -1 2.02 1.49 11.79 -1 1.000000
50 21 traffic light -1 -1 -1 834 88 865 231 -1 -1 -1 4.36 1.50 12.87 -1 1.000000
51 11 car -1 -1 -1 0 200 32 279 -1 -1 -1 -8.67 1.36 9.84 -1 1.000000
51 15 tracking error -1 -1 -1 548 158 570 236 -1 -1 -1 -1.15 1.30 18.28 -1 1.000000
51 19 car -1 -1 -1 815 161 967 226 -1 -1 -1 8.82 1.36 21.52 -1 1.000000
51 20 road sign -1 -1 -1 680 187 703 261 -1 -1 -1 1.41 1.47 11.45 -1 1.000000
51 21 traffic light -1 -1 -1 798 85 832 228 -1 -1 -1 3.68 1.47 12.67 -1 1.000000
51 23 person -1 -1 -1 524 159 566 237 -1 -1 -1 -1.64 1.30 18.08 -1 1.000000
52 15 tracking error -1 -1 -1 502 158 529 232 -1 -1 -1 -2.27 1.27 17.89 -1 1.000000
52 19 car -1 -1 -1 790 158 927 225 -1 -1 -1 7.73 1.31 21.55 -1 1.000000
52 20 road sign -1 -1 -1 645 186 669 263 -1 -1 -1 0.81 1.45 11.10 -1 1.000000
52 21 traffic light -1 -1 -1 759 81 797 238 -1 -1 -1 3.00 1.45 12.41 -1 1.000000
52 23 person -1 -1 -1 485 159 511 236 -1 -1 -1 -2.68 1.27 17.52 -1 1.000000
53 15 tracking error -1 -1 -1 451 158 486 236 -1 -1 -1 -3.38 1.26 17.30 -1 1.000000
53 19 car -1 -1 -1 748 157 890 224 -1 -1 -1 6.61 1.29 21.54 -1 1.000000
53 20 road sign -1 -1 -1 607 185 632 264 -1 -1 -1 0.23 1.44 10.71 -1 1.000000
53 23 person -1 -1 -1 438 156 464 236 -1 -1 -1 -3.71 1.26 17.07 -1 1.000000
53 24 traffic light -1 -1 -1 741 79 764 134 -1 -1 -1 2.46 1.44 12.01 -1 1.000000
54 15 tracking error -1 -1 -1 411 157 437 236 -1 -1 -1 -4.42 1.27 16.96 -1 1.000000
54 19 car -1 -1 -1 708 157 849 224 -1 -1 -1 5.34 1.26 21.49 -1 1.000000
54 20 road sign -1 -1 -1 568 187 593 262 -1 -1 -1 -0.34 1.45 10.25 -1 1.000000
54 23 person -1 -1 -1 385 156 415 226 -1 -1 -1 -4.75 1.28 16.52 -1 1.000000
54 24 traffic light -1 -1 -1 706 77 729 133 -1 -1 -1 1.82 1.44 11.72 -1 1.000000
55 15 tracking error -1 -1 -1 357 156 384 235 -1 -1 -1 -5.46 1.29 16.45 -1 1.000000
55 19 car -1 -1 -1 677 157 813 227 -1 -1 -1 4.27 1.29 21.26 -1 1.000000
55 20 road sign -1 -1 -1 527 188 554 267 -1 -1 -1 -0.88 1.47 9.79 -1 1.000000
55 23 person -1 -1 -1 331 157 362 237 -1 -1 -1 -5.77 1.30 15.88 -1 1.000000
55 24 traffic light -1 -1 -1 670 74 695 130 -1 -1 -1 1.19 1.46 11.38 -1 1.000000
55 25 road sign -1 -1 -1 955 177 989 234 -1 -1 -1 9.55 1.40 18.19 -1 1.000000
56 15 tracking error -1 -1 -1 294 156 330 247 -1 -1 -1 -6.50 1.33 15.81 -1 1.000000
56 19 car -1 -1 -1 634 158 775 229 -1 -1 -1 3.09 1.34 20.95 -1 1.000000
56 20 road sign -1 -1 -1 483 190 512 270 -1 -1 -1 -1.41 1.49 9.28 -1 1.000000
56 23 person -1 -1 -1 270 158 302 238 -1 -1 -1 -6.82 1.33 15.18 -1 1.000000
56 24 traffic light -1 -1 -1 633 73 660 131 -1 -1 -1 0.59 1.48 10.97 -1 1.000000
56 25 road sign -1 -1 -1 925 177 950 234 -1 -1 -1 8.56 1.45 18.15 -1 1.000000
57 15 tracking error -1 -1 -1 238 171 271 244 -1 -1 -1 -7.45 1.34 15.10 -1 1.000000
57 19 car -1 -1 -1 595 162 739 232 -1 -1 -1 1.94 1.39 20.73 -1 1.000000
57 20 road sign -1 -1 -1 436 193 465 290 -1 -1 -1 -1.92 1.51 8.81 -1 1.000000
57 23 person -1 -1 -1 206 156 243 249 -1 -1 -1 -7.90 1.34 14.60 -1 1.000000
57 24 traffic light -1 -1 -1 592 70 621 130 -1 -1 -1 -0.03 1.51 10.55 -1 1.000000
57 25 road sign -1 -1 -1 888 182 912 236 -1 -1 -1 7.55 1.51 18.11 -1 1.000000
58 15 tracking error -1 -1 -1 167 164 209 250 -1 -1 -1 -8.52 1.34 14.45 -1 1.000000
58 19 car -1 -1 -1 563 164 700 237 -1 -1 -1 0.82 1.45 20.28 -1 1.000000
58 20 road sign -1 -1 -1 382 195 414 293 -1 -1 -1 -2.41 1.53 8.25 -1 1.000000
58 23 person -1 -1 -1 132 154 175 252 -1 -1 -1 -8.89 1.34 13.87 -1 1.000000
58 24 traffic light -1 -1 -1 556 68 581 131 -1 -1 -1 -0.60 1.54 10.06 -1 1.000000
58 25 road sign -1 -1 -1 849 185 873 240 -1 -1 -1 6.53 1.58 18.08 -1 1.000000
59 15 tracking error -1 -1 -1 84 158 133 255 -1 -1 -1 -9.61 1.36 13.70 -1 1.000000
59 19 car -1 -1 -1 517 165 660 238 -1 -1 -1 -0.37 1.50 19.75 -1 1.000000
59 20 road sign -1 -1 -1 322 198 355 307 -1 -1 -1 -2.88 1.54 7.65 -1 1.000000
59 23 person -1 -1 -1 44 154 91 263 -1 -1 -1 -9.85 1.37 12.97 -1 1.000000
59 24 traffic light -1 -1 -1 509 64 536 129 -1 -1 -1 -1.17 1.56 9.52 -1 1.000000
59 25 road sign -1 -1 -1 804 187 836 244 -1 -1 -1 5.51 1.62 17.96 -1 1.000000
59 26 car -1 -1 -1 1199 185 1224 237 -1 -1 -1 24.61 1.90 28.99 -1 1.000000
60 15 tracking error -1 -1 -1 0 154 65 260 -1 -1 -1 -10.60 1.35 12.81 -1 1.000000
60 19 car -1 -1 -1 471 165 620 239 -1 -1 -1 -1.50 1.49 19.05 -1 1.000000
60 24 traffic light -1 -1 -1 462 57 491 127 -1 -1 -1 -1.70 1.56 8.97 -1 1.000000
60 25 road sign -1 -1 -1 773 187 797 244 -1 -1 -1 4.50 1.62 17.76 -1 1.000000
60 26 car -1 -1 -1 1144 180 1223 230 -1 -1 -1 23.43 1.93 29.77 -1 1.000000
60 27 car -1 -1 -1 1170 191 1224 304 -1 -1 -1 9.92 1.78 11.79 -1 1.000000
61 19 car -1 -1 -1 423 164 580 241 -1 -1 -1 -2.60 1.46 18.21 -1 1.000000
61 24 traffic light -1 -1 -1 408 48 441 123 -1 -1 -1 -2.22 1.54 8.39 -1 1.000000
61 25 road sign -1 -1 -1 732 186 759 243 -1 -1 -1 3.47 1.56 17.45 -1 1.000000
61 26 car -1 -1 -1 1089 169 1163 223 -1 -1 -1 21.69 1.77 30.33 -1 1.000000
61 27 car -1 -1 -1 1112 187 1223 303 -1 -1 -1 9.12 1.71 11.68 -1 1.000000
62 19 car -1 -1 -1 377 163 536 243 -1 -1 -1 -3.63 1.45 17.63 -1 1.000000
62 24 traffic light -1 -1 -1 347 37 382 123 -1 -1 -1 -2.71 1.54 7.80 -1 1.000000
62 25 road sign -1 -1 -1 696 185 719 242 -1 -1 -1 2.48 1.55 17.12 -1 1.000000
62 26 car -1 -1 -1 1037 176 1110 222 -1 -1 -1 19.52 1.73 30.29 -1 1.000000
62 27 car -1 -1 -1 1073 188 1193 299 -1 -1 -1 8.43 1.68 11.66 -1 1.000000
63 19 car -1 -1 -1 344 162 490 246 -1 -1 -1 -4.51 1.45 17.06 -1 1.000000
63 24 traffic light -1 -1 -1 278 25 320 112 -1 -1 -1 -3.16 1.54 7.12 -1 1.000000
63 25 road sign -1 -1 -1 657 185 681 242 -1 -1 -1 1.49 1.55 16.62 -1 1.000000
63 26 car -1 -1 -1 987 176 1055 223 -1 -1 -1 17.36 1.76 30.21 -1 1.000000
63 27 car -1 -1 -1 1029 185 1159 298 -1 -1 -1 7.71 1.70 11.52 -1 1.000000
64 19 car -1 -1 -1 295 160 443 250 -1 -1 -1 -5.51 1.43 16.30 -1 1.000000
64 24 traffic light -1 -1 -1 201 33 245 97 -1 -1 -1 -3.55 1.53 6.39 -1 1.000000
64 25 road sign -1 -1 -1 619 186 644 247 -1 -1 -1 0.56 1.56 16.25 -1 1.000000
64 26 car -1 -1 -1 916 152 1007 225 -1 -1 -1 15.63 1.83 30.41 -1 1.000000
64 27 car -1 -1 -1 1001 193 1124 285 -1 -1 -1 7.02 1.73 11.41 -1 1.000000
64 28 car -1 -1 -1 987 185 1078 243 -1 -1 -1 10.14 1.77 17.50 -1 1.000000
65 19 car -1 -1 -1 242 159 394 250 -1 -1 -1 -6.26 1.42 15.49 -1 1.000000
65 24 traffic light -1 -1 -1 104 15 163 86 -1 -1 -1 -3.93 1.53 5.71 -1 1.000000
65 25 road sign -1 -1 -1 580 186 604 247 -1 -1 -1 -0.33 1.55 15.75 -1 1.000000
65 26 car -1 -1 -1 900 180 962 222 -1 -1 -1 13.88 1.80 30.34 -1 1.000000
65 27 car -1 -1 -1 977 193 1093 284 -1 -1 -1 6.35 1.73 11.17 -1 1.000000
65 28 car -1 -1 -1 950 183 1045 236 -1 -1 -1 9.06 1.75 17.49 -1 1.000000
66 19 car -1 -1 -1 97 151 345 263 -1 -1 -1 -7.38 1.42 14.03 -1 1.000000
66 24 traffic light -1 -1 -1 0 0 58 75 -1 -1 -1 -4.27 1.54 5.01 -1 1.000000
66 25 road sign -1 -1 -1 539 186 566 246 -1 -1 -1 -1.16 1.54 15.16 -1 1.000000
66 26 car -1 -1 -1 862 179 924 225 -1 -1 -1 12.25 1.74 30.22 -1 1.000000
66 27 car -1 -1 -1 949 193 1064 284 -1 -1 -1 5.77 1.70 10.94 -1 1.000000
66 28 car -1 -1 -1 913 185 999 241 -1 -1 -1 8.28 1.73 17.22 -1 1.000000
67 19 car -1 -1 -1 1 155 289 276 -1 -1 -1 -8.04 1.42 13.17 -1 1.000000
67 25 road sign -1 -1 -1 499 185 527 247 -1 -1 -1 -1.89 1.51 14.56 -1 1.000000
67 26 car -1 -1 -1 828 174 891 219 -1 -1 -1 10.87 1.61 30.06 -1 1.000000
67 27 car -1 -1 -1 925 189 1034 288 -1 -1 -1 5.28 1.65 10.63 -1 1.000000
67 28 car -1 -1 -1 880 153 1005 241 -1 -1 -1 7.40 1.64 16.79 -1 1.000000
67 29 car -1 -1 -1 590 168 651 199 -1 -1 -1 0.71 1.32 46.99 -1 1.000000
68 19 car -1 -1 -1 1 155 236 288 -1 -1 -1 -8.42 1.39 12.82 -1 1.000000
68 25 road sign -1 -1 -1 463 184 493 247 -1 -1 -1 -2.49 1.46 13.92 -1 1.000000
68 26 car -1 -1 -1 797 170 863 216 -1 -1 -1 9.63 1.46 29.97 -1 1.000000
68 27 car -1 -1 -1 910 187 1022 287 -1 -1 -1 4.91 1.60 10.27 -1 1.000000
68 28 car -1 -1 -1 855 179 941 238 -1 -1 -1 6.69 1.56 16.65 -1 1.000000
68 29 car -1 -1 -1 556 167 610 197 -1 -1 -1 -1.47 1.16 44.82 -1 1.000000
69 19 car -1 -1 -1 1 149 179 267 -1 -1 -1 -8.65 1.38 12.34 -1 1.000000
69 25 road sign -1 -1 -1 428 182 459 248 -1 -1 -1 -3.00 1.44 13.17 -1 1.000000
69 26 car -1 -1 -1 772 170 840 214 -1 -1 -1 8.54 1.38 29.54 -1 1.000000
69 27 car -1 -1 -1 894 187 1006 287 -1 -1 -1 4.58 1.57 9.79 -1 1.000000
69 28 car -1 -1 -1 833 178 924 239 -1 -1 -1 5.99 1.50 16.48 -1 1.000000
69 29 car -1 -1 -1 522 164 586 197 -1 -1 -1 -3.45 1.07 43.30 -1 1.000000
70 19 car -1 -1 -1 1 146 123 287 -1 -1 -1 -8.91 1.36 11.91 -1 1.000000
70 25 road sign -1 -1 -1 394 181 431 250 -1 -1 -1 -3.40 1.43 12.48 -1 1.000000
70 26 car -1 -1 -1 750 169 817 214 -1 -1 -1 7.68 1.37 29.03 -1 1.000000
70 27 car -1 -1 -1 879 189 998 288 -1 -1 -1 4.30 1.58 9.33 -1 1.000000
70 28 car -1 -1 -1 815 177 908 242 -1 -1 -1 5.47 1.51 15.99 -1 1.000000
70 29 car -1 -1 -1 486 166 545 197 -1 -1 -1 -4.90 1.02 41.89 -1 1.000000
71 19 car -1 -1 -1 1 149 64 292 -1 -1 -1 -9.16 1.44 11.41 -1 1.000000
71 25 road sign -1 -1 -1 365 185 401 263 -1 -1 -1 -3.72 1.48 11.82 -1 1.000000
71 26 car -1 -1 -1 735 169 803 215 -1 -1 -1 7.00 1.34 28.77 -1 1.000000
71 27 car -1 -1 -1 879 185 1031 317 -1 -1 -1 4.10 1.56 8.73 -1 1.000000
71 28 car -1 -1 -1 802 177 897 246 -1 -1 -1 5.03 1.49 15.48 -1 1.000000
71 29 car -1 -1 -1 468 165 519 196 -1 -1 -1 -6.13 1.15 40.24 -1 1.000000
72 25 road sign -1 -1 -1 333 189 370 273 -1 -1 -1 -4.02 1.55 11.18 -1 1.000000
72 26 car -1 -1 -1 725 172 791 218 -1 -1 -1 6.43 1.35 28.32 -1 1.000000
72 27 car -1 -1 -1 880 188 1030 313 -1 -1 -1 3.91 1.56 8.24 -1 1.000000
72 28 car -1 -1 -1 789 178 895 249 -1 -1 -1 4.67 1.49 14.92 -1 1.000000
72 29 car -1 -1 -1 442 168 496 200 -1 -1 -1 -7.20 1.28 38.70 -1 1.000000
73 25 road sign -1 -1 -1 299 193 339 282 -1 -1 -1 -4.22 1.59 10.43 -1 1.000000
73 26 car -1 -1 -1 713 174 781 220 -1 -1 -1 5.80 1.52 27.38 -1 1.000000
73 27 car -1 -1 -1 879 188 1039 323 -1 -1 -1 3.76 1.58 7.69 -1 1.000000
73 28 car -1 -1 -1 781 180 887 253 -1 -1 -1 4.32 1.57 14.24 -1 1.000000
73 29 car -1 -1 -1 417 172 478 207 -1 -1 -1 -8.05 1.52 36.98 -1 1.000000
74 25 road sign -1 -1 -1 264 194 309 288 -1 -1 -1 -4.39 1.61 9.73 -1 1.000000
74 26 car -1 -1 -1 716 176 775 227 -1 -1 -1 5.43 1.49 26.96 -1 1.000000
74 27 car -1 -1 -1 823 192 1058 335 -1 -1 -1 3.41 1.61 7.26 -1 1.000000
74 28 car -1 -1 -1 777 182 886 265 -1 -1 -1 4.07 1.57 13.54 -1 1.000000
74 29 car -1 -1 -1 394 172 454 208 -1 -1 -1 -8.75 1.48 34.98 -1 1.000000
75 25 road sign -1 -1 -1 212 193 275 298 -1 -1 -1 -4.53 1.59 9.05 -1 1.000000
75 26 car -1 -1 -1 704 175 769 223 -1 -1 -1 5.06 1.55 26.41 -1 1.000000
75 27 car -1 -1 -1 825 193 1088 350 -1 -1 -1 3.25 1.62 6.63 -1 1.000000
75 28 car -1 -1 -1 771 183 888 269 -1 -1 -1 3.86 1.59 12.95 -1 1.000000
75 29 car -1 -1 -1 373 170 437 209 -1 -1 -1 -9.41 1.47 33.94 -1 1.000000
76 26 car -1 -1 -1 703 175 768 227 -1 -1 -1 4.73 1.59 25.86 -1 1.000000
76 27 car -1 -1 -1 830 195 1082 367 -1 -1 -1 3.10 1.64 6.11 -1 1.000000
76 28 car -1 -1 -1 766 180 902 276 -1 -1 -1 3.69 1.62 12.32 -1 1.000000
76 29 car -1 -1 -1 348 171 417 211 -1 -1 -1 -10.04 1.47 32.48 -1 1.000000
76 30 unknown -1 -1 -1 820 182 890 190 -1 -1 -1 4.36 1.63 12.44 -1 1.000000
77 26 car -1 -1 -1 692 176 758 226 -1 -1 -1 4.39 1.64 25.22 -1 1.000000
77 27 car -1 -1 -1 838 199 1063 368 -1 -1 -1 2.88 1.63 5.95 -1 1.000000
77 28 car -1 -1 -1 762 180 907 281 -1 -1 -1 3.54 1.64 11.63 -1 1.000000
77 29 car -1 -1 -1 321 171 397 214 -1 -1 -1 -10.46 1.54 30.66 -1 1.000000
77 30 unknown -1 -1 -1 828 182 898 191 -1 -1 -1 4.26 1.64 11.71 -1 1.000000
78 26 car -1 -1 -1 693 177 758 229 -1 -1 -1 4.19 1.60 24.53 -1 1.000000
78 27 car -1 -1 -1 857 199 1203 364 -1 -1 -1 2.86 1.66 5.03 -1 1.000000
78 28 car -1 -1 -1 759 182 923 287 -1 -1 -1 3.43 1.63 10.95 -1 1.000000
78 29 car -1 -1 -1 296 173 379 218 -1 -1 -1 -10.97 1.53 29.48 -1 1.000000
78 30 unknown -1 -1 -1 826 182 911 191 -1 -1 -1 4.13 1.64 11.09 -1 1.000000
79 26 car -1 -1 -1 689 176 759 230 -1 -1 -1 3.98 1.56 23.61 -1 1.000000
79 27 car -1 -1 -1 870 201 1223 367 -1 -1 -1 2.82 1.65 4.45 -1 1.000000
79 28 car -1 -1 -1 760 177 958 295 -1 -1 -1 3.37 1.62 10.26 -1 1.000000
79 29 car -1 -1 -1 266 173 358 221 -1 -1 -1 -11.27 1.52 27.82 -1 1.000000
79 30 unknown -1 -1 -1 835 182 919 192 -1 -1 -1 4.03 1.62 10.42 -1 1.000000
80 26 car -1 -1 -1 689 176 761 232 -1 -1 -1 3.74 1.58 22.61 -1 1.000000
80 27 car -1 -1 -1 949 204 1223 367 -1 -1 -1 2.77 1.63 4.06 -1 1.000000
80 28 car -1 -1 -1 762 177 987 295 -1 -1 -1 3.35 1.61 9.44 -1 1.000000
80 29 car -1 -1 -1 240 173 339 225 -1 -1 -1 -11.54 1.60 26.46 -1 1.000000
81 26 car -1 -1 -1 690 174 759 232 -1 -1 -1 3.59 1.49 21.57 -1 1.000000
81 27 car -1 -1 -1 992 209 1223 367 -1 -1 -1 2.73 1.63 3.63 -1 1.000000
81 28 car -1 -1 -1 784 180 1015 320 -1 -1 -1 3.28 1.59 8.67 -1 1.000000
81 29 car -1 -1 -1 222 171 318 223 -1 -1 -1 -11.64 1.48 25.06 -1 1.000000
82 26 car -1 -1 -1 690 175 760 233 -1 -1 -1 3.48 1.48 20.64 -1 1.000000
82 27 car -1 -1 -1 1048 222 1223 367 -1 -1 -1 2.75 1.64 3.51 -1 1.000000
82 28 car -1 -1 -1 759 173 1047 326 -1 -1 -1 3.39 1.60 7.87 -1 1.000000
82 29 car -1 -1 -1 176 169 295 230 -1 -1 -1 -11.89 1.49 23.60 -1 1.000000
83 26 car -1 -1 -1 689 175 760 235 -1 -1 -1 3.41 1.47 19.87 -1 1.000000
83 27 car -1 -1 -1 1136 287 1224 370 -1 -1 -1 2.73 1.65 2.82 -1 1.000000
83 28 car -1 -1 -1 804 180 1099 338 -1 -1 -1 3.32 1.61 7.10 -1 1.000000
83 29 car -1 -1 -1 140 169 271 234 -1 -1 -1 -12.07 1.47 22.28 -1 1.000000
84 26 car -1 -1 -1 689 175 761 237 -1 -1 -1 3.29 1.48 19.01 -1 1.000000
84 28 car -1 -1 -1 813 176 1180 366 -1 -1 -1 3.26 1.61 6.30 -1 1.000000
84 29 car -1 -1 -1 95 170 243 237 -1 -1 -1 -12.22 1.50 20.78 -1 1.000000
85 26 car -1 -1 -1 700 173 768 239 -1 -1 -1 3.27 1.48 18.14 -1 1.000000
85 28 car -1 -1 -1 828 177 1220 367 -1 -1 -1 3.20 1.59 5.49 -1 1.000000
85 29 car -1 -1 -1 64 170 213 240 -1 -1 -1 -12.34 1.55 19.47 -1 1.000000
85 31 car -1 -1 -1 675 172 750 220 -1 -1 -1 2.90 1.42 23.36 -1 1.000000
86 26 car -1 -1 -1 702 174 773 239 -1 -1 -1 3.27 1.47 17.25 -1 1.000000
86 28 car -1 -1 -1 853 181 1223 369 -1 -1 -1 3.12 1.61 4.79 -1 1.000000
86 29 car -1 -1 -1 2 171 184 255 -1 -1 -1 -12.31 1.56 18.07 -1 1.000000
86 31 car -1 -1 -1 675 173 741 222 -1 -1 -1 2.90 1.41 22.63 -1 1.000000
87 26 car -1 -1 -1 709 175 785 250 -1 -1 -1 3.26 1.47 16.37 -1 1.000000
87 28 car -1 -1 -1 879 181 1223 368 -1 -1 -1 3.05 1.60 4.42 -1 1.000000
87 29 car -1 -1 -1 1 171 143 266 -1 -1 -1 -12.36 1.62 16.76 -1 1.000000
87 31 car -1 -1 -1 676 173 743 222 -1 -1 -1 2.89 1.41 21.84 -1 1.000000
88 26 car -1 -1 -1 713 177 792 254 -1 -1 -1 3.24 1.50 15.50 -1 1.000000
88 28 car -1 -1 -1 922 198 1223 369 -1 -1 -1 2.98 1.59 4.26 -1 1.000000
88 29 car -1 -1 -1 1 174 100 271 -1 -1 -1 -12.29 1.64 15.94 -1 1.000000
88 31 car -1 -1 -1 679 173 751 220 -1 -1 -1 2.91 1.45 21.31 -1 1.000000
89 26 car -1 -1 -1 719 175 816 260 -1 -1 -1 3.25 1.49 14.63 -1 1.000000
89 28 car -1 -1 -1 1033 198 1223 368 -1 -1 -1 2.96 1.58 3.87 -1 1.000000
89 29 car -1 -1 -1 1 176 46 269 -1 -1 -1 -12.29 1.66 14.95 -1 1.000000
89 31 car -1 -1 -1 682 174 751 230 -1 -1 -1 2.89 1.45 20.13 -1 1.000000
89 32 car -1 -1 -1 662 174 720 219 -1 -1 -1 2.91 1.40 26.36 -1 1.000000
89 33 car -1 -1 -1 412 175 468 204 -1 -1 -1 -9.78 1.42 42.10 -1 1.000000
90 26 car -1 -1 -1 724 176 820 265 -1 -1 -1 3.20 1.50 13.70 -1 1.000000
90 28 car -1 -1 -1 1131 239 1223 365 -1 -1 -1 2.94 1.60 3.44 -1 1.000000
90 31 car -1 -1 -1 687 174 756 232 -1 -1 -1 2.89 1.45 19.10 -1 1.000000
90 32 car -1 -1 -1 665 176 725 218 -1 -1 -1 2.90 1.40 25.11 -1 1.000000
90 33 car -1 -1 -1 410 177 461 204 -1 -1 -1 -9.78 1.40 40.41 -1 1.000000
91 26 car -1 -1 -1 728 176 834 271 -1 -1 -1 3.23 1.44 12.87 -1 1.000000
91 31 car -1 -1 -1 690 174 762 239 -1 -1 -1 2.94 1.38 18.23 -1 1.000000
91 32 car -1 -1 -1 666 176 720 219 -1 -1 -1 2.95 1.29 24.42 -1 1.000000
91 33 car -1 -1 -1 401 178 452 206 -1 -1 -1 -9.91 1.39 38.96 -1 1.000000
92 26 car -1 -1 -1 736 177 848 276 -1 -1 -1 3.19 1.42 11.98 -1 1.000000
92 31 car -1 -1 -1 704 175 771 243 -1 -1 -1 2.94 1.35 17.30 -1 1.000000
92 32 car -1 -1 -1 670 177 728 223 -1 -1 -1 2.96 1.26 23.49 -1 1.000000
92 33 car -1 -1 -1 387 178 443 207 -1 -1 -1 -9.81 1.39 37.07 -1 1.000000
93 26 car -1 -1 -1 746 174 918 294 -1 -1 -1 3.30 1.47 10.99 -1 1.000000
93 31 car -1 -1 -1 706 175 779 248 -1 -1 -1 2.89 1.44 16.39 -1 1.000000
93 32 car -1 -1 -1 686 175 737 225 -1 -1 -1 2.88 1.40 22.37 -1 1.000000
93 33 car -1 -1 -1 386 179 435 207 -1 -1 -1 -9.64 1.55 35.64 -1 1.000000
94 26 car -1 -1 -1 754 174 890 294 -1 -1 -1 3.17 1.51 10.12 -1 1.000000
94 31 car -1 -1 -1 713 174 789 250 -1 -1 -1 2.87 1.47 15.39 -1 1.000000
94 32 car -1 -1 -1 688 176 733 229 -1 -1 -1 2.86 1.43 21.23 -1 1.000000
94 33 car -1 -1 -1 363 178 424 209 -1 -1 -1 -9.84 1.52 33.72 -1 1.000000
95 26 car -1 -1 -1 765 174 917 307 -1 -1 -1 3.11 1.52 9.16 -1 1.000000
95 31 car -1 -1 -1 704 175 800 260 -1 -1 -1 2.88 1.48 14.45 -1 1.000000
95 32 car -1 -1 -1 682 176 740 231 -1 -1 -1 2.87 1.45 20.25 -1 1.000000
95 33 car -1 -1 -1 348 178 413 212 -1 -1 -1 -9.98 1.58 31.78 -1 1.000000
96 26 car -1 -1 -1 780 177 957 318 -1 -1 -1 3.13 1.45 8.28 -1 1.000000
96 31 car -1 -1 -1 721 176 816 267 -1 -1 -1 2.96 1.35 13.60 -1 1.000000
96 32 car -1 -1 -1 694 177 749 235 -1 -1 -1 2.98 1.24 19.44 -1 1.000000
96 33 car -1 -1 -1 331 179 401 214 -1 -1 -1 -9.96 1.37 30.21 -1 1.000000
97 26 car -1 -1 -1 794 177 1003 369 -1 -1 -1 3.01 1.55 7.24 -1 1.000000
97 31 car -1 -1 -1 732 176 833 274 -1 -1 -1 2.86 1.51 12.51 -1 1.000000
97 32 car -1 -1 -1 697 179 756 241 -1 -1 -1 2.84 1.46 18.35 -1 1.000000
97 33 car -1 -1 -1 312 180 388 217 -1 -1 -1 -10.05 1.54 28.56 -1 1.000000
97 34 car -1 -1 -1 674 176 754 221 -1 -1 -1 2.80 1.42 23.11 -1 1.000000
98 26 car -1 -1 -1 816 178 1061 369 -1 -1 -1 3.03 1.57 6.37 -1 1.000000
98 31 car -1 -1 -1 739 176 851 277 -1 -1 -1 2.88 1.53 11.59 -1 1.000000
98 32 car -1 -1 -1 704 180 766 246 -1 -1 -1 2.85 1.49 17.36 -1 1.000000
98 33 car -1 -1 -1 289 181 374 220 -1 -1 -1 -10.20 1.56 27.03 -1 1.000000
98 34 car -1 -1 -1 678 175 738 223 -1 -1 -1 2.82 1.45 22.26 -1 1.000000
99 26 car -1 -1 -1 835 178 1146 369 -1 -1 -1 3.02 1.58 5.38 -1 1.000000
99 31 car -1 -1 -1 746 176 883 287 -1 -1 -1 2.89 1.54 10.65 -1 1.000000
99 32 car -1 -1 -1 708 180 777 250 -1 -1 -1 2.86 1.50 16.38 -1 1.000000
99 33 car -1 -1 -1 269 181 359 219 -1 -1 -1 -10.17 1.56 25.28 -1 1.000000
99 34 car -1 -1 -1 682 175 751 221 -1 -1 -1 2.85 1.47 21.57 -1 1.000000
100 26 car -1 -1 -1 905 178 1200 364 -1 -1 -1 2.89 1.59 4.64 -1 1.000000
100 31 car -1 -1 -1 758 174 932 308 -1 -1 -1 2.92 1.55 9.66 -1 1.000000
100 32 car -1 -1 -1 712 180 787 253 -1 -1 -1 2.87 1.49 15.53 -1 1.000000
100 33 car -1 -1 -1 240 182 339 227 -1 -1 -1 -10.28 1.54 23.62 -1 1.000000
100 34 car -1 -1 -1 684 175 753 221 -1 -1 -1 2.86 1.45 20.73 -1 1.000000
101 26 car -1 -1 -1 906 175 1223 369 -1 -1 -1 2.76 1.59 3.83 -1 1.000000
101 31 car -1 -1 -1 772 172 967 307 -1 -1 -1 2.94 1.54 8.61 -1 1.000000
101 32 car -1 -1 -1 719 179 801 251 -1 -1 -1 2.92 1.47 14.64 -1 1.000000
101 33 car -1 -1 -1 210 181 321 228 -1 -1 -1 -10.41 1.51 22.16 -1 1.000000
101 34 car -1 -1 -1 685 175 746 223 -1 -1 -1 2.86 1.42 19.87 -1 1.000000
102 31 car -1 -1 -1 788 176 1018 324 -1 -1 -1 2.98 1.54 7.52 -1 1.000000
102 32 car -1 -1 -1 724 178 817 259 -1 -1 -1 2.94 1.47 13.56 -1 1.000000
102 33 car -1 -1 -1 172 179 297 231 -1 -1 -1 -10.66 1.51 20.92 -1 1.000000
102 34 car -1 -1 -1 689 175 755 232 -1 -1 -1 2.80 1.41 18.77 -1 1.000000
102 35 car -1 -1 -1 949 199 1224 370 -1 -1 -1 2.75 1.60 2.81 -1 1.000000
103 31 car -1 -1 -1 804 175 1095 354 -1 -1 -1 3.04 1.55 6.45 -1 1.000000
103 32 car -1 -1 -1 732 179 841 275 -1 -1 -1 2.97 1.48 12.60 -1 1.000000
103 33 car -1 -1 -1 130 179 273 238 -1 -1 -1 -10.82 1.54 19.14 -1 1.000000
103 34 car -1 -1 -1 690 175 762 235 -1 -1 -1 2.81 1.43 17.84 -1 1.000000
103 36 car -1 -1 -1 1006 226 1224 370 -1 -1 -1 2.74 1.62 1.79 -1 1.000000
104 31 car -1 -1 -1 829 172 1204 369 -1 -1 -1 3.10 1.57 5.43 -1 1.000000
104 32 car -1 -1 -1 738 180 863 284 -1 -1 -1 2.98 1.52 11.57 -1 1.000000
104 33 car -1 -1 -1 79 177 239 245 -1 -1 -1 -10.90 1.59 17.78 -1 1.000000
104 34 car -1 -1 -1 701 177 772 234 -1 -1 -1 2.85 1.47 16.80 -1 1.000000
105 31 car -1 -1 -1 856 178 1222 369 -1 -1 -1 3.01 1.59 4.56 -1 1.000000
105 32 car -1 -1 -1 749 181 891 292 -1 -1 -1 3.03 1.55 10.50 -1 1.000000
105 33 car -1 -1 -1 8 185 207 258 -1 -1 -1 -11.02 1.63 16.23 -1 1.000000
105 34 car -1 -1 -1 707 180 782 247 -1 -1 -1 2.84 1.52 15.75 -1 1.000000
