1 0 car -1 -1 -1 695 180 844 269 -1 -1 -1 2.74 1.72 12.90 -1 1.000000
1 1 car -1 -1 -1 415 202 484 271 -1 -1 -1 -2.85 1.78 13.95 -1 1.000000
1 2 car -1 -1 -1 652 172 721 220 -1 -1 -1 2.68 1.83 27.34 -1 1.000000
2 0 car -1 -1 -1 697 180 836 273 -1 -1 -1 2.68 1.69 12.10 -1 1.000000
2 1 car -1 -1 -1 402 203 475 270 -1 -1 -1 -2.89 1.78 13.27 -1 1.000000
2 2 car -1 -1 -1 648 178 717 221 -1 -1 -1 2.52 1.77 26.70 -1 1.000000
3 0 car -1 -1 -1 697 177 849 279 -1 -1 -1 2.64 1.68 11.46 -1 1.000000
3 1 car -1 -1 -1 379 205 469 282 -1 -1 -1 -2.90 1.77 12.53 -1 1.000000
3 2 car -1 -1 -1 647 177 720 221 -1 -1 -1 2.46 1.77 26.07 -1 1.000000
3 3 trailer -1 -1 -1 382 155 459 207 -1 -1 -1 -10.07 2.02 39.65 -1 1.000000
4 0 car -1 -1 -1 702 179 867 287 -1 -1 -1 2.64 1.67 10.71 -1 1.000000
4 1 car -1 -1 -1 365 209 461 295 -1 -1 -1 -2.91 1.77 11.73 -1 1.000000
4 2 car -1 -1 -1 654 173 725 224 -1 -1 -1 2.55 1.76 25.14 -1 1.000000
4 3 trailer -1 -1 -1 377 154 448 204 -1 -1 -1 -10.36 2.03 38.68 -1 1.000000
4 4 car -1 -1 -1 89 199 414 370 -1 -1 -1 -2.91 1.74 6.18 -1 1.000000
5 0 car -1 -1 -1 717 181 884 291 -1 -1 -1 2.61 1.66 9.97 -1 1.000000
5 1 car -1 -1 -1 344 210 453 301 -1 -1 -1 -2.92 1.78 10.95 -1 1.000000
5 2 car -1 -1 -1 656 178 728 225 -1 -1 -1 2.59 1.71 24.37 -1 1.000000
5 3 trailer -1 -1 -1 372 154 444 204 -1 -1 -1 -10.41 2.01 37.94 -1 1.000000
5 4 car -1 -1 -1 98 202 384 371 -1 -1 -1 -2.82 1.76 5.80 -1 1.000000
6 0 car -1 -1 -1 705 181 904 305 -1 -1 -1 2.59 1.68 9.29 -1 1.000000
6 1 car -1 -1 -1 318 194 445 305 -1 -1 -1 -2.99 1.75 10.40 -1 1.000000
6 2 car -1 -1 -1 656 178 727 226 -1 -1 -1 2.63 1.72 23.45 -1 1.000000
6 3 trailer -1 -1 -1 367 154 440 207 -1 -1 -1 -10.48 1.91 37.31 -1 1.000000
6 4 car -1 -1 -1 39 203 358 370 -1 -1 -1 -2.77 1.73 5.39 -1 1.000000
6 5 greenery -1 -1 -1 277 134 347 202 -1 -1 -1 -8.89 1.84 21.44 -1 1.000000
6 6 van -1 -1 -1 468 165 530 213 -1 -1 -1 -3.98 1.81 29.90 -1 1.000000
7 0 car -1 -1 -1 709 184 928 311 -1 -1 -1 2.59 1.64 8.54 -1 1.000000
7 1 car -1 -1 -1 291 215 432 323 -1 -1 -1 -2.96 1.79 9.38 -1 1.000000
7 2 car -1 -1 -1 667 179 732 228 -1 -1 -1 2.73 1.69 22.65 -1 1.000000
7 3 trailer -1 -1 -1 363 154 441 209 -1 -1 -1 -10.42 2.08 36.76 -1 1.000000
7 4 car -1 -1 -1 1 204 300 374 -1 -1 -1 -2.75 1.76 4.80 -1 1.000000
7 6 van -1 -1 -1 467 165 529 215 -1 -1 -1 -3.96 1.88 29.22 -1 1.000000
7 7 greenery -1 -1 -1 229 132 336 230 -1 -1 -1 -8.85 1.98 20.11 -1 1.000000
8 0 car -1 -1 -1 712 185 956 322 -1 -1 -1 2.57 1.62 7.84 -1 1.000000
8 1 car -1 -1 -1 255 218 422 332 -1 -1 -1 -2.95 1.80 8.60 -1 1.000000
8 2 car -1 -1 -1 669 178 736 230 -1 -1 -1 2.81 1.65 21.84 -1 1.000000
8 3 trailer -1 -1 -1 359 153 439 211 -1 -1 -1 -10.29 2.12 35.83 -1 1.000000
8 4 car -1 -1 -1 1 190 270 374 -1 -1 -1 -2.68 1.78 4.47 -1 1.000000
8 6 van -1 -1 -1 468 164 528 217 -1 -1 -1 -3.79 1.88 28.46 -1 1.000000
8 7 greenery -1 -1 -1 207 135 345 245 -1 -1 -1 -8.84 2.03 19.46 -1 1.000000
8 8 license plate -1 -1 -1 851 240 915 264 -1 -1 -1 2.83 1.60 7.44 -1 1.000000
9 0 car -1 -1 -1 719 184 994 334 -1 -1 -1 2.56 1.60 7.10 -1 1.000000
9 1 car -1 -1 -1 221 222 412 365 -1 -1 -1 -2.93 1.79 7.81 -1 1.000000
9 2 car -1 -1 -1 668 177 741 231 -1 -1 -1 2.81 1.65 21.06 -1 1.000000
9 3 trailer -1 -1 -1 354 152 432 208 -1 -1 -1 -10.21 2.14 35.03 -1 1.000000
9 4 car -1 -1 -1 1 174 280 374 -1 -1 -1 -2.69 1.77 4.57 -1 1.000000
9 7 greenery -1 -1 -1 206 128 339 234 -1 -1 -1 -8.87 2.03 18.85 -1 1.000000
9 8 license plate -1 -1 -1 875 249 944 273 -1 -1 -1 2.83 1.59 6.75 -1 1.000000
9 9 car -1 -1 -1 441 169 526 236 -1 -1 -1 -3.82 1.87 21.92 -1 1.000000
10 0 car -1 -1 -1 741 180 1038 350 -1 -1 -1 2.54 1.60 6.36 -1 1.000000
10 1 car -1 -1 -1 175 225 398 373 -1 -1 -1 -2.92 1.78 7.03 -1 1.000000
10 2 car -1 -1 -1 675 176 747 233 -1 -1 -1 2.86 1.60 20.37 -1 1.000000
10 3 trailer -1 -1 -1 349 151 431 211 -1 -1 -1 -9.93 2.05 34.33 -1 1.000000
10 4 car -1 -1 -1 28 231 242 375 -1 -1 -1 -2.74 1.76 3.98 -1 1.000000
10 7 greenery -1 -1 -1 226 127 322 232 -1 -1 -1 -8.54 1.98 18.38 -1 1.000000
10 8 license plate -1 -1 -1 913 258 984 283 -1 -1 -1 2.85 1.59 6.05 -1 1.000000
10 9 car -1 -1 -1 437 166 524 236 -1 -1 -1 -3.77 1.82 21.36 -1 1.000000
11 0 car -1 -1 -1 758 185 1087 369 -1 -1 -1 2.53 1.61 5.64 -1 1.000000
11 1 car -1 -1 -1 86 230 382 372 -1 -1 -1 -2.94 1.76 6.40 -1 1.000000
11 2 car -1 -1 -1 678 176 752 235 -1 -1 -1 2.90 1.61 19.60 -1 1.000000
11 3 trailer -1 -1 -1 345 150 432 213 -1 -1 -1 -9.81 1.97 33.67 -1 1.000000
11 7 greenery -1 -1 -1 211 126 311 228 -1 -1 -1 -8.51 1.92 17.67 -1 1.000000
11 8 license plate -1 -1 -1 957 269 1031 291 -1 -1 -1 2.88 1.60 5.35 -1 1.000000
11 9 car -1 -1 -1 439 164 524 234 -1 -1 -1 -3.66 1.78 20.87 -1 1.000000
11 10 unknown -1 -1 -1 734 150 806 198 -1 -1 -1 7.79 1.49 33.94 -1 1.000000
12 0 car -1 -1 -1 771 184 1159 374 -1 -1 -1 2.54 1.62 4.94 -1 1.000000
12 1 car -1 -1 -1 1 231 370 374 -1 -1 -1 -2.91 1.74 5.99 -1 1.000000
12 2 car -1 -1 -1 682 175 758 237 -1 -1 -1 2.94 1.61 18.84 -1 1.000000
12 3 trailer -1 -1 -1 340 150 431 217 -1 -1 -1 -9.76 1.90 33.01 -1 1.000000
12 7 greenery -1 -1 -1 195 114 297 209 -1 -1 -1 -8.61 1.88 17.07 -1 1.000000
12 9 car -1 -1 -1 426 179 520 243 -1 -1 -1 -3.74 1.79 19.68 -1 1.000000
12 11 unknown -1 -1 -1 669 164 733 182 -1 -1 -1 4.82 1.57 35.33 -1 1.000000
13 0 car -1 -1 -1 802 184 1234 374 -1 -1 -1 2.50 1.64 4.34 -1 1.000000
13 1 car -1 -1 -1 55 248 344 370 -1 -1 -1 -2.86 1.75 5.61 -1 1.000000
13 2 car -1 -1 -1 685 176 765 238 -1 -1 -1 2.92 1.62 18.03 -1 1.000000
13 3 trailer -1 -1 -1 334 150 429 218 -1 -1 -1 -9.67 1.88 32.25 -1 1.000000
13 7 greenery -1 -1 -1 182 119 286 229 -1 -1 -1 -8.55 1.87 16.43 -1 1.000000
13 9 car -1 -1 -1 425 180 521 242 -1 -1 -1 -3.63 1.77 18.86 -1 1.000000
13 11 unknown -1 -1 -1 673 164 735 184 -1 -1 -1 4.82 1.56 34.41 -1 1.000000
14 0 car -1 -1 -1 812 187 1241 373 -1 -1 -1 2.39 1.62 3.95 -1 1.000000
14 1 car -1 -1 -1 1 249 320 373 -1 -1 -1 -2.84 1.76 5.35 -1 1.000000
14 2 car -1 -1 -1 689 173 775 242 -1 -1 -1 2.92 1.59 17.31 -1 1.000000
14 3 trailer -1 -1 -1 327 149 423 212 -1 -1 -1 -9.75 1.91 31.63 -1 1.000000
14 7 greenery -1 -1 -1 166 116 273 227 -1 -1 -1 -8.49 1.89 15.70 -1 1.000000
14 9 car -1 -1 -1 416 180 507 248 -1 -1 -1 -3.63 1.78 17.88 -1 1.000000
14 11 unknown -1 -1 -1 675 159 739 180 -1 -1 -1 5.03 1.51 33.60 -1 1.000000
14 12 car -1 -1 -1 902 167 990 208 -1 -1 -1 6.54 1.50 14.55 -1 1.000000
15 0 car -1 -1 -1 826 209 1233 374 -1 -1 -1 2.21 1.63 3.91 -1 1.000000
15 1 car -1 -1 -1 1 257 288 374 -1 -1 -1 -2.80 1.74 4.96 -1 1.000000
15 2 car -1 -1 -1 693 176 783 245 -1 -1 -1 2.92 1.61 16.59 -1 1.000000
15 3 trailer -1 -1 -1 322 148 419 215 -1 -1 -1 -9.72 1.89 31.10 -1 1.000000
15 7 greenery -1 -1 -1 145 108 266 236 -1 -1 -1 -8.33 1.86 14.91 -1 1.000000
15 9 car -1 -1 -1 418 180 501 250 -1 -1 -1 -3.56 1.76 17.15 -1 1.000000
15 11 unknown -1 -1 -1 684 160 742 180 -1 -1 -1 5.11 1.56 33.55 -1 1.000000
15 12 car -1 -1 -1 914 168 1018 226 -1 -1 -1 6.56 1.53 14.08 -1 1.000000
16 0 car -1 -1 -1 850 218 1241 374 -1 -1 -1 2.17 1.64 3.53 -1 1.000000
16 1 car -1 -1 -1 1 239 252 374 -1 -1 -1 -2.80 1.73 4.52 -1 1.000000
16 2 car -1 -1 -1 695 175 791 247 -1 -1 -1 2.92 1.62 15.90 -1 1.000000
16 3 trailer -1 -1 -1 316 146 415 218 -1 -1 -1 -9.60 1.83 30.41 -1 1.000000
16 7 greenery -1 -1 -1 121 102 251 240 -1 -1 -1 -8.29 1.82 14.27 -1 1.000000
16 9 car -1 -1 -1 418 179 500 244 -1 -1 -1 -3.49 1.73 16.61 -1 1.000000
16 12 car -1 -1 -1 929 169 1056 238 -1 -1 -1 6.52 1.56 13.24 -1 1.000000
16 13 car -1 -1 -1 669 163 747 225 -1 -1 -1 2.46 1.62 22.52 -1 1.000000
16 14 fence -1 -1 -1 801 146 872 201 -1 -1 -1 9.72 1.49 30.06 -1 1.000000
17 0 car -1 -1 -1 886 227 1242 375 -1 -1 -1 2.16 1.64 2.84 -1 1.000000
17 1 car -1 -1 -1 1 282 204 374 -1 -1 -1 -2.79 1.74 4.40 -1 1.000000
17 2 car -1 -1 -1 702 171 800 251 -1 -1 -1 2.99 1.59 15.25 -1 1.000000
17 3 trailer -1 -1 -1 312 145 432 218 -1 -1 -1 -9.60 1.79 29.84 -1 1.000000
17 7 greenery -1 -1 -1 100 86 234 216 -1 -1 -1 -8.55 1.83 13.74 -1 1.000000
17 9 car -1 -1 -1 410 180 490 248 -1 -1 -1 -3.48 1.72 15.88 -1 1.000000
17 12 car -1 -1 -1 945 164 1103 258 -1 -1 -1 6.55 1.53 12.54 -1 1.000000
17 13 car -1 -1 -1 672 165 745 221 -1 -1 -1 2.52 1.58 22.14 -1 1.000000
17 14 fence -1 -1 -1 803 145 879 202 -1 -1 -1 9.70 1.41 29.44 -1 1.000000
18 1 car -1 -1 -1 37 318 137 373 -1 -1 -1 -2.82 1.72 4.08 -1 1.000000
18 2 car -1 -1 -1 706 155 810 255 -1 -1 -1 3.08 1.64 14.55 -1 1.000000
18 3 trailer -1 -1 -1 302 146 409 216 -1 -1 -1 -9.54 1.83 29.25 -1 1.000000
18 7 greenery -1 -1 -1 81 102 220 246 -1 -1 -1 -8.16 1.81 12.86 -1 1.000000
18 9 car -1 -1 -1 382 181 498 261 -1 -1 -1 -3.50 1.75 14.95 -1 1.000000
18 12 car -1 -1 -1 966 174 1157 273 -1 -1 -1 6.65 1.59 11.60 -1 1.000000
18 13 car -1 -1 -1 675 166 746 233 -1 -1 -1 2.43 1.67 20.85 -1 1.000000
18 14 fence -1 -1 -1 808 147 887 196 -1 -1 -1 9.62 1.54 28.66 -1 1.000000
18 15 car -1 -1 -1 928 239 1242 375 -1 -1 -1 2.17 1.64 2.18 -1 1.000000
19 1 car -1 -1 -1 16 367 49 375 -1 -1 -1 -2.82 1.73 3.48 -1 1.000000
19 2 car -1 -1 -1 705 180 822 262 -1 -1 -1 3.03 1.59 13.87 -1 1.000000
19 3 trailer -1 -1 -1 295 146 405 217 -1 -1 -1 -9.51 1.65 28.53 -1 1.000000
19 6 van -1 -1 -1 433 159 513 225 -1 -1 -1 -3.18 1.63 19.69 -1 1.000000
19 7 greenery -1 -1 -1 55 101 199 242 -1 -1 -1 -8.12 1.79 12.23 -1 1.000000
19 9 car -1 -1 -1 383 166 514 256 -1 -1 -1 -3.38 1.66 14.82 -1 1.000000
19 12 car -1 -1 -1 981 175 1238 281 -1 -1 -1 6.86 1.56 10.76 -1 1.000000
19 13 car -1 -1 -1 678 167 752 236 -1 -1 -1 2.41 1.55 20.00 -1 1.000000
19 14 fence -1 -1 -1 819 145 897 196 -1 -1 -1 9.70 1.33 27.76 -1 1.000000
20 2 car -1 -1 -1 715 179 836 265 -1 -1 -1 2.99 1.67 13.06 -1 1.000000
20 3 trailer -1 -1 -1 283 146 407 222 -1 -1 -1 -9.50 1.90 27.56 -1 1.000000
20 6 van -1 -1 -1 423 157 512 234 -1 -1 -1 -3.17 1.78 18.94 -1 1.000000
20 9 car -1 -1 -1 369 184 487 267 -1 -1 -1 -3.36 1.77 13.71 -1 1.000000
20 12 car -1 -1 -1 1004 175 1215 290 -1 -1 -1 6.88 1.57 10.07 -1 1.000000
20 13 car -1 -1 -1 681 168 756 230 -1 -1 -1 2.48 1.69 19.29 -1 1.000000
20 14 fence -1 -1 -1 828 147 905 189 -1 -1 -1 9.98 1.59 27.00 -1 1.000000
20 16 unknown -1 -1 -1 758 135 822 182 -1 -1 -1 8.58 1.61 32.87 -1 1.000000
21 2 car -1 -1 -1 722 166 846 268 -1 -1 -1 3.04 1.64 12.39 -1 1.000000
21 3 trailer -1 -1 -1 276 146 408 224 -1 -1 -1 -9.39 1.86 26.97 -1 1.000000
21 6 van -1 -1 -1 419 154 510 235 -1 -1 -1 -3.16 1.75 18.27 -1 1.000000
21 9 car -1 -1 -1 361 186 474 282 -1 -1 -1 -3.33 1.77 12.70 -1 1.000000
21 12 car -1 -1 -1 1027 175 1242 300 -1 -1 -1 6.91 1.57 9.39 -1 1.000000
21 13 car -1 -1 -1 686 168 762 233 -1 -1 -1 2.46 1.66 18.34 -1 1.000000
21 14 fence -1 -1 -1 838 147 915 208 -1 -1 -1 10.11 1.51 26.22 -1 1.000000
22 2 car -1 -1 -1 726 179 862 275 -1 -1 -1 2.96 1.66 11.69 -1 1.000000
22 3 trailer -1 -1 -1 267 145 408 225 -1 -1 -1 -9.31 1.92 26.36 -1 1.000000
22 6 van -1 -1 -1 416 158 507 248 -1 -1 -1 -3.08 1.78 17.53 -1 1.000000
22 9 car -1 -1 -1 353 187 470 287 -1 -1 -1 -3.29 1.77 11.96 -1 1.000000
22 13 car -1 -1 -1 687 174 766 247 -1 -1 -1 2.43 1.70 16.96 -1 1.000000
22 14 fence -1 -1 -1 846 140 925 210 -1 -1 -1 10.20 1.57 25.52 -1 1.000000
23 2 car -1 -1 -1 731 179 877 279 -1 -1 -1 2.95 1.65 10.99 -1 1.000000
23 3 trailer -1 -1 -1 255 143 400 225 -1 -1 -1 -9.45 1.85 25.60 -1 1.000000
23 6 van -1 -1 -1 400 155 504 234 -1 -1 -1 -3.10 1.74 16.96 -1 1.000000
23 9 car -1 -1 -1 317 184 464 289 -1 -1 -1 -3.32 1.74 11.21 -1 1.000000
23 13 car -1 -1 -1 691 174 773 248 -1 -1 -1 2.42 1.68 16.01 -1 1.000000
23 14 fence -1 -1 -1 853 145 934 211 -1 -1 -1 10.24 1.57 24.82 -1 1.000000
24 2 car -1 -1 -1 744 165 894 285 -1 -1 -1 2.85 1.62 10.48 -1 1.000000
24 3 trailer -1 -1 -1 246 142 392 221 -1 -1 -1 -9.60 1.87 25.08 -1 1.000000
24 6 van -1 -1 -1 391 151 502 235 -1 -1 -1 -3.09 1.74 16.19 -1 1.000000
24 9 car -1 -1 -1 300 185 464 292 -1 -1 -1 -3.30 1.75 10.58 -1 1.000000
24 13 car -1 -1 -1 696 171 786 252 -1 -1 -1 2.43 1.63 15.09 -1 1.000000
24 14 fence -1 -1 -1 869 144 944 210 -1 -1 -1 10.36 1.44 24.16 -1 1.000000
25 2 car -1 -1 -1 751 154 918 287 -1 -1 -1 2.97 1.62 9.73 -1 1.000000
25 3 trailer -1 -1 -1 244 142 384 227 -1 -1 -1 -9.48 1.84 24.60 -1 1.000000
25 6 van -1 -1 -1 385 156 500 255 -1 -1 -1 -3.06 1.73 15.43 -1 1.000000
25 9 car -1 -1 -1 283 186 451 299 -1 -1 -1 -3.30 1.74 9.91 -1 1.000000
25 13 car -1 -1 -1 700 178 802 258 -1 -1 -1 2.44 1.64 14.19 -1 1.000000
25 14 fence -1 -1 -1 884 143 956 211 -1 -1 -1 10.43 1.48 23.37 -1 1.000000
26 2 car -1 -1 -1 761 184 949 307 -1 -1 -1 3.00 1.56 8.97 -1 1.000000
26 3 trailer -1 -1 -1 223 140 370 223 -1 -1 -1 -9.58 2.00 23.87 -1 1.000000
26 6 van -1 -1 -1 401 156 496 259 -1 -1 -1 -2.99 1.77 14.60 -1 1.000000
26 9 car -1 -1 -1 284 186 444 305 -1 -1 -1 -3.20 1.78 9.39 -1 1.000000
26 13 car -1 -1 -1 725 179 801 259 -1 -1 -1 2.47 1.58 13.18 -1 1.000000
26 14 fence -1 -1 -1 896 146 967 209 -1 -1 -1 10.47 1.27 22.70 -1 1.000000
27 2 car -1 -1 -1 765 185 974 320 -1 -1 -1 2.98 1.56 8.22 -1 1.000000
27 3 trailer -1 -1 -1 208 135 364 189 -1 -1 -1 -10.35 2.14 23.56 -1 1.000000
27 6 van -1 -1 -1 369 156 492 265 -1 -1 -1 -2.95 1.81 13.90 -1 1.000000
27 9 car -1 -1 -1 226 187 443 322 -1 -1 -1 -3.21 1.82 8.65 -1 1.000000
27 13 car -1 -1 -1 706 172 812 267 -1 -1 -1 2.46 1.58 12.59 -1 1.000000
27 14 fence -1 -1 -1 906 142 980 191 -1 -1 -1 10.27 1.27 21.78 -1 1.000000
27 17 rubbish bin -1 -1 -1 144 181 238 238 -1 -1 -1 -7.66 2.01 13.35 -1 1.000000
28 2 car -1 -1 -1 777 181 1008 334 -1 -1 -1 2.98 1.61 7.49 -1 1.000000
28 3 trailer -1 -1 -1 198 139 360 215 -1 -1 -1 -9.69 1.95 22.57 -1 1.000000
28 6 van -1 -1 -1 350 152 493 262 -1 -1 -1 -2.97 1.76 13.22 -1 1.000000
28 9 car -1 -1 -1 191 194 435 335 -1 -1 -1 -3.21 1.81 7.97 -1 1.000000
28 13 car -1 -1 -1 716 181 836 276 -1 -1 -1 2.46 1.64 11.84 -1 1.000000
28 14 fence -1 -1 -1 921 143 996 184 -1 -1 -1 10.21 1.51 20.82 -1 1.000000
28 17 rubbish bin -1 -1 -1 122 180 223 240 -1 -1 -1 -7.59 1.86 12.55 -1 1.000000
28 18 car -1 -1 -1 709 170 769 233 -1 -1 -1 2.81 1.66 19.06 -1 1.000000
29 2 car -1 -1 -1 790 190 1051 348 -1 -1 -1 2.96 1.63 6.78 -1 1.000000
29 3 trailer -1 -1 -1 178 131 350 191 -1 -1 -1 -10.50 1.90 22.08 -1 1.000000
29 6 van -1 -1 -1 340 151 483 268 -1 -1 -1 -2.95 1.75 12.54 -1 1.000000
29 13 car -1 -1 -1 717 159 856 279 -1 -1 -1 2.47 1.64 11.31 -1 1.000000
29 14 fence -1 -1 -1 915 146 1009 193 -1 -1 -1 10.03 1.53 20.17 -1 1.000000
29 18 car -1 -1 -1 714 168 772 233 -1 -1 -1 3.10 1.64 18.77 -1 1.000000
30 2 car -1 -1 -1 807 190 1100 367 -1 -1 -1 2.97 1.57 6.09 -1 1.000000
30 3 trailer -1 -1 -1 161 124 354 211 -1 -1 -1 -10.43 2.05 21.40 -1 1.000000
30 6 van -1 -1 -1 321 148 480 273 -1 -1 -1 -2.94 1.78 11.80 -1 1.000000
30 13 car -1 -1 -1 719 179 866 286 -1 -1 -1 2.47 1.59 10.78 -1 1.000000
30 14 fence -1 -1 -1 931 147 1023 191 -1 -1 -1 10.13 1.36 19.32 -1 1.000000
30 18 car -1 -1 -1 718 170 785 240 -1 -1 -1 3.11 1.59 18.10 -1 1.000000
31 2 car -1 -1 -1 819 183 1165 374 -1 -1 -1 2.98 1.65 5.39 -1 1.000000
31 6 van -1 -1 -1 305 150 478 288 -1 -1 -1 -2.98 1.73 11.09 -1 1.000000
31 13 car -1 -1 -1 740 173 882 295 -1 -1 -1 2.48 1.66 10.03 -1 1.000000
31 14 fence -1 -1 -1 945 142 1037 191 -1 -1 -1 10.09 1.56 18.60 -1 1.000000
31 18 car -1 -1 -1 723 170 791 243 -1 -1 -1 3.01 1.65 17.09 -1 1.000000
32 2 car -1 -1 -1 837 188 1239 374 -1 -1 -1 2.96 1.65 4.75 -1 1.000000
32 6 van -1 -1 -1 285 146 470 299 -1 -1 -1 -3.01 1.73 10.40 -1 1.000000
32 13 car -1 -1 -1 766 181 910 306 -1 -1 -1 2.51 1.66 9.15 -1 1.000000
32 14 fence -1 -1 -1 961 142 1055 195 -1 -1 -1 10.12 1.58 17.94 -1 1.000000
32 18 car -1 -1 -1 727 175 788 247 -1 -1 -1 2.96 1.66 16.37 -1 1.000000
33 2 car -1 -1 -1 857 184 1241 374 -1 -1 -1 2.77 1.65 4.16 -1 1.000000
33 6 van -1 -1 -1 258 146 460 303 -1 -1 -1 -3.00 1.74 9.71 -1 1.000000
33 13 car -1 -1 -1 786 184 931 319 -1 -1 -1 2.56 1.66 8.41 -1 1.000000
33 14 fence -1 -1 -1 975 137 1073 200 -1 -1 -1 10.32 1.56 17.36 -1 1.000000
33 18 car -1 -1 -1 729 175 790 251 -1 -1 -1 2.95 1.67 15.72 -1 1.000000
34 2 car -1 -1 -1 876 206 1242 375 -1 -1 -1 2.77 1.65 3.49 -1 1.000000
34 6 van -1 -1 -1 225 143 452 314 -1 -1 -1 -3.08 1.77 9.00 -1 1.000000
34 13 car -1 -1 -1 754 183 975 331 -1 -1 -1 2.51 1.66 7.83 -1 1.000000
34 14 fence -1 -1 -1 993 132 1092 206 -1 -1 -1 10.31 1.51 16.64 -1 1.000000
34 18 car -1 -1 -1 734 178 804 254 -1 -1 -1 2.94 1.66 15.02 -1 1.000000
35 6 van -1 -1 -1 191 143 446 323 -1 -1 -1 -3.15 1.74 8.27 -1 1.000000
35 13 car -1 -1 -1 762 166 1000 339 -1 -1 -1 2.49 1.67 7.25 -1 1.000000
35 14 fence -1 -1 -1 1013 126 1114 197 -1 -1 -1 10.39 1.59 16.03 -1 1.000000
35 19 car -1 -1 -1 741 166 833 256 -1 -1 -1 3.27 1.66 14.92 -1 1.000000
36 6 van -1 -1 -1 146 140 436 333 -1 -1 -1 -3.18 1.76 7.58 -1 1.000000
36 13 car -1 -1 -1 750 186 1047 366 -1 -1 -1 2.49 1.66 6.51 -1 1.000000
36 14 fence -1 -1 -1 1034 132 1131 218 -1 -1 -1 10.60 1.52 15.57 -1 1.000000
36 19 car -1 -1 -1 747 167 847 259 -1 -1 -1 3.32 1.65 14.27 -1 1.000000
37 6 van -1 -1 -1 104 128 422 332 -1 -1 -1 -3.19 1.76 6.82 -1 1.000000
37 13 car -1 -1 -1 784 187 1099 372 -1 -1 -1 2.49 1.66 5.74 -1 1.000000
37 14 fence -1 -1 -1 1059 126 1155 220 -1 -1 -1 10.56 1.52 14.88 -1 1.000000
37 19 car -1 -1 -1 752 166 851 255 -1 -1 -1 3.19 1.65 13.37 -1 1.000000
37 20 car -1 -1 -1 467 174 537 203 -1 -1 -1 -6.07 1.80 40.53 -1 1.000000
38 6 van -1 -1 -1 1 129 412 370 -1 -1 -1 -3.13 1.77 6.23 -1 1.000000
38 13 car -1 -1 -1 797 169 1162 374 -1 -1 -1 2.54 1.66 5.04 -1 1.000000
38 19 car -1 -1 -1 756 168 858 279 -1 -1 -1 3.02 1.64 12.42 -1 1.000000
39 6 van -1 -1 -1 1 123 397 374 -1 -1 -1 -3.03 1.74 5.69 -1 1.000000
39 13 car -1 -1 -1 806 135 1241 374 -1 -1 -1 2.65 1.64 4.55 -1 1.000000
39 19 car -1 -1 -1 758 163 906 278 -1 -1 -1 3.08 1.64 11.80 -1 1.000000
39 21 van -1 -1 -1 398 163 456 205 -1 -1 -1 -9.78 1.85 38.45 -1 1.000000
40 6 van -1 -1 -1 1 112 390 374 -1 -1 -1 -2.96 1.73 5.37 -1 1.000000
40 13 car -1 -1 -1 820 181 1241 374 -1 -1 -1 2.51 1.65 4.10 -1 1.000000
40 19 car -1 -1 -1 762 133 953 284 -1 -1 -1 3.47 1.62 11.39 -1 1.000000
40 21 van -1 -1 -1 392 163 465 205 -1 -1 -1 -9.73 1.79 37.73 -1 1.000000
40 22 greenery -1 -1 -1 462 145 539 202 -1 -1 -1 -5.97 1.72 43.06 -1 1.000000
41 6 van -1 -1 -1 1 113 379 374 -1 -1 -1 -2.93 1.72 5.11 -1 1.000000
41 13 car -1 -1 -1 828 194 1241 373 -1 -1 -1 2.37 1.65 3.82 -1 1.000000
41 19 car -1 -1 -1 770 158 913 291 -1 -1 -1 3.26 1.62 10.52 -1 1.000000
41 21 van -1 -1 -1 386 162 448 205 -1 -1 -1 -9.88 1.77 36.72 -1 1.000000
42 6 van -1 -1 -1 1 99 329 374 -1 -1 -1 -2.94 1.73 5.12 -1 1.000000
42 13 car -1 -1 -1 843 200 1241 374 -1 -1 -1 2.30 1.65 3.69 -1 1.000000
42 19 car -1 -1 -1 769 164 917 299 -1 -1 -1 3.08 1.62 9.73 -1 1.000000
42 21 van -1 -1 -1 377 162 439 205 -1 -1 -1 -10.11 1.72 35.84 -1 1.000000
43 13 car -1 -1 -1 864 230 1242 375 -1 -1 -1 2.27 1.65 3.06 -1 1.000000
43 19 car -1 -1 -1 782 166 935 309 -1 -1 -1 2.98 1.60 8.99 -1 1.000000
43 21 van -1 -1 -1 367 161 440 205 -1 -1 -1 -10.31 1.69 35.20 -1 1.000000
43 23 car -1 -1 -1 263 173 327 206 -1 -1 -1 -15.75 1.78 36.08 -1 1.000000
43 24 car -1 -1 -1 436 171 496 205 -1 -1 -1 -7.07 1.63 35.06 -1 1.000000
44 13 car -1 -1 -1 890 241 1242 375 -1 -1 -1 2.25 1.64 2.43 -1 1.000000
44 19 car -1 -1 -1 808 165 960 314 -1 -1 -1 3.02 1.60 8.24 -1 1.000000
44 21 van -1 -1 -1 361 161 427 206 -1 -1 -1 -10.42 1.68 34.51 -1 1.000000
44 23 car -1 -1 -1 237 174 315 206 -1 -1 -1 -16.21 1.77 35.26 -1 1.000000
44 24 car -1 -1 -1 433 170 488 205 -1 -1 -1 -7.16 1.63 34.38 -1 1.000000
45 6 van -1 -1 -1 1 128 206 374 -1 -1 -1 -3.10 1.72 4.78 -1 1.000000
45 19 car -1 -1 -1 795 157 1002 321 -1 -1 -1 3.14 1.59 7.65 -1 1.000000
45 21 van -1 -1 -1 353 160 422 207 -1 -1 -1 -10.53 1.71 33.70 -1 1.000000
45 23 car -1 -1 -1 226 175 307 206 -1 -1 -1 -16.48 1.80 34.56 -1 1.000000
45 24 car -1 -1 -1 427 171 484 205 -1 -1 -1 -7.23 1.65 33.37 -1 1.000000
45 25 van -1 -1 -1 815 127 1003 190 -1 -1 -1 12.28 1.33 28.70 -1 1.000000
45 26 car -1 -1 -1 716 148 785 197 -1 -1 -1 8.27 1.34 39.52 -1 1.000000
46 6 van -1 -1 -1 1 129 148 374 -1 -1 -1 -3.12 1.72 4.46 -1 1.000000
46 19 car -1 -1 -1 826 166 1016 343 -1 -1 -1 3.10 1.60 6.96 -1 1.000000
46 21 van -1 -1 -1 345 159 414 208 -1 -1 -1 -10.71 1.71 32.98 -1 1.000000
46 23 car -1 -1 -1 215 175 296 208 -1 -1 -1 -16.62 1.80 33.99 -1 1.000000
46 24 car -1 -1 -1 420 172 476 207 -1 -1 -1 -7.43 1.66 32.64 -1 1.000000
46 25 van -1 -1 -1 815 130 1009 186 -1 -1 -1 12.39 1.31 28.21 -1 1.000000
46 26 car -1 -1 -1 716 148 780 198 -1 -1 -1 7.97 1.35 38.59 -1 1.000000
46 27 car -1 -1 -1 118 163 186 210 -1 -1 -1 -23.01 1.91 36.38 -1 1.000000
47 6 van -1 -1 -1 0 155 98 375 -1 -1 -1 -3.15 1.73 3.83 -1 1.000000
47 19 car -1 -1 -1 814 166 1052 374 -1 -1 -1 3.01 1.58 6.32 -1 1.000000
47 21 van -1 -1 -1 337 157 411 209 -1 -1 -1 -10.87 1.80 32.29 -1 1.000000
47 23 car -1 -1 -1 203 176 284 210 -1 -1 -1 -16.78 1.92 33.28 -1 1.000000
47 24 car -1 -1 -1 414 173 471 208 -1 -1 -1 -7.61 1.73 32.06 -1 1.000000
47 25 van -1 -1 -1 820 130 1007 189 -1 -1 -1 12.21 1.31 27.68 -1 1.000000
47 26 car -1 -1 -1 715 148 781 200 -1 -1 -1 7.80 1.37 38.07 -1 1.000000
47 27 car -1 -1 -1 103 166 176 215 -1 -1 -1 -23.12 2.06 35.19 -1 1.000000
47 28 car -1 -1 -1 579 144 640 206 -1 -1 -1 -0.07 1.55 33.82 -1 1.000000
48 19 car -1 -1 -1 816 146 1096 372 -1 -1 -1 2.97 1.60 5.68 -1 1.000000
48 21 van -1 -1 -1 326 163 398 212 -1 -1 -1 -10.90 1.78 31.60 -1 1.000000
48 23 car -1 -1 -1 192 177 274 212 -1 -1 -1 -17.15 1.90 32.55 -1 1.000000
48 24 car -1 -1 -1 400 173 465 210 -1 -1 -1 -7.75 1.72 31.56 -1 1.000000
48 26 car -1 -1 -1 714 149 780 202 -1 -1 -1 7.56 1.46 38.13 -1 1.000000
48 27 car -1 -1 -1 87 166 162 219 -1 -1 -1 -23.45 2.01 34.59 -1 1.000000
48 28 car -1 -1 -1 575 143 638 208 -1 -1 -1 -0.16 1.58 33.17 -1 1.000000
49 19 car -1 -1 -1 822 125 1190 370 -1 -1 -1 3.10 1.60 5.15 -1 1.000000
49 21 van -1 -1 -1 316 164 390 214 -1 -1 -1 -10.98 1.82 30.80 -1 1.000000
49 23 car -1 -1 -1 180 177 265 211 -1 -1 -1 -17.35 1.91 32.04 -1 1.000000
49 24 car -1 -1 -1 400 147 459 211 -1 -1 -1 -7.88 1.74 31.52 -1 1.000000
49 26 car -1 -1 -1 713 147 775 203 -1 -1 -1 7.21 1.52 36.16 -1 1.000000
49 27 car -1 -1 -1 71 168 149 219 -1 -1 -1 -23.41 2.00 34.09 -1 1.000000
49 28 car -1 -1 -1 571 159 635 209 -1 -1 -1 -0.42 1.65 32.40 -1 1.000000
50 19 car -1 -1 -1 837 149 1236 374 -1 -1 -1 2.91 1.61 4.47 -1 1.000000
50 21 van -1 -1 -1 306 163 387 215 -1 -1 -1 -11.12 1.84 30.07 -1 1.000000
50 23 car -1 -1 -1 166 180 254 216 -1 -1 -1 -17.27 1.94 31.33 -1 1.000000
50 24 car -1 -1 -1 392 166 454 213 -1 -1 -1 -8.10 1.78 30.81 -1 1.000000
50 26 car -1 -1 -1 712 149 776 204 -1 -1 -1 7.10 1.49 35.34 -1 1.000000
50 27 car -1 -1 -1 59 180 134 220 -1 -1 -1 -23.49 2.07 32.97 -1 1.000000
50 28 car -1 -1 -1 568 152 633 210 -1 -1 -1 -0.51 1.64 31.59 -1 1.000000
51 19 car -1 -1 -1 861 198 1242 375 -1 -1 -1 2.89 1.60 3.87 -1 1.000000
51 21 van -1 -1 -1 295 163 377 217 -1 -1 -1 -11.25 1.84 29.54 -1 1.000000
51 23 car -1 -1 -1 158 181 246 215 -1 -1 -1 -17.33 1.97 30.69 -1 1.000000
51 24 car -1 -1 -1 385 173 449 214 -1 -1 -1 -8.17 1.78 30.06 -1 1.000000
51 26 car -1 -1 -1 711 169 779 204 -1 -1 -1 6.65 1.48 34.23 -1 1.000000
51 27 car -1 -1 -1 41 175 120 221 -1 -1 -1 -23.67 2.10 32.18 -1 1.000000
51 28 car -1 -1 -1 565 140 632 212 -1 -1 -1 -0.56 1.60 30.99 -1 1.000000
51 29 truck -1 -1 -1 1102 121 1173 203 -1 -1 -1 26.58 0.97 36.09 -1 1.000000
51 30 car -1 -1 -1 842 158 994 287 -1 -1 -1 3.75 1.57 9.57 -1 1.000000
52 19 car -1 -1 -1 879 202 1242 375 -1 -1 -1 2.88 1.60 3.27 -1 1.000000
52 21 van -1 -1 -1 283 164 368 219 -1 -1 -1 -11.31 1.89 28.91 -1 1.000000
52 23 car -1 -1 -1 137 182 242 223 -1 -1 -1 -17.49 2.01 29.76 -1 1.000000
52 24 car -1 -1 -1 377 175 442 217 -1 -1 -1 -8.20 1.85 29.08 -1 1.000000
52 26 car -1 -1 -1 710 170 781 205 -1 -1 -1 6.36 1.58 33.05 -1 1.000000
52 27 car -1 -1 -1 26 183 108 221 -1 -1 -1 -23.87 2.13 31.55 -1 1.000000
52 28 car -1 -1 -1 562 140 628 213 -1 -1 -1 -0.64 1.68 30.42 -1 1.000000
52 29 truck -1 -1 -1 1106 127 1222 198 -1 -1 -1 26.72 1.12 36.21 -1 1.000000
52 30 car -1 -1 -1 856 158 1015 293 -1 -1 -1 3.77 1.59 8.93 -1 1.000000
53 21 van -1 -1 -1 273 165 359 220 -1 -1 -1 -11.44 1.95 28.14 -1 1.000000
53 22 greenery -1 -1 -1 434 133 483 200 -1 -1 -1 -7.63 1.87 35.39 -1 1.000000
53 23 car -1 -1 -1 122 182 229 225 -1 -1 -1 -17.63 2.10 28.91 -1 1.000000
53 24 car -1 -1 -1 367 179 435 218 -1 -1 -1 -8.26 1.89 28.16 -1 1.000000
53 26 car -1 -1 -1 709 169 780 206 -1 -1 -1 6.12 1.59 31.82 -1 1.000000
53 27 car -1 -1 -1 9 183 93 223 -1 -1 -1 -23.83 2.23 30.90 -1 1.000000
53 28 car -1 -1 -1 558 153 626 214 -1 -1 -1 -0.83 1.72 29.56 -1 1.000000
53 29 truck -1 -1 -1 1110 132 1225 195 -1 -1 -1 27.20 1.05 36.37 -1 1.000000
53 30 car -1 -1 -1 867 138 1077 305 -1 -1 -1 3.79 1.58 8.34 -1 1.000000
54 21 van -1 -1 -1 266 165 352 222 -1 -1 -1 -11.64 1.91 27.56 -1 1.000000
54 22 greenery -1 -1 -1 427 138 469 200 -1 -1 -1 -7.83 1.83 34.80 -1 1.000000
54 23 car -1 -1 -1 108 184 214 227 -1 -1 -1 -17.89 2.06 28.41 -1 1.000000
54 24 car -1 -1 -1 358 163 431 220 -1 -1 -1 -8.46 1.84 27.57 -1 1.000000
54 26 car -1 -1 -1 707 171 774 207 -1 -1 -1 5.83 1.56 30.80 -1 1.000000
54 27 car -1 -1 -1 1 187 75 229 -1 -1 -1 -23.84 2.17 30.49 -1 1.000000
54 28 car -1 -1 -1 553 159 623 215 -1 -1 -1 -0.98 1.69 28.90 -1 1.000000
54 29 truck -1 -1 -1 1115 132 1241 198 -1 -1 -1 27.51 1.05 36.27 -1 1.000000
54 30 car -1 -1 -1 873 139 1089 317 -1 -1 -1 3.75 1.59 7.72 -1 1.000000
54 31 unknown -1 -1 -1 206 201 273 224 -1 -1 -1 -15.14 2.00 28.92 -1 1.000000
55 21 van -1 -1 -1 255 166 353 225 -1 -1 -1 -11.72 1.97 26.95 -1 1.000000
55 22 greenery -1 -1 -1 420 136 470 201 -1 -1 -1 -7.94 1.91 34.30 -1 1.000000
55 23 car -1 -1 -1 91 185 204 228 -1 -1 -1 -17.93 2.11 27.72 -1 1.000000
55 24 car -1 -1 -1 348 170 421 222 -1 -1 -1 -8.52 1.90 26.85 -1 1.000000
55 26 car -1 -1 -1 705 171 771 208 -1 -1 -1 5.56 1.61 30.08 -1 1.000000
55 27 car -1 -1 -1 0 187 58 229 -1 -1 -1 -24.00 2.21 29.77 -1 1.000000
55 28 car -1 -1 -1 546 159 616 217 -1 -1 -1 -1.22 1.75 28.04 -1 1.000000
55 29 truck -1 -1 -1 1117 129 1241 198 -1 -1 -1 27.87 1.11 35.71 -1 1.000000
55 30 car -1 -1 -1 895 149 1236 332 -1 -1 -1 3.77 1.58 7.14 -1 1.000000
55 31 unknown -1 -1 -1 194 202 261 225 -1 -1 -1 -15.18 2.05 28.23 -1 1.000000
56 21 van -1 -1 -1 244 167 333 227 -1 -1 -1 -11.90 2.01 26.27 -1 1.000000
56 22 greenery -1 -1 -1 411 135 457 201 -1 -1 -1 -8.19 1.95 33.77 -1 1.000000
56 23 car -1 -1 -1 77 185 189 228 -1 -1 -1 -18.09 2.14 27.05 -1 1.000000
56 24 car -1 -1 -1 338 173 413 224 -1 -1 -1 -8.71 1.93 26.22 -1 1.000000
56 26 car -1 -1 -1 702 172 771 209 -1 -1 -1 5.33 1.64 29.35 -1 1.000000
56 27 car -1 -1 -1 0 187 40 231 -1 -1 -1 -24.17 2.22 29.04 -1 1.000000
56 28 car -1 -1 -1 540 161 614 219 -1 -1 -1 -1.38 1.78 27.36 -1 1.000000
56 29 truck -1 -1 -1 1115 129 1241 197 -1 -1 -1 28.70 1.15 36.06 -1 1.000000
56 30 car -1 -1 -1 905 153 1215 350 -1 -1 -1 3.69 1.58 6.46 -1 1.000000
56 32 tracking error -1 -1 -1 783 126 840 183 -1 -1 -1 9.63 1.55 35.83 -1 1.000000
57 21 van -1 -1 -1 230 166 323 229 -1 -1 -1 -12.07 1.99 25.70 -1 1.000000
57 22 greenery -1 -1 -1 406 126 459 202 -1 -1 -1 -8.35 1.93 32.96 -1 1.000000
57 23 car -1 -1 -1 62 185 174 229 -1 -1 -1 -18.25 2.13 26.33 -1 1.000000
57 24 car -1 -1 -1 326 169 404 225 -1 -1 -1 -8.85 1.92 25.67 -1 1.000000
57 26 car -1 -1 -1 700 173 770 210 -1 -1 -1 5.10 1.65 28.47 -1 1.000000
57 28 car -1 -1 -1 537 161 608 220 -1 -1 -1 -1.62 1.78 26.61 -1 1.000000
57 29 truck -1 -1 -1 1136 130 1241 200 -1 -1 -1 28.74 1.17 35.41 -1 1.000000
57 30 car -1 -1 -1 913 149 1237 369 -1 -1 -1 3.59 1.58 5.86 -1 1.000000
58 21 van -1 -1 -1 216 166 313 230 -1 -1 -1 -12.16 2.00 25.03 -1 1.000000
58 22 greenery -1 -1 -1 396 136 445 203 -1 -1 -1 -8.53 1.94 32.24 -1 1.000000
58 23 car -1 -1 -1 36 186 157 227 -1 -1 -1 -18.41 2.14 25.76 -1 1.000000
58 24 car -1 -1 -1 316 170 397 225 -1 -1 -1 -9.03 1.93 25.09 -1 1.000000
58 26 car -1 -1 -1 698 172 768 211 -1 -1 -1 4.97 1.63 27.90 -1 1.000000
58 28 car -1 -1 -1 529 160 605 221 -1 -1 -1 -1.69 1.77 26.02 -1 1.000000
58 29 truck -1 -1 -1 1183 133 1240 202 -1 -1 -1 28.48 1.14 34.22 -1 1.000000
58 30 car -1 -1 -1 931 153 1241 374 -1 -1 -1 3.57 1.58 5.31 -1 1.000000
58 33 car -1 -1 -1 762 145 843 209 -1 -1 -1 8.01 1.58 29.35 -1 1.000000
59 21 van -1 -1 -1 198 168 293 231 -1 -1 -1 -12.42 2.00 24.42 -1 1.000000
59 22 greenery -1 -1 -1 378 135 434 202 -1 -1 -1 -8.80 1.95 31.76 -1 1.000000
59 23 car -1 -1 -1 20 186 141 225 -1 -1 -1 -18.56 2.13 25.30 -1 1.000000
59 24 car -1 -1 -1 303 167 387 227 -1 -1 -1 -9.26 1.93 24.59 -1 1.000000
59 26 car -1 -1 -1 692 172 764 212 -1 -1 -1 4.70 1.63 27.21 -1 1.000000
59 28 car -1 -1 -1 526 161 602 222 -1 -1 -1 -1.82 1.77 25.43 -1 1.000000
59 29 truck -1 -1 -1 1182 132 1242 202 -1 -1 -1 28.36 1.12 33.90 -1 1.000000
59 30 car -1 -1 -1 943 145 1241 374 -1 -1 -1 3.38 1.59 4.99 -1 1.000000
59 33 car -1 -1 -1 763 146 843 208 -1 -1 -1 7.79 1.57 28.67 -1 1.000000
60 21 van -1 -1 -1 177 168 291 234 -1 -1 -1 -12.48 2.02 23.86 -1 1.000000
60 22 greenery -1 -1 -1 379 134 425 203 -1 -1 -1 -8.97 1.96 31.27 -1 1.000000
60 23 car -1 -1 -1 1 181 129 237 -1 -1 -1 -18.72 2.18 24.62 -1 1.000000
60 24 car -1 -1 -1 286 176 380 231 -1 -1 -1 -9.37 1.95 24.15 -1 1.000000
60 26 car -1 -1 -1 689 172 762 213 -1 -1 -1 4.45 1.61 26.79 -1 1.000000
60 28 car -1 -1 -1 518 160 597 224 -1 -1 -1 -2.02 1.77 24.75 -1 1.000000
60 29 truck -1 -1 -1 1183 131 1242 202 -1 -1 -1 28.24 1.11 33.60 -1 1.000000
60 30 car -1 -1 -1 945 133 1241 374 -1 -1 -1 3.23 1.58 4.55 -1 1.000000
60 33 car -1 -1 -1 759 149 840 211 -1 -1 -1 7.53 1.54 28.06 -1 1.000000
60 34 van -1 -1 -1 839 82 1093 222 -1 -1 -1 10.22 1.45 21.59 -1 1.000000
61 21 van -1 -1 -1 161 168 279 237 -1 -1 -1 -12.63 2.03 23.19 -1 1.000000
61 22 greenery -1 -1 -1 372 133 418 204 -1 -1 -1 -9.13 1.95 30.62 -1 1.000000
61 23 car -1 -1 -1 1 182 131 240 -1 -1 -1 -18.94 2.17 24.50 -1 1.000000
61 24 car -1 -1 -1 271 181 371 234 -1 -1 -1 -9.48 1.94 23.71 -1 1.000000
61 26 car -1 -1 -1 687 172 762 214 -1 -1 -1 4.32 1.61 26.22 -1 1.000000
61 28 car -1 -1 -1 512 155 591 224 -1 -1 -1 -2.17 1.77 24.20 -1 1.000000
61 30 car -1 -1 -1 958 135 1241 374 -1 -1 -1 3.11 1.58 4.20 -1 1.000000
61 33 car -1 -1 -1 756 149 842 212 -1 -1 -1 7.25 1.55 27.37 -1 1.000000
61 34 van -1 -1 -1 837 115 1057 224 -1 -1 -1 9.53 1.46 20.66 -1 1.000000
62 21 van -1 -1 -1 148 169 267 239 -1 -1 -1 -12.74 1.98 22.67 -1 1.000000
62 22 greenery -1 -1 -1 362 134 410 205 -1 -1 -1 -9.34 1.90 30.02 -1 1.000000
62 23 car -1 -1 -1 1 190 79 245 -1 -1 -1 -19.10 2.13 24.09 -1 1.000000
62 24 car -1 -1 -1 260 181 360 234 -1 -1 -1 -9.67 1.92 23.04 -1 1.000000
62 26 car -1 -1 -1 685 172 759 215 -1 -1 -1 4.10 1.58 25.69 -1 1.000000
62 28 car -1 -1 -1 505 160 564 236 -1 -1 -1 -2.49 1.75 23.49 -1 1.000000
62 30 car -1 -1 -1 992 148 1241 374 -1 -1 -1 2.98 1.60 3.90 -1 1.000000
62 33 car -1 -1 -1 755 150 841 212 -1 -1 -1 7.01 1.52 26.71 -1 1.000000
62 34 van -1 -1 -1 840 110 1063 221 -1 -1 -1 9.75 1.44 20.16 -1 1.000000
63 21 van -1 -1 -1 129 170 254 241 -1 -1 -1 -12.84 2.05 22.03 -1 1.000000
63 22 greenery -1 -1 -1 353 134 402 203 -1 -1 -1 -9.54 1.98 29.61 -1 1.000000
63 23 car -1 -1 -1 1 184 80 246 -1 -1 -1 -19.27 2.20 24.04 -1 1.000000
63 24 car -1 -1 -1 249 182 349 235 -1 -1 -1 -9.73 1.97 22.43 -1 1.000000
63 26 car -1 -1 -1 679 172 755 215 -1 -1 -1 3.88 1.61 25.20 -1 1.000000
63 28 car -1 -1 -1 498 159 561 236 -1 -1 -1 -2.67 1.79 22.91 -1 1.000000
63 30 car -1 -1 -1 1010 140 1240 374 -1 -1 -1 2.92 1.57 3.63 -1 1.000000
63 33 car -1 -1 -1 755 149 842 213 -1 -1 -1 6.86 1.55 26.20 -1 1.000000
63 34 van -1 -1 -1 863 123 1078 228 -1 -1 -1 9.55 1.45 19.52 -1 1.000000
64 21 van -1 -1 -1 118 168 243 239 -1 -1 -1 -13.04 2.04 21.55 -1 1.000000
64 22 greenery -1 -1 -1 350 133 395 199 -1 -1 -1 -9.67 1.99 29.29 -1 1.000000
64 23 car -1 -1 -1 1 188 67 243 -1 -1 -1 -19.42 2.19 24.15 -1 1.000000
64 24 car -1 -1 -1 242 184 339 232 -1 -1 -1 -9.87 1.96 21.98 -1 1.000000
64 26 car -1 -1 -1 676 171 754 216 -1 -1 -1 3.76 1.63 24.78 -1 1.000000
64 28 car -1 -1 -1 491 158 553 236 -1 -1 -1 -2.76 1.79 22.38 -1 1.000000
64 30 car -1 -1 -1 1029 156 1242 375 -1 -1 -1 2.89 1.57 3.19 -1 1.000000
64 33 car -1 -1 -1 757 147 842 213 -1 -1 -1 6.83 1.55 25.79 -1 1.000000
64 34 van -1 -1 -1 839 106 1236 235 -1 -1 -1 9.61 1.45 19.13 -1 1.000000
65 21 van -1 -1 -1 99 169 228 243 -1 -1 -1 -13.22 1.99 21.13 -1 1.000000
65 22 greenery -1 -1 -1 331 133 387 198 -1 -1 -1 -9.88 1.90 28.70 -1 1.000000
65 23 car -1 -1 -1 0 192 52 250 -1 -1 -1 -19.69 2.21 23.74 -1 1.000000
65 24 car -1 -1 -1 220 159 337 237 -1 -1 -1 -10.13 1.90 21.79 -1 1.000000
65 26 car -1 -1 -1 674 171 753 217 -1 -1 -1 3.58 1.58 24.31 -1 1.000000
65 28 car -1 -1 -1 484 158 547 236 -1 -1 -1 -2.96 1.74 21.89 -1 1.000000
65 30 car -1 -1 -1 1051 190 1242 375 -1 -1 -1 2.86 1.57 2.79 -1 1.000000
65 33 car -1 -1 -1 746 164 819 215 -1 -1 -1 6.37 1.52 25.21 -1 1.000000
65 34 van -1 -1 -1 839 115 1131 228 -1 -1 -1 9.60 1.42 18.79 -1 1.000000
66 21 van -1 -1 -1 81 169 219 243 -1 -1 -1 -13.35 2.06 20.55 -1 1.000000
66 22 greenery -1 -1 -1 330 133 379 195 -1 -1 -1 -10.01 2.00 28.09 -1 1.000000
66 23 car -1 -1 -1 0 194 36 231 -1 -1 -1 -19.95 2.24 23.35 -1 1.000000
66 24 car -1 -1 -1 208 178 327 240 -1 -1 -1 -10.28 1.99 21.18 -1 1.000000
66 26 car -1 -1 -1 671 171 750 218 -1 -1 -1 3.43 1.65 23.94 -1 1.000000
66 28 car -1 -1 -1 479 160 541 236 -1 -1 -1 -3.07 1.81 21.40 -1 1.000000
66 33 car -1 -1 -1 745 163 825 217 -1 -1 -1 6.13 1.60 24.69 -1 1.000000
66 34 van -1 -1 -1 841 116 1133 233 -1 -1 -1 9.66 1.47 18.43 -1 1.000000
67 21 van -1 -1 -1 64 169 205 248 -1 -1 -1 -13.45 2.09 20.11 -1 1.000000
67 22 greenery -1 -1 -1 318 133 372 195 -1 -1 -1 -10.14 2.03 27.54 -1 1.000000
67 24 car -1 -1 -1 193 186 313 244 -1 -1 -1 -10.32 2.02 20.56 -1 1.000000
67 26 car -1 -1 -1 668 173 748 219 -1 -1 -1 3.25 1.66 23.59 -1 1.000000
67 28 car -1 -1 -1 471 163 537 236 -1 -1 -1 -3.14 1.82 20.96 -1 1.000000
67 33 car -1 -1 -1 743 166 817 218 -1 -1 -1 5.93 1.60 24.31 -1 1.000000
67 34 van -1 -1 -1 841 116 1134 234 -1 -1 -1 9.62 1.47 18.08 -1 1.000000
68 21 van -1 -1 -1 50 169 191 250 -1 -1 -1 -13.57 2.12 19.64 -1 1.000000
68 22 greenery -1 -1 -1 302 130 364 189 -1 -1 -1 -10.26 2.09 27.20 -1 1.000000
68 24 car -1 -1 -1 181 180 309 245 -1 -1 -1 -10.42 2.04 20.11 -1 1.000000
68 26 car -1 -1 -1 666 173 747 220 -1 -1 -1 3.16 1.69 23.10 -1 1.000000
68 28 car -1 -1 -1 464 163 533 236 -1 -1 -1 -3.24 1.85 20.54 -1 1.000000
68 33 car -1 -1 -1 740 166 817 219 -1 -1 -1 5.69 1.62 23.84 -1 1.000000
68 34 van -1 -1 -1 841 115 1139 235 -1 -1 -1 9.69 1.47 17.72 -1 1.000000
68 35 truck -1 -1 -1 1136 125 1242 200 -1 -1 -1 28.08 1.07 34.73 -1 1.000000
69 21 van -1 -1 -1 28 169 186 250 -1 -1 -1 -13.68 2.03 19.33 -1 1.000000
69 22 greenery -1 -1 -1 305 132 357 195 -1 -1 -1 -10.29 1.98 26.78 -1 1.000000
69 24 car -1 -1 -1 173 189 296 246 -1 -1 -1 -10.45 1.96 19.79 -1 1.000000
69 26 car -1 -1 -1 665 172 748 221 -1 -1 -1 3.08 1.64 22.72 -1 1.000000
69 28 car -1 -1 -1 461 163 529 247 -1 -1 -1 -3.27 1.79 20.17 -1 1.000000
69 33 car -1 -1 -1 741 166 818 220 -1 -1 -1 5.58 1.58 23.31 -1 1.000000
69 34 van -1 -1 -1 848 115 1151 236 -1 -1 -1 9.68 1.46 17.37 -1 1.000000
69 35 truck -1 -1 -1 1158 127 1240 197 -1 -1 -1 28.21 1.06 34.69 -1 1.000000
69 36 car -1 -1 -1 377 146 456 208 -1 -1 -1 -7.59 1.91 29.74 -1 1.000000
70 21 van -1 -1 -1 20 169 171 253 -1 -1 -1 -13.71 2.09 18.92 -1 1.000000
70 22 greenery -1 -1 -1 292 131 355 217 -1 -1 -1 -10.47 2.02 26.25 -1 1.000000
70 24 car -1 -1 -1 157 186 291 250 -1 -1 -1 -10.51 2.00 19.27 -1 1.000000
70 26 car -1 -1 -1 664 172 749 221 -1 -1 -1 3.05 1.64 22.33 -1 1.000000
70 28 car -1 -1 -1 454 162 527 247 -1 -1 -1 -3.33 1.81 19.75 -1 1.000000
70 33 car -1 -1 -1 743 165 820 220 -1 -1 -1 5.51 1.58 22.88 -1 1.000000
70 34 van -1 -1 -1 853 113 1162 237 -1 -1 -1 9.67 1.44 17.04 -1 1.000000
70 35 truck -1 -1 -1 1156 121 1241 200 -1 -1 -1 27.85 1.02 33.99 -1 1.000000
70 36 car -1 -1 -1 370 147 437 212 -1 -1 -1 -7.99 1.98 28.82 -1 1.000000
71 21 van -1 -1 -1 1 169 164 253 -1 -1 -1 -13.70 2.03 18.67 -1 1.000000
71 22 greenery -1 -1 -1 288 129 351 218 -1 -1 -1 -10.43 1.96 25.82 -1 1.000000
71 24 car -1 -1 -1 147 184 283 247 -1 -1 -1 -10.51 1.96 18.90 -1 1.000000
71 26 car -1 -1 -1 666 171 751 222 -1 -1 -1 3.08 1.62 21.87 -1 1.000000
71 28 car -1 -1 -1 452 161 525 247 -1 -1 -1 -3.30 1.78 19.41 -1 1.000000
71 33 car -1 -1 -1 745 163 822 221 -1 -1 -1 5.50 1.56 22.60 -1 1.000000
71 34 van -1 -1 -1 851 112 1170 237 -1 -1 -1 9.58 1.44 16.72 -1 1.000000
71 35 truck -1 -1 -1 1166 125 1240 198 -1 -1 -1 27.68 1.02 33.20 -1 1.000000
71 36 car -1 -1 -1 367 146 437 212 -1 -1 -1 -8.00 1.91 28.23 -1 1.000000
71 37 greenery -1 -1 -1 202 139 272 197 -1 -1 -1 -13.36 2.04 25.91 -1 1.000000
72 21 van -1 -1 -1 1 169 157 257 -1 -1 -1 -13.63 2.07 18.48 -1 1.000000
72 22 greenery -1 -1 -1 286 128 349 219 -1 -1 -1 -10.41 2.01 25.60 -1 1.000000
72 24 car -1 -1 -1 144 187 281 252 -1 -1 -1 -10.43 1.99 18.52 -1 1.000000
72 26 car -1 -1 -1 667 172 753 222 -1 -1 -1 3.02 1.63 21.50 -1 1.000000
72 28 car -1 -1 -1 451 160 524 247 -1 -1 -1 -3.25 1.79 18.92 -1 1.000000
72 33 car -1 -1 -1 750 163 827 221 -1 -1 -1 5.56 1.57 22.05 -1 1.000000
72 34 van -1 -1 -1 858 54 1195 245 -1 -1 -1 10.37 1.41 16.59 -1 1.000000
72 35 truck -1 -1 -1 1164 130 1239 196 -1 -1 -1 27.63 1.00 32.96 -1 1.000000
72 36 car -1 -1 -1 366 171 435 214 -1 -1 -1 -7.88 1.95 26.58 -1 1.000000
72 37 greenery -1 -1 -1 197 136 266 189 -1 -1 -1 -13.43 2.10 25.64 -1 1.000000
72 38 wheel -1 -1 -1 946 193 993 239 -1 -1 -1 7.82 1.48 15.51 -1 1.000000
72 39 unknown -1 -1 -1 511 132 557 198 -1 -1 -1 -3.72 1.87 38.58 -1 1.000000
73 21 van -1 -1 -1 1 166 151 258 -1 -1 -1 -13.56 2.07 18.33 -1 1.000000
73 22 greenery -1 -1 -1 285 128 347 219 -1 -1 -1 -10.34 2.02 25.45 -1 1.000000
73 24 car -1 -1 -1 135 187 279 253 -1 -1 -1 -10.35 1.98 18.27 -1 1.000000
73 26 car -1 -1 -1 669 171 756 222 -1 -1 -1 2.97 1.63 21.28 -1 1.000000
73 28 car -1 -1 -1 450 159 526 248 -1 -1 -1 -3.18 1.79 18.40 -1 1.000000
73 33 car -1 -1 -1 752 163 832 221 -1 -1 -1 5.62 1.56 21.72 -1 1.000000
73 34 van -1 -1 -1 862 66 1236 245 -1 -1 -1 10.63 1.40 16.42 -1 1.000000
73 36 car -1 -1 -1 364 173 425 214 -1 -1 -1 -7.80 1.95 26.02 -1 1.000000
73 37 greenery -1 -1 -1 195 134 265 189 -1 -1 -1 -13.40 2.10 25.48 -1 1.000000
73 38 wheel -1 -1 -1 960 192 1003 240 -1 -1 -1 7.86 1.47 15.23 -1 1.000000
73 39 unknown -1 -1 -1 512 131 557 198 -1 -1 -1 -3.59 1.88 38.63 -1 1.000000
74 21 van -1 -1 -1 1 164 149 260 -1 -1 -1 -13.41 2.06 18.18 -1 1.000000
74 22 greenery -1 -1 -1 284 127 348 219 -1 -1 -1 -10.20 1.99 25.22 -1 1.000000
74 24 car -1 -1 -1 134 188 278 254 -1 -1 -1 -10.20 1.98 17.91 -1 1.000000
74 26 car -1 -1 -1 671 151 775 225 -1 -1 -1 3.73 1.61 21.82 -1 1.000000
74 28 car -1 -1 -1 452 160 527 247 -1 -1 -1 -3.08 1.77 18.20 -1 1.000000
74 33 car -1 -1 -1 763 159 844 222 -1 -1 -1 5.84 1.53 21.40 -1 1.000000
74 34 van -1 -1 -1 868 34 1239 246 -1 -1 -1 10.76 1.38 16.06 -1 1.000000
74 36 car -1 -1 -1 365 173 422 214 -1 -1 -1 -7.60 1.93 25.60 -1 1.000000
74 37 greenery -1 -1 -1 194 136 267 189 -1 -1 -1 -13.18 2.08 25.24 -1 1.000000
74 38 wheel -1 -1 -1 973 192 1015 242 -1 -1 -1 7.90 1.46 14.83 -1 1.000000
74 39 unknown -1 -1 -1 515 131 559 199 -1 -1 -1 -3.47 1.86 38.58 -1 1.000000
75 21 van -1 -1 -1 1 161 149 261 -1 -1 -1 -13.25 2.05 18.00 -1 1.000000
75 22 greenery -1 -1 -1 284 128 351 219 -1 -1 -1 -10.04 1.96 24.79 -1 1.000000
75 24 car -1 -1 -1 132 187 279 255 -1 -1 -1 -10.07 1.96 17.44 -1 1.000000
75 26 car -1 -1 -1 676 149 772 225 -1 -1 -1 3.83 1.57 21.49 -1 1.000000
75 28 car -1 -1 -1 455 161 531 247 -1 -1 -1 -2.93 1.76 17.85 -1 1.000000
75 33 car -1 -1 -1 766 160 848 221 -1 -1 -1 5.90 1.51 21.14 -1 1.000000
75 34 van -1 -1 -1 880 85 1241 248 -1 -1 -1 10.73 1.37 15.72 -1 1.000000
75 37 greenery -1 -1 -1 195 135 268 189 -1 -1 -1 -13.01 2.06 25.09 -1 1.000000
75 38 wheel -1 -1 -1 983 193 1029 242 -1 -1 -1 7.97 1.44 14.46 -1 1.000000
75 39 unknown -1 -1 -1 518 131 564 199 -1 -1 -1 -3.29 1.80 38.36 -1 1.000000
75 40 car -1 -1 -1 841 143 889 223 -1 -1 -1 8.00 1.46 22.86 -1 1.000000
75 41 unknown -1 -1 -1 366 145 440 213 -1 -1 -1 -7.59 1.90 26.88 -1 1.000000
76 21 van -1 -1 -1 1 158 149 261 -1 -1 -1 -13.06 2.05 17.83 -1 1.000000
76 22 greenery -1 -1 -1 287 128 354 218 -1 -1 -1 -9.85 1.98 24.50 -1 1.000000
76 24 car -1 -1 -1 132 184 281 254 -1 -1 -1 -9.93 1.96 17.23 -1 1.000000
76 26 car -1 -1 -1 684 150 786 225 -1 -1 -1 3.91 1.58 20.87 -1 1.000000
76 28 car -1 -1 -1 455 161 535 247 -1 -1 -1 -2.79 1.75 17.57 -1 1.000000
76 33 car -1 -1 -1 776 160 857 221 -1 -1 -1 6.15 1.50 20.84 -1 1.000000
76 34 van -1 -1 -1 893 2 1240 243 -1 -1 -1 10.96 1.35 15.37 -1 1.000000
76 37 greenery -1 -1 -1 197 134 267 188 -1 -1 -1 -12.84 2.07 24.81 -1 1.000000
76 38 wheel -1 -1 -1 999 193 1044 244 -1 -1 -1 8.11 1.43 14.18 -1 1.000000
76 39 unknown -1 -1 -1 523 132 568 199 -1 -1 -1 -2.96 1.82 38.24 -1 1.000000
76 40 car -1 -1 -1 847 140 904 220 -1 -1 -1 8.17 1.45 22.61 -1 1.000000
76 41 unknown -1 -1 -1 370 144 441 214 -1 -1 -1 -7.41 1.92 26.18 -1 1.000000
77 21 van -1 -1 -1 1 161 150 261 -1 -1 -1 -12.94 2.04 17.59 -1 1.000000
77 22 greenery -1 -1 -1 291 127 358 217 -1 -1 -1 -9.64 1.97 24.29 -1 1.000000
77 24 car -1 -1 -1 133 185 284 255 -1 -1 -1 -9.78 1.94 17.08 -1 1.000000
77 26 car -1 -1 -1 690 152 789 226 -1 -1 -1 3.91 1.59 20.38 -1 1.000000
77 28 car -1 -1 -1 461 160 530 247 -1 -1 -1 -2.89 1.76 17.35 -1 1.000000
77 33 car -1 -1 -1 786 158 867 223 -1 -1 -1 6.37 1.51 20.48 -1 1.000000
77 34 van -1 -1 -1 934 95 1241 247 -1 -1 -1 10.81 1.38 15.01 -1 1.000000
77 37 greenery -1 -1 -1 201 134 276 188 -1 -1 -1 -12.61 2.05 24.65 -1 1.000000
77 39 unknown -1 -1 -1 529 128 573 192 -1 -1 -1 -2.67 1.81 37.88 -1 1.000000
77 40 car -1 -1 -1 864 163 910 218 -1 -1 -1 8.38 1.47 22.06 -1 1.000000
77 41 unknown -1 -1 -1 375 143 447 213 -1 -1 -1 -7.14 1.90 25.91 -1 1.000000
78 21 van -1 -1 -1 1 164 153 261 -1 -1 -1 -12.73 2.07 17.44 -1 1.000000
78 22 greenery -1 -1 -1 303 125 360 189 -1 -1 -1 -9.33 2.02 24.27 -1 1.000000
78 24 car -1 -1 -1 136 185 287 255 -1 -1 -1 -9.54 1.98 16.83 -1 1.000000
78 26 car -1 -1 -1 698 149 811 227 -1 -1 -1 4.23 1.61 20.15 -1 1.000000
78 28 car -1 -1 -1 470 161 546 247 -1 -1 -1 -2.44 1.78 17.14 -1 1.000000
78 33 car -1 -1 -1 799 158 877 224 -1 -1 -1 6.47 1.56 20.17 -1 1.000000
78 34 van -1 -1 -1 906 90 1241 249 -1 -1 -1 10.66 1.40 14.57 -1 1.000000
78 37 greenery -1 -1 -1 206 133 279 188 -1 -1 -1 -12.40 2.11 24.51 -1 1.000000
78 39 unknown -1 -1 -1 534 126 578 197 -1 -1 -1 -2.38 1.92 37.70 -1 1.000000
78 40 car -1 -1 -1 873 163 922 218 -1 -1 -1 8.51 1.52 21.52 -1 1.000000
78 41 unknown -1 -1 -1 380 144 453 213 -1 -1 -1 -6.90 1.97 25.51 -1 1.000000
79 21 van -1 -1 -1 1 163 154 261 -1 -1 -1 -12.61 2.03 17.28 -1 1.000000
79 22 greenery -1 -1 -1 299 125 368 218 -1 -1 -1 -9.21 1.97 23.99 -1 1.000000
79 24 car -1 -1 -1 139 186 292 255 -1 -1 -1 -9.39 1.94 16.72 -1 1.000000
79 26 car -1 -1 -1 705 164 807 228 -1 -1 -1 4.13 1.59 19.51 -1 1.000000
79 28 car -1 -1 -1 473 161 551 247 -1 -1 -1 -2.31 1.75 17.00 -1 1.000000
79 33 car -1 -1 -1 813 159 887 226 -1 -1 -1 6.61 1.53 19.74 -1 1.000000
79 34 van -1 -1 -1 929 95 1241 249 -1 -1 -1 10.47 1.39 14.32 -1 1.000000
79 37 greenery -1 -1 -1 209 134 278 187 -1 -1 -1 -12.20 2.05 24.25 -1 1.000000
79 39 unknown -1 -1 -1 541 123 585 196 -1 -1 -1 -2.11 1.83 37.25 -1 1.000000
79 40 car -1 -1 -1 882 162 933 219 -1 -1 -1 8.71 1.47 21.03 -1 1.000000
79 41 unknown -1 -1 -1 384 143 459 213 -1 -1 -1 -6.72 1.91 25.34 -1 1.000000
80 21 van -1 -1 -1 1 166 159 261 -1 -1 -1 -12.45 2.02 17.03 -1 1.000000
80 22 greenery -1 -1 -1 302 124 373 218 -1 -1 -1 -8.98 1.96 23.90 -1 1.000000
80 24 car -1 -1 -1 144 182 298 252 -1 -1 -1 -9.25 1.93 16.65 -1 1.000000
80 26 car -1 -1 -1 710 171 819 228 -1 -1 -1 4.19 1.59 19.22 -1 1.000000
80 28 car -1 -1 -1 487 159 557 247 -1 -1 -1 -2.09 1.74 16.85 -1 1.000000
80 33 car -1 -1 -1 825 158 897 226 -1 -1 -1 6.91 1.51 19.48 -1 1.000000
80 34 van -1 -1 -1 937 85 1241 252 -1 -1 -1 10.22 1.41 13.90 -1 1.000000
80 37 greenery -1 -1 -1 214 133 289 187 -1 -1 -1 -11.90 2.04 24.09 -1 1.000000
80 39 unknown -1 -1 -1 545 124 589 199 -1 -1 -1 -1.87 1.82 36.90 -1 1.000000
80 40 car -1 -1 -1 892 163 946 220 -1 -1 -1 8.82 1.48 20.55 -1 1.000000
80 41 unknown -1 -1 -1 390 142 465 213 -1 -1 -1 -6.41 1.90 24.95 -1 1.000000
81 21 van -1 -1 -1 1 165 162 260 -1 -1 -1 -12.30 1.99 16.89 -1 1.000000
81 22 greenery -1 -1 -1 302 126 377 217 -1 -1 -1 -8.83 1.93 23.84 -1 1.000000
81 24 car -1 -1 -1 144 184 301 252 -1 -1 -1 -9.13 1.91 16.63 -1 1.000000
81 26 car -1 -1 -1 719 150 826 229 -1 -1 -1 4.43 1.57 19.07 -1 1.000000
81 28 car -1 -1 -1 483 161 562 247 -1 -1 -1 -1.99 1.73 16.71 -1 1.000000
81 33 car -1 -1 -1 836 159 907 228 -1 -1 -1 7.06 1.51 19.24 -1 1.000000
81 34 van -1 -1 -1 950 1 1240 255 -1 -1 -1 10.20 1.41 13.59 -1 1.000000
81 37 greenery -1 -1 -1 219 132 288 187 -1 -1 -1 -11.73 2.01 23.97 -1 1.000000
81 39 unknown -1 -1 -1 551 123 596 196 -1 -1 -1 -1.58 1.80 36.60 -1 1.000000
81 40 car -1 -1 -1 901 165 957 221 -1 -1 -1 8.97 1.47 20.23 -1 1.000000
81 41 unknown -1 -1 -1 394 141 471 212 -1 -1 -1 -6.16 1.87 25.25 -1 1.000000
82 21 van -1 -1 -1 1 168 178 264 -1 -1 -1 -12.13 1.98 16.80 -1 1.000000
82 22 greenery -1 -1 -1 315 125 383 220 -1 -1 -1 -8.59 1.93 23.81 -1 1.000000
82 24 car -1 -1 -1 150 185 304 256 -1 -1 -1 -8.95 1.91 16.47 -1 1.000000
82 26 car -1 -1 -1 727 146 844 231 -1 -1 -1 4.79 1.57 18.99 -1 1.000000
82 28 car -1 -1 -1 487 156 569 249 -1 -1 -1 -1.87 1.73 16.54 -1 1.000000
82 33 car -1 -1 -1 848 160 916 228 -1 -1 -1 7.29 1.52 18.96 -1 1.000000
82 34 van -1 -1 -1 1020 85 1241 258 -1 -1 -1 10.33 1.42 13.43 -1 1.000000
82 37 greenery -1 -1 -1 225 132 297 187 -1 -1 -1 -11.48 2.00 23.92 -1 1.000000
82 39 unknown -1 -1 -1 556 125 600 197 -1 -1 -1 -1.33 1.79 36.19 -1 1.000000
82 40 car -1 -1 -1 911 164 968 221 -1 -1 -1 9.15 1.48 19.93 -1 1.000000
82 41 unknown -1 -1 -1 400 142 475 214 -1 -1 -1 -5.95 1.87 25.04 -1 1.000000
83 21 van -1 -1 -1 1 170 183 266 -1 -1 -1 -11.95 2.02 16.61 -1 1.000000
83 22 greenery -1 -1 -1 321 127 389 219 -1 -1 -1 -8.34 1.95 23.72 -1 1.000000
83 24 car -1 -1 -1 156 186 309 260 -1 -1 -1 -8.79 1.93 16.39 -1 1.000000
83 26 car -1 -1 -1 734 149 843 232 -1 -1 -1 4.90 1.59 18.93 -1 1.000000
83 28 car -1 -1 -1 493 154 577 250 -1 -1 -1 -1.72 1.75 16.32 -1 1.000000
83 33 car -1 -1 -1 858 159 927 229 -1 -1 -1 7.45 1.53 18.64 -1 1.000000
83 34 van -1 -1 -1 968 93 1240 257 -1 -1 -1 9.84 1.45 13.05 -1 1.000000
83 37 greenery -1 -1 -1 230 134 298 188 -1 -1 -1 -11.27 2.03 23.90 -1 1.000000
83 39 unknown -1 -1 -1 564 131 612 201 -1 -1 -1 -1.02 1.82 35.43 -1 1.000000
83 40 car -1 -1 -1 921 164 981 223 -1 -1 -1 9.38 1.48 19.65 -1 1.000000
83 42 car -1 -1 -1 406 172 467 216 -1 -1 -1 -5.85 1.90 24.66 -1 1.000000
84 21 van -1 -1 -1 2 171 185 266 -1 -1 -1 -11.74 2.07 16.52 -1 1.000000
84 22 greenery -1 -1 -1 317 127 394 220 -1 -1 -1 -8.08 2.03 23.55 -1 1.000000
84 24 car -1 -1 -1 163 188 317 258 -1 -1 -1 -8.54 1.99 16.20 -1 1.000000
84 26 car -1 -1 -1 737 174 859 234 -1 -1 -1 4.87 1.66 18.53 -1 1.000000
84 28 car -1 -1 -1 500 158 583 254 -1 -1 -1 -1.55 1.80 16.18 -1 1.000000
84 33 car -1 -1 -1 848 162 943 233 -1 -1 -1 7.48 1.58 18.56 -1 1.000000
84 34 van -1 -1 -1 1054 101 1241 266 -1 -1 -1 9.67 1.48 12.61 -1 1.000000
84 37 greenery -1 -1 -1 239 134 310 189 -1 -1 -1 -10.97 2.12 23.89 -1 1.000000
84 39 unknown -1 -1 -1 572 131 619 201 -1 -1 -1 -0.62 1.96 35.67 -1 1.000000
84 40 car -1 -1 -1 933 164 995 227 -1 -1 -1 9.54 1.54 19.38 -1 1.000000
84 42 car -1 -1 -1 411 175 474 217 -1 -1 -1 -5.57 1.98 24.10 -1 1.000000
85 21 van -1 -1 -1 4 172 189 266 -1 -1 -1 -11.64 2.01 16.44 -1 1.000000
85 22 greenery -1 -1 -1 329 128 402 223 -1 -1 -1 -7.80 1.93 23.39 -1 1.000000
85 24 car -1 -1 -1 168 188 324 261 -1 -1 -1 -8.41 1.93 16.12 -1 1.000000
85 26 car -1 -1 -1 750 176 867 235 -1 -1 -1 5.00 1.62 18.32 -1 1.000000
85 28 car -1 -1 -1 507 157 591 254 -1 -1 -1 -1.29 1.76 16.12 -1 1.000000
85 33 car -1 -1 -1 865 161 955 234 -1 -1 -1 7.68 1.56 18.36 -1 1.000000
85 34 van -1 -1 -1 998 71 1241 264 -1 -1 -1 9.58 1.49 12.68 -1 1.000000
85 37 greenery -1 -1 -1 244 136 311 191 -1 -1 -1 -10.74 2.01 23.78 -1 1.000000
85 39 unknown -1 -1 -1 577 134 626 203 -1 -1 -1 -0.27 1.81 35.08 -1 1.000000
85 40 car -1 -1 -1 943 162 1009 227 -1 -1 -1 9.73 1.51 19.15 -1 1.000000
85 42 car -1 -1 -1 420 174 482 219 -1 -1 -1 -5.27 1.89 23.74 -1 1.000000
86 21 van -1 -1 -1 20 171 194 265 -1 -1 -1 -11.38 2.08 16.30 -1 1.000000
86 22 greenery -1 -1 -1 348 127 410 222 -1 -1 -1 -7.44 2.05 23.24 -1 1.000000
86 24 car -1 -1 -1 177 189 332 262 -1 -1 -1 -8.08 1.99 15.99 -1 1.000000
86 26 car -1 -1 -1 761 175 878 236 -1 -1 -1 5.18 1.68 17.96 -1 1.000000
86 28 car -1 -1 -1 515 158 600 255 -1 -1 -1 -1.11 1.81 15.99 -1 1.000000
86 33 car -1 -1 -1 864 162 963 232 -1 -1 -1 7.82 1.61 18.02 -1 1.000000
86 34 van -1 -1 -1 1087 100 1241 270 -1 -1 -1 9.67 1.50 12.23 -1 1.000000
86 37 greenery -1 -1 -1 253 135 323 191 -1 -1 -1 -10.42 2.14 23.81 -1 1.000000
86 39 unknown -1 -1 -1 587 132 635 202 -1 -1 -1 0.17 2.00 35.08 -1 1.000000
86 40 car -1 -1 -1 959 162 1025 229 -1 -1 -1 9.95 1.57 18.78 -1 1.000000
86 42 car -1 -1 -1 427 175 489 218 -1 -1 -1 -4.93 2.00 23.47 -1 1.000000
87 21 van -1 -1 -1 31 171 203 266 -1 -1 -1 -11.15 2.09 16.19 -1 1.000000
87 22 greenery -1 -1 -1 356 128 419 222 -1 -1 -1 -7.10 2.05 23.06 -1 1.000000
87 24 car -1 -1 -1 189 188 342 256 -1 -1 -1 -7.82 1.99 15.95 -1 1.000000
87 26 car -1 -1 -1 770 154 900 234 -1 -1 -1 5.56 1.66 17.76 -1 1.000000
87 28 car -1 -1 -1 524 156 610 255 -1 -1 -1 -0.90 1.81 15.86 -1 1.000000
87 33 car -1 -1 -1 879 162 978 235 -1 -1 -1 8.02 1.60 17.77 -1 1.000000
87 34 van -1 -1 -1 1105 97 1241 270 -1 -1 -1 9.60 1.50 11.84 -1 1.000000
87 37 greenery -1 -1 -1 263 134 332 192 -1 -1 -1 -10.15 2.14 23.79 -1 1.000000
87 39 unknown -1 -1 -1 597 131 644 202 -1 -1 -1 0.64 1.99 34.87 -1 1.000000
87 40 car -1 -1 -1 971 162 1043 231 -1 -1 -1 10.19 1.55 18.44 -1 1.000000
87 42 car -1 -1 -1 436 175 498 219 -1 -1 -1 -4.61 1.99 23.35 -1 1.000000
87 43 tracking error -1 -1 -1 894 106 940 167 -1 -1 -1 10.31 1.61 23.89 -1 1.000000
88 21 van -1 -1 -1 42 171 214 266 -1 -1 -1 -10.87 2.10 16.15 -1 1.000000
88 22 greenery -1 -1 -1 363 128 428 223 -1 -1 -1 -6.74 2.09 22.88 -1 1.000000
88 24 car -1 -1 -1 194 189 350 262 -1 -1 -1 -7.61 2.01 15.83 -1 1.000000
88 26 car -1 -1 -1 783 174 905 237 -1 -1 -1 5.71 1.69 17.47 -1 1.000000
88 28 car -1 -1 -1 533 158 620 271 -1 -1 -1 -0.71 1.83 15.74 -1 1.000000
88 33 car -1 -1 -1 893 161 994 235 -1 -1 -1 8.22 1.62 17.48 -1 1.000000
88 34 van -1 -1 -1 1129 92 1241 270 -1 -1 -1 9.61 1.50 11.66 -1 1.000000
88 37 greenery -1 -1 -1 274 136 346 196 -1 -1 -1 -9.76 2.18 23.76 -1 1.000000
88 39 unknown -1 -1 -1 608 130 656 204 -1 -1 -1 1.17 2.07 34.78 -1 1.000000
88 40 car -1 -1 -1 985 161 1062 229 -1 -1 -1 10.43 1.57 18.18 -1 1.000000
88 42 car -1 -1 -1 445 175 508 218 -1 -1 -1 -4.29 2.04 23.09 -1 1.000000
89 21 van -1 -1 -1 60 169 225 264 -1 -1 -1 -10.59 2.08 16.12 -1 1.000000
89 22 greenery -1 -1 -1 364 127 439 220 -1 -1 -1 -6.44 2.05 22.77 -1 1.000000
89 24 car -1 -1 -1 207 189 361 262 -1 -1 -1 -7.40 1.99 15.88 -1 1.000000
89 26 car -1 -1 -1 809 170 926 239 -1 -1 -1 6.04 1.65 17.16 -1 1.000000
89 28 car -1 -1 -1 544 157 631 256 -1 -1 -1 -0.45 1.80 15.60 -1 1.000000
89 33 car -1 -1 -1 910 162 1012 236 -1 -1 -1 8.53 1.58 17.33 -1 1.000000
89 34 van -1 -1 -1 1154 97 1240 270 -1 -1 -1 9.49 1.49 11.50 -1 1.000000
89 37 greenery -1 -1 -1 285 135 357 196 -1 -1 -1 -9.33 2.13 23.69 -1 1.000000
89 39 unknown -1 -1 -1 618 131 666 205 -1 -1 -1 1.73 1.97 34.67 -1 1.000000
89 40 car -1 -1 -1 1005 161 1082 228 -1 -1 -1 10.74 1.53 17.92 -1 1.000000
89 42 car -1 -1 -1 456 175 519 218 -1 -1 -1 -3.91 1.98 22.97 -1 1.000000
89 43 tracking error -1 -1 -1 916 105 971 166 -1 -1 -1 10.91 1.60 23.36 -1 1.000000
90 21 van -1 -1 -1 74 171 246 266 -1 -1 -1 -10.29 2.07 16.11 -1 1.000000
90 22 greenery -1 -1 -1 366 127 450 219 -1 -1 -1 -6.14 2.06 22.75 -1 1.000000
90 24 car -1 -1 -1 215 189 370 260 -1 -1 -1 -7.11 1.99 15.86 -1 1.000000
90 26 car -1 -1 -1 811 174 937 238 -1 -1 -1 6.20 1.66 16.83 -1 1.000000
90 28 car -1 -1 -1 550 155 642 271 -1 -1 -1 -0.23 1.81 15.45 -1 1.000000
90 33 car -1 -1 -1 930 162 1032 238 -1 -1 -1 8.84 1.60 16.93 -1 1.000000
90 34 van -1 -1 -1 1179 176 1241 272 -1 -1 -1 9.34 1.51 11.04 -1 1.000000
90 37 greenery -1 -1 -1 296 133 366 192 -1 -1 -1 -8.99 2.14 23.69 -1 1.000000
90 39 unknown -1 -1 -1 629 131 677 201 -1 -1 -1 2.37 2.01 34.63 -1 1.000000
90 40 car -1 -1 -1 1025 161 1105 228 -1 -1 -1 11.10 1.54 17.67 -1 1.000000
90 42 car -1 -1 -1 467 174 530 218 -1 -1 -1 -3.57 1.99 22.83 -1 1.000000
90 43 tracking error -1 -1 -1 936 103 990 166 -1 -1 -1 11.22 1.61 22.93 -1 1.000000
90 44 unknown -1 -1 -1 0 206 75 265 -1 -1 -1 -13.81 2.18 17.54 -1 1.000000
90 45 building -1 -1 -1 755 133 874 194 -1 -1 -1 9.90 1.85 37.52 -1 1.000000
91 21 van -1 -1 -1 84 169 247 264 -1 -1 -1 -10.03 2.00 16.13 -1 1.000000
91 22 greenery -1 -1 -1 393 127 462 222 -1 -1 -1 -5.74 1.96 22.70 -1 1.000000
91 24 car -1 -1 -1 229 188 383 261 -1 -1 -1 -6.86 1.93 15.86 -1 1.000000
91 26 car -1 -1 -1 845 153 958 241 -1 -1 -1 6.61 1.62 16.59 -1 1.000000
91 28 car -1 -1 -1 565 157 654 271 -1 -1 -1 -0.00 1.77 15.34 -1 1.000000
91 33 car -1 -1 -1 941 161 1053 239 -1 -1 -1 9.10 1.57 16.69 -1 1.000000
91 37 greenery -1 -1 -1 309 134 376 190 -1 -1 -1 -8.59 2.04 23.54 -1 1.000000
91 39 unknown -1 -1 -1 642 131 690 202 -1 -1 -1 2.95 1.89 34.62 -1 1.000000
91 40 car -1 -1 -1 1044 158 1130 234 -1 -1 -1 11.45 1.53 17.36 -1 1.000000
91 42 car -1 -1 -1 478 174 541 217 -1 -1 -1 -3.21 1.91 22.80 -1 1.000000
91 43 tracking error -1 -1 -1 950 103 1003 166 -1 -1 -1 11.51 1.57 22.59 -1 1.000000
91 44 unknown -1 -1 -1 14 200 88 254 -1 -1 -1 -13.76 2.10 17.68 -1 1.000000
92 21 van -1 -1 -1 99 169 261 263 -1 -1 -1 -9.67 2.03 16.16 -1 1.000000
92 22 greenery -1 -1 -1 400 128 473 219 -1 -1 -1 -5.35 1.98 22.64 -1 1.000000
92 24 car -1 -1 -1 240 188 394 261 -1 -1 -1 -6.58 1.95 15.80 -1 1.000000
92 26 car -1 -1 -1 838 169 969 237 -1 -1 -1 6.77 1.63 16.47 -1 1.000000
92 28 car -1 -1 -1 579 157 668 271 -1 -1 -1 0.27 1.78 15.08 -1 1.000000
92 33 car -1 -1 -1 958 162 1074 239 -1 -1 -1 9.42 1.56 16.38 -1 1.000000
92 37 greenery -1 -1 -1 321 133 393 190 -1 -1 -1 -8.15 2.06 23.52 -1 1.000000
92 39 unknown -1 -1 -1 653 130 702 201 -1 -1 -1 3.56 1.89 34.50 -1 1.000000
92 40 car -1 -1 -1 1062 158 1156 235 -1 -1 -1 11.80 1.51 17.02 -1 1.000000
92 42 car -1 -1 -1 491 175 554 219 -1 -1 -1 -2.80 1.92 22.70 -1 1.000000
92 43 tracking error -1 -1 -1 974 102 1024 166 -1 -1 -1 11.99 1.56 22.32 -1 1.000000
92 46 car -1 -1 -1 0 176 104 266 -1 -1 -1 -13.83 2.15 17.80 -1 1.000000
93 21 van -1 -1 -1 115 166 274 255 -1 -1 -1 -9.38 2.06 16.10 -1 1.000000
93 22 greenery -1 -1 -1 422 126 486 221 -1 -1 -1 -4.91 2.07 22.56 -1 1.000000
93 24 car -1 -1 -1 256 188 408 256 -1 -1 -1 -6.27 1.99 15.65 -1 1.000000
93 26 car -1 -1 -1 859 174 992 242 -1 -1 -1 7.05 1.69 16.07 -1 1.000000
93 28 car -1 -1 -1 593 157 681 271 -1 -1 -1 0.54 1.82 14.92 -1 1.000000
93 33 car -1 -1 -1 977 162 1097 235 -1 -1 -1 9.84 1.62 16.26 -1 1.000000
93 37 greenery -1 -1 -1 333 135 403 190 -1 -1 -1 -7.72 2.14 23.44 -1 1.000000
93 40 car -1 -1 -1 1090 162 1186 238 -1 -1 -1 12.14 1.58 16.69 -1 1.000000
93 42 car -1 -1 -1 503 175 566 219 -1 -1 -1 -2.38 2.01 22.60 -1 1.000000
93 43 tracking error -1 -1 -1 992 100 1044 167 -1 -1 -1 12.49 1.66 22.07 -1 1.000000
93 46 car -1 -1 -1 1 174 120 273 -1 -1 -1 -13.89 2.19 18.51 -1 1.000000
94 21 van -1 -1 -1 132 165 288 258 -1 -1 -1 -9.05 2.07 16.16 -1 1.000000
94 22 greenery -1 -1 -1 435 127 499 224 -1 -1 -1 -4.45 2.08 22.52 -1 1.000000
94 24 car -1 -1 -1 268 188 420 263 -1 -1 -1 -5.89 1.99 15.59 -1 1.000000
94 26 car -1 -1 -1 874 166 1011 241 -1 -1 -1 7.31 1.70 15.89 -1 1.000000
94 28 car -1 -1 -1 607 157 696 271 -1 -1 -1 0.85 1.82 14.77 -1 1.000000
94 33 car -1 -1 -1 1005 162 1124 236 -1 -1 -1 10.19 1.64 15.93 -1 1.000000
94 37 greenery -1 -1 -1 349 134 421 191 -1 -1 -1 -7.21 2.15 23.39 -1 1.000000
94 40 car -1 -1 -1 1115 161 1218 240 -1 -1 -1 12.57 1.59 16.51 -1 1.000000
94 42 car -1 -1 -1 516 175 579 220 -1 -1 -1 -1.92 2.02 22.42 -1 1.000000
94 43 tracking error -1 -1 -1 1014 99 1066 166 -1 -1 -1 12.92 1.67 21.64 -1 1.000000
94 46 car -1 -1 -1 1 174 138 275 -1 -1 -1 -13.65 2.22 18.42 -1 1.000000
95 21 van -1 -1 -1 146 170 303 264 -1 -1 -1 -8.70 2.07 16.16 -1 1.000000
95 22 greenery -1 -1 -1 442 128 513 223 -1 -1 -1 -3.98 2.06 22.48 -1 1.000000
95 24 car -1 -1 -1 272 188 435 263 -1 -1 -1 -5.59 1.99 15.56 -1 1.000000
95 26 car -1 -1 -1 890 169 1033 243 -1 -1 -1 7.68 1.68 15.59 -1 1.000000
95 28 car -1 -1 -1 622 157 713 271 -1 -1 -1 1.16 1.82 14.63 -1 1.000000
95 33 car -1 -1 -1 1042 160 1152 241 -1 -1 -1 10.62 1.61 15.64 -1 1.000000
95 37 greenery -1 -1 -1 363 135 433 192 -1 -1 -1 -6.75 2.13 23.27 -1 1.000000
95 40 car -1 -1 -1 1141 162 1241 242 -1 -1 -1 13.02 1.56 16.29 -1 1.000000
95 42 car -1 -1 -1 531 175 595 221 -1 -1 -1 -1.46 2.00 22.36 -1 1.000000
95 46 car -1 -1 -1 1 175 151 274 -1 -1 -1 -13.56 2.22 18.45 -1 1.000000
96 21 van -1 -1 -1 161 172 318 264 -1 -1 -1 -8.33 2.03 16.12 -1 1.000000
96 22 greenery -1 -1 -1 457 127 529 223 -1 -1 -1 -3.52 2.01 22.40 -1 1.000000
96 24 car -1 -1 -1 299 189 449 263 -1 -1 -1 -5.30 1.95 15.57 -1 1.000000
96 26 car -1 -1 -1 910 170 1062 244 -1 -1 -1 8.02 1.67 15.29 -1 1.000000
96 28 car -1 -1 -1 638 157 730 271 -1 -1 -1 1.49 1.80 14.37 -1 1.000000
96 33 car -1 -1 -1 1079 159 1181 242 -1 -1 -1 11.07 1.60 15.22 -1 1.000000
96 37 greenery -1 -1 -1 378 135 445 193 -1 -1 -1 -6.26 2.07 23.12 -1 1.000000
96 40 car -1 -1 -1 1176 172 1240 247 -1 -1 -1 13.44 1.56 16.02 -1 1.000000
96 42 car -1 -1 -1 546 176 609 220 -1 -1 -1 -1.01 1.95 22.18 -1 1.000000
96 46 car -1 -1 -1 1 178 173 273 -1 -1 -1 -13.54 2.17 18.31 -1 1.000000
97 21 van -1 -1 -1 179 168 333 261 -1 -1 -1 -7.93 2.06 16.03 -1 1.000000
97 22 greenery -1 -1 -1 473 127 544 224 -1 -1 -1 -3.01 2.07 22.35 -1 1.000000
97 24 car -1 -1 -1 313 189 464 264 -1 -1 -1 -4.81 1.98 15.41 -1 1.000000
97 26 car -1 -1 -1 935 165 1081 245 -1 -1 -1 8.31 1.69 15.13 -1 1.000000
97 28 car -1 -1 -1 655 156 748 271 -1 -1 -1 1.83 1.82 14.18 -1 1.000000
97 33 car -1 -1 -1 1100 161 1220 250 -1 -1 -1 11.41 1.63 14.81 -1 1.000000
97 37 greenery -1 -1 -1 395 135 466 197 -1 -1 -1 -5.69 2.14 23.05 -1 1.000000
97 40 car -1 -1 -1 1206 172 1240 236 -1 -1 -1 13.90 1.59 16.09 -1 1.000000
97 42 car -1 -1 -1 562 176 625 221 -1 -1 -1 -0.51 2.00 22.01 -1 1.000000
97 46 car -1 -1 -1 32 178 185 270 -1 -1 -1 -13.18 2.21 18.36 -1 1.000000
98 21 van -1 -1 -1 197 169 351 265 -1 -1 -1 -7.51 2.11 15.96 -1 1.000000
98 22 greenery -1 -1 -1 491 126 560 224 -1 -1 -1 -2.50 2.16 22.26 -1 1.000000
98 24 car -1 -1 -1 320 189 481 263 -1 -1 -1 -4.38 2.02 15.29 -1 1.000000
98 26 car -1 -1 -1 963 164 1121 246 -1 -1 -1 8.75 1.72 14.62 -1 1.000000
98 28 car -1 -1 -1 672 157 768 271 -1 -1 -1 2.17 1.85 13.91 -1 1.000000
98 33 car -1 -1 -1 1108 160 1240 252 -1 -1 -1 11.71 1.66 14.59 -1 1.000000
98 37 greenery -1 -1 -1 410 135 479 199 -1 -1 -1 -5.17 2.23 22.95 -1 1.000000
98 42 car -1 -1 -1 577 175 643 222 -1 -1 -1 0.01 2.08 21.67 -1 1.000000
98 46 car -1 -1 -1 1 179 201 271 -1 -1 -1 -12.87 2.28 18.03 -1 1.000000
99 21 van -1 -1 -1 211 170 368 265 -1 -1 -1 -7.10 2.09 15.95 -1 1.000000
99 22 greenery -1 -1 -1 513 127 577 224 -1 -1 -1 -1.94 2.09 22.07 -1 1.000000
99 24 car -1 -1 -1 340 189 499 263 -1 -1 -1 -4.03 2.01 15.14 -1 1.000000
99 26 car -1 -1 -1 988 170 1137 248 -1 -1 -1 9.04 1.68 14.47 -1 1.000000
99 28 car -1 -1 -1 690 157 789 271 -1 -1 -1 2.52 1.83 13.73 -1 1.000000
99 33 car -1 -1 -1 1138 163 1241 249 -1 -1 -1 11.92 1.62 14.31 -1 1.000000
99 37 greenery -1 -1 -1 427 135 502 197 -1 -1 -1 -4.56 2.16 22.76 -1 1.000000
99 42 car -1 -1 -1 595 176 659 223 -1 -1 -1 0.51 2.02 21.53 -1 1.000000
99 46 car -1 -1 -1 39 177 220 272 -1 -1 -1 -12.53 2.27 17.95 -1 1.000000
100 21 van -1 -1 -1 232 171 384 265 -1 -1 -1 -6.68 2.07 15.93 -1 1.000000
100 22 greenery -1 -1 -1 529 126 596 224 -1 -1 -1 -1.39 2.04 21.82 -1 1.000000
100 24 car -1 -1 -1 364 190 516 267 -1 -1 -1 -3.64 1.98 15.08 -1 1.000000
100 26 car -1 -1 -1 1017 174 1181 253 -1 -1 -1 9.49 1.66 14.04 -1 1.000000
100 28 car -1 -1 -1 715 157 838 271 -1 -1 -1 2.94 1.80 13.38 -1 1.000000
100 33 car -1 -1 -1 1175 163 1241 251 -1 -1 -1 12.18 1.60 14.11 -1 1.000000
100 37 greenery -1 -1 -1 445 134 512 202 -1 -1 -1 -4.01 2.12 22.59 -1 1.000000
100 42 car -1 -1 -1 613 176 679 223 -1 -1 -1 1.07 1.97 21.34 -1 1.000000
100 46 car -1 -1 -1 36 178 237 270 -1 -1 -1 -12.16 2.24 17.92 -1 1.000000
101 21 van -1 -1 -1 252 171 403 266 -1 -1 -1 -6.23 2.06 15.83 -1 1.000000
101 22 greenery -1 -1 -1 553 123 615 224 -1 -1 -1 -0.80 2.01 21.59 -1 1.000000
101 24 car -1 -1 -1 382 189 534 268 -1 -1 -1 -3.23 1.97 14.90 -1 1.000000
101 26 car -1 -1 -1 1053 151 1241 267 -1 -1 -1 10.03 1.63 13.40 -1 1.000000
101 28 car -1 -1 -1 734 155 862 271 -1 -1 -1 3.28 1.79 13.03 -1 1.000000
101 37 greenery -1 -1 -1 464 133 535 202 -1 -1 -1 -3.37 2.09 22.49 -1 1.000000
101 42 car -1 -1 -1 633 175 701 224 -1 -1 -1 1.67 1.94 21.14 -1 1.000000
101 46 car -1 -1 -1 60 179 258 271 -1 -1 -1 -11.60 2.22 17.95 -1 1.000000
101 47 tracking error -1 -1 -1 1217 165 1242 214 -1 -1 -1 12.65 1.60 13.63 -1 1.000000
101 48 car -1 -1 -1 0 200 89 261 -1 -1 -1 -15.51 2.34 19.71 -1 1.000000
102 21 van -1 -1 -1 272 171 422 265 -1 -1 -1 -5.77 2.02 15.75 -1 1.000000
102 22 greenery -1 -1 -1 581 122 637 187 -1 -1 -1 0.03 1.92 21.48 -1 1.000000
102 24 car -1 -1 -1 401 189 554 268 -1 -1 -1 -2.77 1.94 14.74 -1 1.000000
102 26 car -1 -1 -1 1085 176 1240 260 -1 -1 -1 10.46 1.61 13.28 -1 1.000000
102 28 car -1 -1 -1 762 165 877 274 -1 -1 -1 3.65 1.77 12.74 -1 1.000000
102 37 greenery -1 -1 -1 485 134 557 198 -1 -1 -1 -2.68 2.00 22.40 -1 1.000000
102 42 car -1 -1 -1 654 174 723 225 -1 -1 -1 2.28 1.87 20.89 -1 1.000000
102 46 car -1 -1 -1 92 179 280 269 -1 -1 -1 -11.00 2.18 17.87 -1 1.000000
102 48 car -1 -1 -1 1 195 82 254 -1 -1 -1 -15.42 2.29 19.95 -1 1.000000
103 21 van -1 -1 -1 294 170 444 267 -1 -1 -1 -5.30 2.00 15.58 -1 1.000000
103 22 greenery -1 -1 -1 594 125 658 187 -1 -1 -1 0.66 1.91 21.25 -1 1.000000
103 24 car -1 -1 -1 421 190 578 271 -1 -1 -1 -2.29 1.93 14.54 -1 1.000000
103 26 car -1 -1 -1 1129 179 1241 268 -1 -1 -1 10.82 1.62 13.26 -1 1.000000
103 28 car -1 -1 -1 794 169 903 287 -1 -1 -1 4.10 1.77 12.26 -1 1.000000
103 37 greenery -1 -1 -1 506 136 579 196 -1 -1 -1 -1.99 1.97 22.29 -1 1.000000
103 42 car -1 -1 -1 677 176 748 227 -1 -1 -1 2.90 1.85 20.55 -1 1.000000
103 46 car -1 -1 -1 107 179 298 267 -1 -1 -1 -10.47 2.13 17.96 -1 1.000000
103 48 car -1 -1 -1 3 176 112 255 -1 -1 -1 -15.22 2.24 20.12 -1 1.000000
103 49 van -1 -1 -1 920 150 978 200 -1 -1 -1 20.74 1.62 44.24 -1 1.000000
104 21 van -1 -1 -1 318 170 467 268 -1 -1 -1 -4.72 2.02 15.42 -1 1.000000
104 22 greenery -1 -1 -1 625 123 683 188 -1 -1 -1 1.39 1.98 21.01 -1 1.000000
104 24 car -1 -1 -1 443 190 600 271 -1 -1 -1 -1.79 1.95 14.27 -1 1.000000
104 26 car -1 -1 -1 1179 185 1240 258 -1 -1 -1 11.45 1.66 13.49 -1 1.000000
104 28 car -1 -1 -1 816 154 949 292 -1 -1 -1 4.52 1.80 11.86 -1 1.000000
104 37 greenery -1 -1 -1 529 134 603 200 -1 -1 -1 -1.24 2.04 22.17 -1 1.000000
104 42 car -1 -1 -1 704 177 773 228 -1 -1 -1 3.58 1.92 20.12 -1 1.000000
104 46 car -1 -1 -1 135 179 323 267 -1 -1 -1 -9.78 2.15 17.91 -1 1.000000
104 48 car -1 -1 -1 37 177 139 255 -1 -1 -1 -14.70 2.27 20.24 -1 1.000000
104 49 van -1 -1 -1 937 147 1009 200 -1 -1 -1 22.04 1.84 42.83 -1 1.000000
105 21 van -1 -1 -1 341 172 492 268 -1 -1 -1 -4.17 2.00 15.29 -1 1.000000
105 24 car -1 -1 -1 469 190 626 271 -1 -1 -1 -1.27 1.93 14.03 -1 1.000000
105 26 car -1 -1 -1 1231 208 1242 249 -1 -1 -1 12.05 1.62 12.90 -1 1.000000
105 28 car -1 -1 -1 849 150 987 292 -1 -1 -1 4.90 1.78 11.36 -1 1.000000
105 37 greenery -1 -1 -1 554 133 626 202 -1 -1 -1 -0.53 1.98 21.85 -1 1.000000
105 42 car -1 -1 -1 731 176 804 229 -1 -1 -1 4.31 1.87 19.63 -1 1.000000
105 46 car -1 -1 -1 165 176 348 271 -1 -1 -1 -9.10 2.13 17.88 -1 1.000000
105 48 car -1 -1 -1 69 176 191 256 -1 -1 -1 -14.04 2.25 20.48 -1 1.000000
105 49 van -1 -1 -1 983 148 1047 201 -1 -1 -1 23.57 1.67 41.63 -1 1.000000
105 50 greenery -1 -1 -1 633 123 712 226 -1 -1 -1 1.86 1.92 20.53 -1 1.000000
106 21 van -1 -1 -1 367 171 517 269 -1 -1 -1 -3.58 2.01 15.14 -1 1.000000
106 24 car -1 -1 -1 496 190 654 274 -1 -1 -1 -0.76 1.93 13.73 -1 1.000000
106 28 car -1 -1 -1 885 150 1026 291 -1 -1 -1 5.35 1.74 10.83 -1 1.000000
106 37 greenery -1 -1 -1 580 132 648 202 -1 -1 -1 0.23 1.96 21.52 -1 1.000000
106 42 car -1 -1 -1 759 174 839 228 -1 -1 -1 5.03 1.81 19.22 -1 1.000000
106 46 car -1 -1 -1 196 176 374 271 -1 -1 -1 -8.34 2.16 17.82 -1 1.000000
106 48 car -1 -1 -1 102 178 222 256 -1 -1 -1 -13.17 2.31 20.52 -1 1.000000
106 49 van -1 -1 -1 1018 130 1089 198 -1 -1 -1 25.07 1.47 40.63 -1 1.000000
106 50 greenery -1 -1 -1 681 120 741 188 -1 -1 -1 2.91 1.88 20.19 -1 1.000000
107 21 van -1 -1 -1 393 170 546 270 -1 -1 -1 -2.95 2.03 14.90 -1 1.000000
107 24 car -1 -1 -1 523 189 684 274 -1 -1 -1 -0.24 1.93 13.39 -1 1.000000
107 28 car -1 -1 -1 932 144 1075 282 -1 -1 -1 5.68 1.73 10.25 -1 1.000000
107 37 greenery -1 -1 -1 608 132 682 202 -1 -1 -1 1.09 2.01 21.26 -1 1.000000
107 42 car -1 -1 -1 792 172 871 229 -1 -1 -1 5.81 1.84 18.56 -1 1.000000
107 46 car -1 -1 -1 227 177 399 266 -1 -1 -1 -7.60 2.19 17.76 -1 1.000000
107 48 car -1 -1 -1 137 180 253 254 -1 -1 -1 -12.21 2.35 20.54 -1 1.000000
107 49 van -1 -1 -1 1062 140 1136 198 -1 -1 -1 27.04 1.54 39.49 -1 1.000000
107 50 greenery -1 -1 -1 705 118 772 189 -1 -1 -1 3.71 1.92 19.87 -1 1.000000
108 21 van -1 -1 -1 423 168 576 272 -1 -1 -1 -2.35 1.96 14.71 -1 1.000000
108 24 car -1 -1 -1 544 186 719 271 -1 -1 -1 0.40 1.88 13.13 -1 1.000000
108 28 car -1 -1 -1 982 148 1144 315 -1 -1 -1 6.14 1.70 9.65 -1 1.000000
108 37 greenery -1 -1 -1 638 129 708 194 -1 -1 -1 1.93 1.88 20.80 -1 1.000000
108 42 car -1 -1 -1 826 171 910 231 -1 -1 -1 6.61 1.73 18.08 -1 1.000000
108 46 car -1 -1 -1 257 175 429 271 -1 -1 -1 -6.83 2.10 17.75 -1 1.000000
108 48 car -1 -1 -1 170 197 258 253 -1 -1 -1 -11.32 2.25 20.63 -1 1.000000
108 50 greenery -1 -1 -1 738 115 810 191 -1 -1 -1 4.52 1.80 19.25 -1 1.000000
109 21 van -1 -1 -1 449 168 605 272 -1 -1 -1 -1.72 1.96 14.40 -1 1.000000
109 24 car -1 -1 -1 581 187 758 279 -1 -1 -1 0.99 1.87 12.75 -1 1.000000
109 28 car -1 -1 -1 1032 137 1240 310 -1 -1 -1 6.70 1.69 9.07 -1 1.000000
109 37 greenery -1 -1 -1 672 128 749 192 -1 -1 -1 2.86 1.91 20.36 -1 1.000000
109 42 car -1 -1 -1 872 169 955 231 -1 -1 -1 7.38 1.77 17.36 -1 1.000000
109 46 car -1 -1 -1 283 170 456 265 -1 -1 -1 -6.02 2.09 17.68 -1 1.000000
109 48 car -1 -1 -1 209 197 293 250 -1 -1 -1 -10.24 2.23 20.49 -1 1.000000
109 50 greenery -1 -1 -1 781 112 847 188 -1 -1 -1 5.37 1.83 18.69 -1 1.000000
110 21 van -1 -1 -1 477 163 638 271 -1 -1 -1 -1.08 1.89 14.09 -1 1.000000
110 24 car -1 -1 -1 615 185 795 281 -1 -1 -1 1.50 1.82 12.34 -1 1.000000
110 28 car -1 -1 -1 1099 50 1240 319 -1 -1 -1 6.94 1.67 8.63 -1 1.000000
110 37 greenery -1 -1 -1 705 126 785 190 -1 -1 -1 3.76 1.84 19.88 -1 1.000000
110 42 car -1 -1 -1 915 169 1003 232 -1 -1 -1 8.13 1.71 16.66 -1 1.000000
110 46 car -1 -1 -1 318 171 486 261 -1 -1 -1 -5.22 2.02 17.55 -1 1.000000
110 48 car -1 -1 -1 237 193 345 248 -1 -1 -1 -9.31 2.13 20.56 -1 1.000000
110 51 greenery -1 -1 -1 803 108 889 233 -1 -1 -1 5.87 1.77 18.11 -1 1.000000
111 24 car -1 -1 -1 648 183 837 284 -1 -1 -1 2.04 1.76 11.89 -1 1.000000
111 28 car -1 -1 -1 1164 134 1241 317 -1 -1 -1 7.12 1.64 8.19 -1 1.000000
111 37 greenery -1 -1 -1 741 120 813 191 -1 -1 -1 4.55 1.69 19.28 -1 1.000000
111 42 car -1 -1 -1 963 166 1055 234 -1 -1 -1 8.89 1.59 15.96 -1 1.000000
111 46 car -1 -1 -1 357 171 515 265 -1 -1 -1 -4.33 1.90 17.34 -1 1.000000
111 48 car -1 -1 -1 270 189 353 243 -1 -1 -1 -8.43 1.99 20.51 -1 1.000000
111 51 greenery -1 -1 -1 840 102 936 187 -1 -1 -1 6.88 1.63 17.46 -1 1.000000
111 52 car -1 -1 -1 512 155 672 252 -1 -1 -1 -0.50 1.81 13.93 -1 1.000000
111 53 rubbish bin -1 -1 -1 172 187 242 233 -1 -1 -1 -15.08 2.16 27.56 -1 1.000000
111 54 car -1 -1 -1 0 196 52 254 -1 -1 -1 -18.97 2.25 23.86 -1 1.000000
112 24 car -1 -1 -1 682 181 879 285 -1 -1 -1 2.54 1.73 11.38 -1 1.000000
112 28 car -1 -1 -1 1237 221 1242 271 -1 -1 -1 7.56 1.62 7.55 -1 1.000000
112 37 greenery -1 -1 -1 778 116 863 191 -1 -1 -1 5.42 1.68 18.66 -1 1.000000
112 42 car -1 -1 -1 1011 165 1113 236 -1 -1 -1 9.56 1.59 15.16 -1 1.000000
112 46 car -1 -1 -1 378 185 546 260 -1 -1 -1 -3.59 1.86 17.14 -1 1.000000
112 48 car -1 -1 -1 303 188 385 242 -1 -1 -1 -7.49 1.95 20.35 -1 1.000000
112 51 greenery -1 -1 -1 871 89 983 229 -1 -1 -1 7.46 1.64 16.69 -1 1.000000
112 52 car -1 -1 -1 544 156 709 258 -1 -1 -1 0.16 1.78 13.62 -1 1.000000
112 53 rubbish bin -1 -1 -1 209 180 276 230 -1 -1 -1 -13.85 2.10 27.62 -1 1.000000
112 54 car -1 -1 -1 19 195 92 246 -1 -1 -1 -18.19 2.17 23.90 -1 1.000000
113 24 car -1 -1 -1 720 171 929 285 -1 -1 -1 3.26 1.72 10.92 -1 1.000000
113 37 greenery -1 -1 -1 817 114 898 191 -1 -1 -1 6.20 1.71 17.99 -1 1.000000
113 42 car -1 -1 -1 1069 160 1178 239 -1 -1 -1 10.35 1.61 14.29 -1 1.000000
113 46 car -1 -1 -1 406 183 559 257 -1 -1 -1 -2.94 1.88 16.90 -1 1.000000
113 48 car -1 -1 -1 329 188 419 241 -1 -1 -1 -6.57 1.97 20.15 -1 1.000000
113 52 car -1 -1 -1 573 156 761 275 -1 -1 -1 0.77 1.79 13.06 -1 1.000000
113 53 rubbish bin -1 -1 -1 245 181 309 229 -1 -1 -1 -12.53 2.14 27.51 -1 1.000000
113 54 car -1 -1 -1 55 196 130 247 -1 -1 -1 -17.16 2.21 23.74 -1 1.000000
114 24 car -1 -1 -1 761 179 917 282 -1 -1 -1 3.23 1.70 10.04 -1 1.000000
114 37 greenery -1 -1 -1 858 108 953 187 -1 -1 -1 7.01 1.66 17.27 -1 1.000000
114 42 car -1 -1 -1 1132 158 1241 240 -1 -1 -1 10.98 1.56 13.68 -1 1.000000
114 46 car -1 -1 -1 447 183 610 257 -1 -1 -1 -2.05 1.85 16.58 -1 1.000000
114 48 car -1 -1 -1 363 187 462 240 -1 -1 -1 -5.60 1.94 20.00 -1 1.000000
114 52 car -1 -1 -1 606 155 795 277 -1 -1 -1 1.35 1.76 12.58 -1 1.000000
114 53 rubbish bin -1 -1 -1 279 183 342 229 -1 -1 -1 -11.23 2.11 27.39 -1 1.000000
114 54 car -1 -1 -1 91 194 167 244 -1 -1 -1 -15.86 2.19 23.82 -1 1.000000
115 24 car -1 -1 -1 801 171 1036 297 -1 -1 -1 3.85 1.66 9.68 -1 1.000000
115 37 greenery -1 -1 -1 904 103 1011 186 -1 -1 -1 7.86 1.59 16.47 -1 1.000000
115 42 car -1 -1 -1 1205 158 1240 236 -1 -1 -1 11.39 1.50 13.14 -1 1.000000
115 46 car -1 -1 -1 471 182 643 255 -1 -1 -1 -1.29 1.80 16.31 -1 1.000000
115 48 car -1 -1 -1 396 187 475 241 -1 -1 -1 -4.71 1.89 19.82 -1 1.000000
115 52 car -1 -1 -1 641 151 834 279 -1 -1 -1 1.91 1.72 12.07 -1 1.000000
115 53 rubbish bin -1 -1 -1 312 181 375 227 -1 -1 -1 -9.88 2.03 27.27 -1 1.000000
115 54 car -1 -1 -1 135 193 204 242 -1 -1 -1 -14.59 2.14 23.84 -1 1.000000
115 55 car -1 -1 -1 0 188 71 251 -1 -1 -1 -20.88 2.27 25.98 -1 1.000000
116 24 car -1 -1 -1 848 173 1096 305 -1 -1 -1 4.32 1.65 9.15 -1 1.000000
116 37 greenery -1 -1 -1 953 97 1068 185 -1 -1 -1 8.65 1.59 15.70 -1 1.000000
116 46 car -1 -1 -1 497 178 679 252 -1 -1 -1 -0.61 1.79 15.98 -1 1.000000
116 48 car -1 -1 -1 428 185 505 241 -1 -1 -1 -3.83 1.88 19.53 -1 1.000000
116 52 car -1 -1 -1 673 148 883 283 -1 -1 -1 2.45 1.70 11.58 -1 1.000000
116 53 rubbish bin -1 -1 -1 345 181 408 226 -1 -1 -1 -8.62 2.02 27.16 -1 1.000000
116 54 car -1 -1 -1 169 194 238 243 -1 -1 -1 -13.42 2.11 23.74 -1 1.000000
116 55 car -1 -1 -1 20 200 95 248 -1 -1 -1 -19.98 2.25 26.13 -1 1.000000
117 24 car -1 -1 -1 902 180 1132 307 -1 -1 -1 4.60 1.64 8.36 -1 1.000000
117 46 car -1 -1 -1 537 180 714 252 -1 -1 -1 0.08 1.78 15.59 -1 1.000000
117 48 car -1 -1 -1 458 185 535 241 -1 -1 -1 -2.95 1.87 19.31 -1 1.000000
117 52 car -1 -1 -1 708 144 932 288 -1 -1 -1 2.98 1.69 11.03 -1 1.000000
117 53 rubbish bin -1 -1 -1 378 180 440 226 -1 -1 -1 -7.36 2.03 26.86 -1 1.000000
117 54 car -1 -1 -1 204 194 272 242 -1 -1 -1 -12.10 2.11 23.50 -1 1.000000
117 55 car -1 -1 -1 63 199 136 246 -1 -1 -1 -18.64 2.27 26.10 -1 1.000000
118 24 car -1 -1 -1 961 179 1192 327 -1 -1 -1 4.89 1.63 7.61 -1 1.000000
118 46 car -1 -1 -1 561 178 720 250 -1 -1 -1 0.64 1.76 15.27 -1 1.000000
118 48 car -1 -1 -1 487 184 569 241 -1 -1 -1 -2.07 1.84 19.00 -1 1.000000
118 53 rubbish bin -1 -1 -1 410 179 470 226 -1 -1 -1 -6.14 1.98 26.50 -1 1.000000
118 54 car -1 -1 -1 239 194 305 240 -1 -1 -1 -11.08 2.06 23.49 -1 1.000000
118 55 car -1 -1 -1 104 199 173 244 -1 -1 -1 -17.39 2.22 26.34 -1 1.000000
118 56 truck -1 -1 -1 78 151 161 221 -1 -1 -1 -20.82 2.30 30.55 -1 1.000000
118 57 car -1 -1 -1 752 143 988 291 -1 -1 -1 3.50 1.67 10.44 -1 1.000000
119 24 car -1 -1 -1 1026 177 1241 342 -1 -1 -1 5.10 1.62 6.90 -1 1.000000
119 46 car -1 -1 -1 604 177 753 254 -1 -1 -1 1.26 1.74 14.79 -1 1.000000
119 48 car -1 -1 -1 523 182 631 240 -1 -1 -1 -1.09 1.80 18.70 -1 1.000000
119 53 rubbish bin -1 -1 -1 442 178 502 226 -1 -1 -1 -4.93 1.94 26.08 -1 1.000000
119 54 car -1 -1 -1 258 195 337 238 -1 -1 -1 -10.01 2.03 23.41 -1 1.000000
119 55 car -1 -1 -1 144 189 209 243 -1 -1 -1 -16.04 2.19 26.47 -1 1.000000
119 56 truck -1 -1 -1 122 152 201 210 -1 -1 -1 -19.27 2.27 30.47 -1 1.000000
119 57 car -1 -1 -1 794 143 1048 298 -1 -1 -1 3.97 1.66 9.84 -1 1.000000
120 24 car -1 -1 -1 1107 182 1241 327 -1 -1 -1 5.25 1.61 6.47 -1 1.000000
120 46 car -1 -1 -1 627 177 792 251 -1 -1 -1 1.87 1.71 14.45 -1 1.000000
120 48 car -1 -1 -1 554 179 679 239 -1 -1 -1 -0.22 1.78 18.30 -1 1.000000
120 53 rubbish bin -1 -1 -1 472 178 534 226 -1 -1 -1 -3.75 1.89 25.66 -1 1.000000
120 54 car -1 -1 -1 292 195 369 238 -1 -1 -1 -8.89 2.01 23.29 -1 1.000000
120 55 car -1 -1 -1 180 194 246 242 -1 -1 -1 -14.70 2.17 26.27 -1 1.000000
120 56 truck -1 -1 -1 155 152 237 236 -1 -1 -1 -17.57 2.24 30.73 -1 1.000000
120 57 car -1 -1 -1 843 139 1127 306 -1 -1 -1 4.42 1.64 9.20 -1 1.000000
120 58 rubbish bin -1 -1 -1 587 153 638 182 -1 -1 -1 0.19 1.82 28.70 -1 1.000000
121 24 car -1 -1 -1 1196 205 1241 334 -1 -1 -1 5.35 1.59 6.07 -1 1.000000
121 46 car -1 -1 -1 667 176 881 270 -1 -1 -1 2.63 1.68 13.81 -1 1.000000
121 48 car -1 -1 -1 586 180 698 240 -1 -1 -1 0.63 1.74 17.85 -1 1.000000
121 53 rubbish bin -1 -1 -1 503 177 566 225 -1 -1 -1 -2.61 1.84 25.45 -1 1.000000
121 54 car -1 -1 -1 325 192 401 238 -1 -1 -1 -7.81 1.98 23.01 -1 1.000000
121 55 car -1 -1 -1 216 194 283 241 -1 -1 -1 -13.41 2.13 26.28 -1 1.000000
121 56 truck -1 -1 -1 199 151 274 210 -1 -1 -1 -16.06 2.20 30.67 -1 1.000000
122 46 car -1 -1 -1 700 176 913 271 -1 -1 -1 3.23 1.64 13.27 -1 1.000000
122 48 car -1 -1 -1 619 179 736 240 -1 -1 -1 1.42 1.70 17.39 -1 1.000000
122 53 rubbish bin -1 -1 -1 535 176 598 225 -1 -1 -1 -1.48 1.78 25.26 -1 1.000000
122 54 car -1 -1 -1 357 191 431 238 -1 -1 -1 -6.78 1.94 22.85 -1 1.000000
122 55 car -1 -1 -1 250 194 316 241 -1 -1 -1 -12.19 2.10 26.34 -1 1.000000
122 58 rubbish bin -1 -1 -1 657 150 715 183 -1 -1 -1 2.70 1.68 27.22 -1 1.000000
122 59 unknown -1 -1 -1 592 164 660 189 -1 -1 -1 0.67 1.74 30.74 -1 1.000000
122 60 truck -1 -1 -1 233 150 311 239 -1 -1 -1 -14.52 2.17 30.48 -1 1.000000
123 46 car -1 -1 -1 736 176 966 268 -1 -1 -1 3.79 1.64 12.66 -1 1.000000
123 48 car -1 -1 -1 647 181 736 245 -1 -1 -1 2.00 1.71 16.87 -1 1.000000
123 53 rubbish bin -1 -1 -1 567 175 630 226 -1 -1 -1 -0.38 1.83 24.69 -1 1.000000
123 54 car -1 -1 -1 389 191 462 239 -1 -1 -1 -5.73 1.97 22.57 -1 1.000000
123 55 car -1 -1 -1 283 194 349 241 -1 -1 -1 -10.92 2.15 26.12 -1 1.000000
123 58 rubbish bin -1 -1 -1 691 150 752 183 -1 -1 -1 3.88 1.71 26.67 -1 1.000000
123 59 unknown -1 -1 -1 623 164 692 191 -1 -1 -1 2.01 1.78 30.30 -1 1.000000
123 60 truck -1 -1 -1 268 151 340 239 -1 -1 -1 -13.02 2.22 30.35 -1 1.000000
123 61 trailer -1 -1 -1 835 150 903 180 -1 -1 -1 10.37 1.53 28.95 -1 1.000000
124 46 car -1 -1 -1 797 174 1020 275 -1 -1 -1 4.40 1.62 11.91 -1 1.000000
124 48 car -1 -1 -1 686 181 808 248 -1 -1 -1 2.79 1.68 16.36 -1 1.000000
124 53 rubbish bin -1 -1 -1 597 175 662 227 -1 -1 -1 0.70 1.78 24.17 -1 1.000000
124 54 car -1 -1 -1 417 191 491 239 -1 -1 -1 -4.77 1.94 22.28 -1 1.000000
124 55 car -1 -1 -1 309 193 379 240 -1 -1 -1 -9.74 2.11 25.89 -1 1.000000
124 60 truck -1 -1 -1 297 149 370 217 -1 -1 -1 -11.70 2.18 30.25 -1 1.000000
124 61 trailer -1 -1 -1 873 149 937 177 -1 -1 -1 11.68 1.46 28.13 -1 1.000000
125 46 car -1 -1 -1 841 167 1061 272 -1 -1 -1 4.91 1.60 11.28 -1 1.000000
125 48 car -1 -1 -1 718 181 819 249 -1 -1 -1 3.43 1.68 15.66 -1 1.000000
125 53 rubbish bin -1 -1 -1 624 175 692 227 -1 -1 -1 1.66 1.76 23.78 -1 1.000000
125 54 car -1 -1 -1 448 191 520 240 -1 -1 -1 -3.77 1.93 21.83 -1 1.000000
125 55 car -1 -1 -1 345 193 409 240 -1 -1 -1 -8.53 2.08 25.69 -1 1.000000
125 60 truck -1 -1 -1 329 149 399 218 -1 -1 -1 -10.37 2.16 29.97 -1 1.000000
126 46 car -1 -1 -1 856 165 1143 285 -1 -1 -1 5.35 1.59 10.70 -1 1.000000
126 48 car -1 -1 -1 753 176 863 249 -1 -1 -1 4.00 1.65 15.14 -1 1.000000
126 54 car -1 -1 -1 473 190 547 240 -1 -1 -1 -2.95 1.89 21.49 -1 1.000000
126 55 car -1 -1 -1 365 192 435 240 -1 -1 -1 -7.42 2.04 25.51 -1 1.000000
126 60 truck -1 -1 -1 355 147 428 215 -1 -1 -1 -9.14 2.11 29.73 -1 1.000000
126 62 car -1 -1 -1 46 207 105 356 -1 -1 -1 -6.70 1.95 9.21 -1 1.000000
127 46 car -1 -1 -1 902 167 1224 295 -1 -1 -1 5.71 1.57 9.91 -1 1.000000
127 48 car -1 -1 -1 788 175 905 251 -1 -1 -1 4.58 1.64 14.58 -1 1.000000
127 54 car -1 -1 -1 498 190 574 241 -1 -1 -1 -2.09 1.90 21.12 -1 1.000000
127 55 car -1 -1 -1 398 192 464 240 -1 -1 -1 -6.36 2.07 25.20 -1 1.000000
127 60 truck -1 -1 -1 384 146 454 216 -1 -1 -1 -7.93 2.16 29.38 -1 1.000000
127 62 car -1 -1 -1 2 205 124 374 -1 -1 -1 -6.21 1.96 8.58 -1 1.000000
128 46 car -1 -1 -1 946 166 1239 311 -1 -1 -1 6.00 1.55 9.17 -1 1.000000
128 48 car -1 -1 -1 820 178 948 257 -1 -1 -1 5.12 1.63 13.85 -1 1.000000
128 54 car -1 -1 -1 527 189 601 242 -1 -1 -1 -1.31 1.92 20.64 -1 1.000000
128 55 car -1 -1 -1 421 192 489 241 -1 -1 -1 -5.44 2.11 24.77 -1 1.000000
128 60 truck -1 -1 -1 408 145 480 215 -1 -1 -1 -6.83 2.20 29.14 -1 1.000000
128 62 car -1 -1 -1 1 220 138 360 -1 -1 -1 -5.80 1.96 8.12 -1 1.000000
129 46 car -1 -1 -1 995 146 1238 295 -1 -1 -1 6.33 1.54 8.52 -1 1.000000
129 48 car -1 -1 -1 858 177 1014 262 -1 -1 -1 5.66 1.62 13.09 -1 1.000000
129 54 car -1 -1 -1 551 190 627 243 -1 -1 -1 -0.57 1.95 20.16 -1 1.000000
129 55 car -1 -1 -1 442 193 512 242 -1 -1 -1 -4.57 2.15 24.35 -1 1.000000
129 60 truck -1 -1 -1 432 145 506 215 -1 -1 -1 -5.83 2.28 28.91 -1 1.000000
129 62 car -1 -1 -1 1 224 151 374 -1 -1 -1 -5.51 1.95 7.77 -1 1.000000
130 46 car -1 -1 -1 1057 171 1241 301 -1 -1 -1 6.21 1.54 7.89 -1 1.000000
130 48 car -1 -1 -1 896 176 1060 267 -1 -1 -1 6.11 1.58 12.41 -1 1.000000
130 54 car -1 -1 -1 573 189 651 244 -1 -1 -1 0.10 1.86 19.83 -1 1.000000
130 55 car -1 -1 -1 464 191 535 242 -1 -1 -1 -3.76 2.05 24.14 -1 1.000000
