1 0 car -1 -1 -1 239 168 294 199 -1 -1 -1 -23.29 2.16 48.05 -1 1.000000
1 1 car -1 -1 -1 564 169 610 208 -1 -1 -1 -1.04 1.64 34.73 -1 1.000000
2 0 car -1 -1 -1 226 169 281 199 -1 -1 -1 -23.21 1.98 47.03 -1 1.000000
2 1 car -1 -1 -1 569 169 611 206 -1 -1 -1 -0.97 1.72 34.48 -1 1.000000
3 0 car -1 -1 -1 210 169 267 200 -1 -1 -1 -23.12 1.85 44.57 -1 1.000000
3 1 car -1 -1 -1 569 168 611 206 -1 -1 -1 -0.96 1.48 34.10 -1 1.000000
4 0 car -1 -1 -1 192 167 255 199 -1 -1 -1 -22.97 1.79 42.89 -1 1.000000
4 1 car -1 -1 -1 570 167 610 206 -1 -1 -1 -0.93 1.55 33.67 -1 1.000000
5 0 car -1 -1 -1 172 166 239 200 -1 -1 -1 -23.03 1.78 41.05 -1 1.000000
5 1 car -1 -1 -1 560 169 610 205 -1 -1 -1 -1.01 1.34 33.76 -1 1.000000
6 0 car -1 -1 -1 150 166 222 202 -1 -1 -1 -22.71 1.72 38.93 -1 1.000000
6 1 car -1 -1 -1 566 169 610 206 -1 -1 -1 -0.97 1.50 33.25 -1 1.000000
6 2 car -1 -1 -1 258 167 309 194 -1 -1 -1 -22.61 1.65 49.60 -1 1.000000
7 0 car -1 -1 -1 127 166 205 204 -1 -1 -1 -22.71 1.81 36.91 -1 1.000000
7 1 car -1 -1 -1 557 170 611 206 -1 -1 -1 -0.96 1.59 32.89 -1 1.000000
7 2 car -1 -1 -1 246 168 296 194 -1 -1 -1 -22.47 1.77 47.46 -1 1.000000
8 0 car -1 -1 -1 98 168 187 209 -1 -1 -1 -22.36 2.01 34.44 -1 1.000000
8 1 car -1 -1 -1 566 171 611 208 -1 -1 -1 -0.91 1.57 32.61 -1 1.000000
8 2 car -1 -1 -1 232 170 286 196 -1 -1 -1 -22.26 1.96 45.51 -1 1.000000
9 0 car -1 -1 -1 68 169 163 212 -1 -1 -1 -22.69 1.91 32.88 -1 1.000000
9 1 car -1 -1 -1 558 172 612 209 -1 -1 -1 -0.89 1.65 32.48 -1 1.000000
9 2 car -1 -1 -1 218 171 274 198 -1 -1 -1 -22.45 1.90 44.00 -1 1.000000
10 0 car -1 -1 -1 33 171 139 214 -1 -1 -1 -22.79 1.97 31.37 -1 1.000000
10 1 car -1 -1 -1 554 173 612 210 -1 -1 -1 -0.91 1.77 32.21 -1 1.000000
10 2 car -1 -1 -1 200 174 260 201 -1 -1 -1 -22.79 2.01 42.35 -1 1.000000
11 0 car -1 -1 -1 1 171 112 218 -1 -1 -1 -22.39 1.95 29.48 -1 1.000000
11 1 car -1 -1 -1 553 173 613 211 -1 -1 -1 -0.90 1.80 31.91 -1 1.000000
11 2 car -1 -1 -1 183 174 246 203 -1 -1 -1 -22.72 2.01 40.52 -1 1.000000
12 0 car -1 -1 -1 1 169 79 222 -1 -1 -1 -22.24 2.11 28.05 -1 1.000000
12 1 car -1 -1 -1 561 173 613 212 -1 -1 -1 -0.86 1.75 31.89 -1 1.000000
12 2 car -1 -1 -1 161 173 228 205 -1 -1 -1 -22.66 2.16 38.49 -1 1.000000
13 0 car -1 -1 -1 1 172 47 220 -1 -1 -1 -22.12 2.01 26.93 -1 1.000000
13 1 car -1 -1 -1 566 173 613 212 -1 -1 -1 -0.81 1.70 31.78 -1 1.000000
13 2 car -1 -1 -1 137 173 209 207 -1 -1 -1 -22.64 2.05 36.84 -1 1.000000
14 0 car -1 -1 -1 0 187 14 215 -1 -1 -1 -22.22 1.96 25.18 -1 1.000000
14 1 car -1 -1 -1 561 171 613 211 -1 -1 -1 -0.79 1.76 31.70 -1 1.000000
14 2 car -1 -1 -1 111 173 189 207 -1 -1 -1 -22.71 1.92 35.32 -1 1.000000
15 1 car -1 -1 -1 565 170 613 211 -1 -1 -1 -0.78 1.73 31.60 -1 1.000000
15 2 car -1 -1 -1 85 173 168 207 -1 -1 -1 -22.85 1.86 34.15 -1 1.000000
16 1 car -1 -1 -1 567 169 615 211 -1 -1 -1 -0.78 1.61 31.46 -1 1.000000
16 2 car -1 -1 -1 48 170 144 211 -1 -1 -1 -22.75 1.87 32.04 -1 1.000000
17 1 car -1 -1 -1 564 170 613 210 -1 -1 -1 -0.77 1.70 31.18 -1 1.000000
17 2 car -1 -1 -1 11 170 115 213 -1 -1 -1 -22.75 1.84 30.15 -1 1.000000
18 1 car -1 -1 -1 564 170 614 210 -1 -1 -1 -0.78 1.54 30.86 -1 1.000000
18 2 car -1 -1 -1 1 169 83 217 -1 -1 -1 -22.51 1.93 28.79 -1 1.000000
19 1 car -1 -1 -1 565 169 613 210 -1 -1 -1 -0.75 1.65 30.29 -1 1.000000
19 2 car -1 -1 -1 1 172 47 218 -1 -1 -1 -22.21 1.85 27.15 -1 1.000000
20 1 car -1 -1 -1 564 170 614 212 -1 -1 -1 -0.74 1.71 29.88 -1 1.000000
21 1 car -1 -1 -1 564 169 613 211 -1 -1 -1 -0.78 1.67 29.60 -1 1.000000
22 1 car -1 -1 -1 563 171 613 210 -1 -1 -1 -0.78 1.62 29.44 -1 1.000000
23 1 car -1 -1 -1 562 169 613 209 -1 -1 -1 -0.79 1.52 29.46 -1 1.000000
24 1 car -1 -1 -1 561 169 614 209 -1 -1 -1 -0.78 1.51 29.27 -1 1.000000
25 1 car -1 -1 -1 562 169 614 210 -1 -1 -1 -0.77 1.52 29.15 -1 1.000000
25 3 car -1 -1 -1 230 170 288 197 -1 -1 -1 -23.98 1.88 49.11 -1 1.000000
26 1 car -1 -1 -1 562 168 614 210 -1 -1 -1 -0.78 1.48 29.03 -1 1.000000
26 3 car -1 -1 -1 217 168 275 197 -1 -1 -1 -23.91 1.84 47.65 -1 1.000000
27 1 car -1 -1 -1 562 169 615 210 -1 -1 -1 -0.78 1.56 28.86 -1 1.000000
27 3 car -1 -1 -1 202 168 263 199 -1 -1 -1 -23.94 1.91 46.25 -1 1.000000
28 1 car -1 -1 -1 563 170 614 211 -1 -1 -1 -0.80 1.54 28.89 -1 1.000000
28 3 car -1 -1 -1 196 171 251 199 -1 -1 -1 -24.20 1.88 45.01 -1 1.000000
29 1 car -1 -1 -1 566 168 616 211 -1 -1 -1 -0.75 1.51 28.56 -1 1.000000
29 4 tracking error -1 -1 -1 167 173 237 201 -1 -1 -1 -24.10 1.85 42.70 -1 1.000000
30 1 car -1 -1 -1 564 168 614 209 -1 -1 -1 -0.75 1.52 28.34 -1 1.000000
30 4 tracking error -1 -1 -1 151 174 319 202 -1 -1 -1 -24.04 1.77 41.14 -1 1.000000
31 1 car -1 -1 -1 555 167 615 209 -1 -1 -1 -0.82 1.46 28.36 -1 1.000000
31 4 tracking error -1 -1 -1 130 171 207 202 -1 -1 -1 -24.17 1.83 39.64 -1 1.000000
32 1 car -1 -1 -1 564 167 615 210 -1 -1 -1 -0.78 1.43 28.05 -1 1.000000
32 4 tracking error -1 -1 -1 109 172 187 203 -1 -1 -1 -23.81 1.82 37.63 -1 1.000000
33 1 car -1 -1 -1 563 168 614 211 -1 -1 -1 -0.77 1.57 27.81 -1 1.000000
33 4 tracking error -1 -1 -1 85 163 169 206 -1 -1 -1 -24.19 1.81 36.26 -1 1.000000
34 1 car -1 -1 -1 560 169 614 212 -1 -1 -1 -0.76 1.58 27.64 -1 1.000000
34 4 tracking error -1 -1 -1 61 153 150 211 -1 -1 -1 -24.01 1.98 34.55 -1 1.000000
35 1 car -1 -1 -1 563 168 616 213 -1 -1 -1 -0.74 1.51 27.61 -1 1.000000
35 4 tracking error -1 -1 -1 16 158 128 218 -1 -1 -1 -24.34 1.91 33.29 -1 1.000000
36 1 car -1 -1 -1 561 168 616 213 -1 -1 -1 -0.71 1.54 27.42 -1 1.000000
36 4 tracking error -1 -1 -1 1 170 104 218 -1 -1 -1 -24.33 1.96 31.99 -1 1.000000
37 1 car -1 -1 -1 563 168 617 212 -1 -1 -1 -0.70 1.49 27.45 -1 1.000000
37 4 tracking error -1 -1 -1 1 153 76 220 -1 -1 -1 -24.61 2.09 31.21 -1 1.000000
38 1 car -1 -1 -1 564 165 616 214 -1 -1 -1 -0.72 1.42 27.34 -1 1.000000
38 3 car -1 -1 -1 1 164 48 217 -1 -1 -1 -24.31 1.84 30.07 -1 1.000000
39 1 car -1 -1 -1 561 168 617 213 -1 -1 -1 -0.67 1.53 27.10 -1 1.000000
39 5 unknown -1 -1 -1 0 173 19 215 -1 -1 -1 -24.63 1.83 28.87 -1 1.000000
40 1 car -1 -1 -1 563 168 618 214 -1 -1 -1 -0.67 1.54 26.97 -1 1.000000
41 1 car -1 -1 -1 562 169 619 215 -1 -1 -1 -0.66 1.57 26.83 -1 1.000000
42 1 car -1 -1 -1 563 169 619 216 -1 -1 -1 -0.64 1.57 26.51 -1 1.000000
43 1 car -1 -1 -1 564 169 619 216 -1 -1 -1 -0.62 1.59 26.30 -1 1.000000
44 1 car -1 -1 -1 563 170 619 216 -1 -1 -1 -0.60 1.56 26.09 -1 1.000000
45 1 car -1 -1 -1 565 171 621 216 -1 -1 -1 -0.56 1.63 25.84 -1 1.000000
46 1 car -1 -1 -1 563 171 621 218 -1 -1 -1 -0.56 1.56 25.80 -1 1.000000
47 1 car -1 -1 -1 563 172 622 220 -1 -1 -1 -0.53 1.65 25.59 -1 1.000000
47 6 car -1 -1 -1 208 177 277 200 -1 -1 -1 -24.11 2.03 48.05 -1 1.000000
48 1 car -1 -1 -1 566 171 623 220 -1 -1 -1 -0.52 1.66 25.51 -1 1.000000
48 6 car -1 -1 -1 196 178 262 201 -1 -1 -1 -23.86 2.02 45.96 -1 1.000000
49 1 car -1 -1 -1 565 171 624 219 -1 -1 -1 -0.49 1.65 25.42 -1 1.000000
49 6 car -1 -1 -1 182 178 248 201 -1 -1 -1 -23.77 1.99 43.41 -1 1.000000
50 1 car -1 -1 -1 565 170 625 219 -1 -1 -1 -0.49 1.55 25.18 -1 1.000000
50 6 car -1 -1 -1 167 177 240 202 -1 -1 -1 -23.77 1.85 42.14 -1 1.000000
51 1 car -1 -1 -1 566 171 626 219 -1 -1 -1 -0.45 1.63 24.90 -1 1.000000
51 6 car -1 -1 -1 148 171 219 202 -1 -1 -1 -23.70 1.90 40.82 -1 1.000000
52 1 car -1 -1 -1 568 171 627 220 -1 -1 -1 -0.43 1.61 24.75 -1 1.000000
52 6 car -1 -1 -1 133 175 206 204 -1 -1 -1 -24.09 1.89 39.06 -1 1.000000
52 7 car -1 -1 -1 184 167 255 201 -1 -1 -1 -23.68 1.87 45.39 -1 1.000000
53 1 car -1 -1 -1 569 171 629 220 -1 -1 -1 -0.39 1.60 24.53 -1 1.000000
53 6 car -1 -1 -1 115 172 181 205 -1 -1 -1 -24.17 1.92 37.64 -1 1.000000
53 7 car -1 -1 -1 191 168 244 202 -1 -1 -1 -23.90 1.89 44.36 -1 1.000000
54 1 car -1 -1 -1 569 170 630 221 -1 -1 -1 -0.36 1.66 24.25 -1 1.000000
54 6 car -1 -1 -1 97 170 149 207 -1 -1 -1 -24.23 1.95 36.25 -1 1.000000
54 7 car -1 -1 -1 172 168 236 203 -1 -1 -1 -23.95 1.95 42.84 -1 1.000000
54 8 van -1 -1 -1 1 150 97 207 -1 -1 -1 -29.88 2.02 38.25 -1 1.000000
55 1 car -1 -1 -1 569 171 631 221 -1 -1 -1 -0.36 1.63 24.18 -1 1.000000
55 6 car -1 -1 -1 77 169 157 210 -1 -1 -1 -24.23 1.96 34.84 -1 1.000000
55 7 car -1 -1 -1 153 171 224 204 -1 -1 -1 -23.93 1.97 41.83 -1 1.000000
55 8 van -1 -1 -1 1 152 75 208 -1 -1 -1 -30.09 2.06 37.54 -1 1.000000
56 1 car -1 -1 -1 568 170 633 220 -1 -1 -1 -0.33 1.58 23.98 -1 1.000000
56 7 car -1 -1 -1 137 170 215 204 -1 -1 -1 -24.05 1.90 40.72 -1 1.000000
56 8 van -1 -1 -1 0 150 57 206 -1 -1 -1 -30.29 2.02 36.41 -1 1.000000
56 9 car -1 -1 -1 85 162 149 211 -1 -1 -1 -23.69 1.92 34.95 -1 1.000000
57 1 car -1 -1 -1 568 170 631 221 -1 -1 -1 -0.32 1.54 23.85 -1 1.000000
57 7 car -1 -1 -1 123 171 206 205 -1 -1 -1 -24.08 1.90 39.18 -1 1.000000
57 9 car -1 -1 -1 61 176 131 211 -1 -1 -1 -23.69 1.93 33.37 -1 1.000000
58 1 car -1 -1 -1 570 170 628 221 -1 -1 -1 -0.29 1.62 23.60 -1 1.000000
58 7 car -1 -1 -1 107 172 183 207 -1 -1 -1 -24.07 1.94 38.15 -1 1.000000
58 9 car -1 -1 -1 36 180 113 213 -1 -1 -1 -23.79 1.93 32.29 -1 1.000000
58 10 car -1 -1 -1 153 165 203 194 -1 -1 -1 -28.50 1.99 48.74 -1 1.000000
59 1 car -1 -1 -1 571 169 629 221 -1 -1 -1 -0.27 1.48 23.57 -1 1.000000
59 7 car -1 -1 -1 91 172 170 209 -1 -1 -1 -24.14 1.91 37.10 -1 1.000000
59 9 car -1 -1 -1 1 169 92 218 -1 -1 -1 -23.88 1.95 31.37 -1 1.000000
59 10 car -1 -1 -1 130 167 193 192 -1 -1 -1 -28.80 1.93 47.55 -1 1.000000
60 1 car -1 -1 -1 573 168 629 221 -1 -1 -1 -0.25 1.54 23.25 -1 1.000000
60 7 car -1 -1 -1 77 169 155 209 -1 -1 -1 -23.98 1.93 35.13 -1 1.000000
60 9 car -1 -1 -1 1 179 71 220 -1 -1 -1 -23.75 1.93 30.43 -1 1.000000
60 10 car -1 -1 -1 122 166 181 193 -1 -1 -1 -28.65 1.96 45.86 -1 1.000000
61 1 car -1 -1 -1 572 168 630 221 -1 -1 -1 -0.23 1.46 23.06 -1 1.000000
61 7 car -1 -1 -1 53 170 139 210 -1 -1 -1 -23.93 1.85 34.03 -1 1.000000
61 9 car -1 -1 -1 1 184 63 217 -1 -1 -1 -23.76 1.87 29.86 -1 1.000000
61 10 car -1 -1 -1 110 165 171 193 -1 -1 -1 -28.86 1.86 44.77 -1 1.000000
62 1 car -1 -1 -1 572 168 630 220 -1 -1 -1 -0.21 1.47 22.96 -1 1.000000
62 7 car -1 -1 -1 31 167 118 211 -1 -1 -1 -24.06 1.84 32.86 -1 1.000000
62 9 car -1 -1 -1 0 182 41 215 -1 -1 -1 -23.88 1.83 28.71 -1 1.000000
62 10 car -1 -1 -1 98 165 159 194 -1 -1 -1 -29.01 1.85 43.63 -1 1.000000
63 1 car -1 -1 -1 575 168 631 221 -1 -1 -1 -0.19 1.48 22.79 -1 1.000000
63 7 car -1 -1 -1 1 168 104 215 -1 -1 -1 -23.92 1.85 31.75 -1 1.000000
63 10 car -1 -1 -1 82 165 147 195 -1 -1 -1 -29.15 1.87 42.33 -1 1.000000
64 1 car -1 -1 -1 574 169 632 222 -1 -1 -1 -0.17 1.49 22.83 -1 1.000000
64 7 car -1 -1 -1 11 169 81 214 -1 -1 -1 -24.05 1.88 30.97 -1 1.000000
64 10 car -1 -1 -1 69 165 135 197 -1 -1 -1 -29.31 1.90 41.20 -1 1.000000
65 1 car -1 -1 -1 574 169 633 223 -1 -1 -1 -0.13 1.60 22.65 -1 1.000000
65 7 car -1 -1 -1 1 170 64 218 -1 -1 -1 -23.89 1.91 30.20 -1 1.000000
65 10 car -1 -1 -1 52 165 123 198 -1 -1 -1 -29.43 1.98 40.03 -1 1.000000
66 1 car -1 -1 -1 575 171 636 224 -1 -1 -1 -0.13 1.57 22.66 -1 1.000000
66 7 car -1 -1 -1 0 168 48 218 -1 -1 -1 -23.96 1.90 29.00 -1 1.000000
66 10 car -1 -1 -1 32 165 108 197 -1 -1 -1 -29.58 1.94 39.23 -1 1.000000
67 1 car -1 -1 -1 575 170 635 225 -1 -1 -1 -0.12 1.60 22.63 -1 1.000000
67 10 car -1 -1 -1 6 165 91 199 -1 -1 -1 -29.66 1.94 38.34 -1 1.000000
68 1 car -1 -1 -1 574 170 635 224 -1 -1 -1 -0.11 1.58 22.61 -1 1.000000
69 1 car -1 -1 -1 574 170 636 225 -1 -1 -1 -0.10 1.58 22.70 -1 1.000000
70 1 car -1 -1 -1 576 171 635 224 -1 -1 -1 -0.10 1.55 22.79 -1 1.000000
71 1 car -1 -1 -1 576 171 636 224 -1 -1 -1 -0.08 1.55 22.77 -1 1.000000
72 1 car -1 -1 -1 577 170 636 224 -1 -1 -1 -0.06 1.57 22.84 -1 1.000000
73 1 car -1 -1 -1 577 170 636 224 -1 -1 -1 -0.06 1.55 22.87 -1 1.000000
74 1 car -1 -1 -1 576 171 636 224 -1 -1 -1 -0.02 1.63 22.84 -1 1.000000
75 1 car -1 -1 -1 575 171 636 224 -1 -1 -1 -0.03 1.58 22.97 -1 1.000000
76 1 car -1 -1 -1 576 170 637 224 -1 -1 -1 -0.04 1.59 22.97 -1 1.000000
77 1 car -1 -1 -1 576 170 637 224 -1 -1 -1 -0.02 1.61 22.98 -1 1.000000
78 1 car -1 -1 -1 580 170 638 236 -1 -1 -1 -0.02 1.59 23.02 -1 1.000000
79 1 car -1 -1 -1 580 171 638 236 -1 -1 -1 -0.02 1.54 23.04 -1 1.000000
80 1 car -1 -1 -1 580 170 639 236 -1 -1 -1 -0.01 1.64 22.89 -1 1.000000
80 11 car -1 -1 -1 211 167 272 198 -1 -1 -1 -23.67 2.16 46.57 -1 1.000000
81 1 car -1 -1 -1 580 170 639 236 -1 -1 -1 -0.05 1.52 22.97 -1 1.000000
81 11 car -1 -1 -1 200 167 266 199 -1 -1 -1 -23.80 1.90 45.38 -1 1.000000
81 12 car -1 -1 -1 264 118 312 194 -1 -1 -1 -19.81 1.79 44.34 -1 1.000000
82 1 car -1 -1 -1 579 171 638 228 -1 -1 -1 -0.02 1.53 23.02 -1 1.000000
82 11 car -1 -1 -1 192 167 260 200 -1 -1 -1 -23.73 1.84 44.31 -1 1.000000
82 12 car -1 -1 -1 258 169 307 199 -1 -1 -1 -20.43 1.75 44.87 -1 1.000000
83 1 car -1 -1 -1 579 169 638 228 -1 -1 -1 -0.01 1.55 22.90 -1 1.000000
83 11 car -1 -1 -1 182 166 252 200 -1 -1 -1 -23.49 1.99 43.11 -1 1.000000
83 12 car -1 -1 -1 250 169 301 196 -1 -1 -1 -20.70 1.90 44.59 -1 1.000000
84 1 car -1 -1 -1 579 170 638 227 -1 -1 -1 -0.01 1.55 22.88 -1 1.000000
84 11 car -1 -1 -1 170 156 244 201 -1 -1 -1 -23.59 1.82 42.25 -1 1.000000
84 12 car -1 -1 -1 243 169 294 197 -1 -1 -1 -20.93 1.76 43.99 -1 1.000000
85 1 car -1 -1 -1 579 170 638 227 -1 -1 -1 -0.02 1.57 22.80 -1 1.000000
85 11 car -1 -1 -1 158 171 234 202 -1 -1 -1 -23.47 1.82 40.91 -1 1.000000
85 12 car -1 -1 -1 235 169 287 196 -1 -1 -1 -20.82 1.75 43.00 -1 1.000000
86 1 car -1 -1 -1 579 170 638 226 -1 -1 -1 -0.03 1.55 22.75 -1 1.000000
86 11 car -1 -1 -1 145 170 222 202 -1 -1 -1 -23.33 1.79 39.65 -1 1.000000
86 12 car -1 -1 -1 227 167 284 195 -1 -1 -1 -20.86 1.70 42.27 -1 1.000000
87 1 car -1 -1 -1 579 169 638 225 -1 -1 -1 -0.02 1.52 22.69 -1 1.000000
87 11 car -1 -1 -1 133 170 212 203 -1 -1 -1 -23.36 1.68 38.74 -1 1.000000
87 12 car -1 -1 -1 216 168 271 196 -1 -1 -1 -21.65 1.61 42.38 -1 1.000000
88 1 car -1 -1 -1 578 170 639 225 -1 -1 -1 -0.02 1.60 22.55 -1 1.000000
88 11 car -1 -1 -1 120 171 200 204 -1 -1 -1 -23.40 1.68 37.58 -1 1.000000
88 12 car -1 -1 -1 209 168 269 198 -1 -1 -1 -21.68 1.64 41.83 -1 1.000000
89 1 car -1 -1 -1 578 170 640 236 -1 -1 -1 -0.04 1.56 22.45 -1 1.000000
89 11 car -1 -1 -1 106 171 186 204 -1 -1 -1 -23.39 1.71 36.23 -1 1.000000
89 12 car -1 -1 -1 194 168 262 196 -1 -1 -1 -21.76 1.63 41.60 -1 1.000000
90 1 car -1 -1 -1 579 169 640 227 -1 -1 -1 -0.02 1.63 22.30 -1 1.000000
90 11 car -1 -1 -1 98 170 171 205 -1 -1 -1 -23.20 1.61 34.94 -1 1.000000
90 12 car -1 -1 -1 188 167 254 196 -1 -1 -1 -21.92 1.57 41.24 -1 1.000000
91 1 car -1 -1 -1 578 169 641 227 -1 -1 -1 -0.03 1.53 22.29 -1 1.000000
91 11 car -1 -1 -1 75 159 172 208 -1 -1 -1 -22.73 1.75 33.28 -1 1.000000
91 12 car -1 -1 -1 179 166 248 197 -1 -1 -1 -21.88 1.68 40.41 -1 1.000000
91 13 pole -1 -1 -1 783 214 796 279 -1 -1 -1 2.64 1.57 10.65 -1 1.000000
91 14 car -1 -1 -1 242 161 302 195 -1 -1 -1 -24.09 1.68 49.91 -1 1.000000
92 1 car -1 -1 -1 578 169 638 226 -1 -1 -1 -0.05 1.54 22.09 -1 1.000000
92 11 car -1 -1 -1 57 169 157 211 -1 -1 -1 -22.91 1.37 32.68 -1 1.000000
92 12 car -1 -1 -1 168 166 240 198 -1 -1 -1 -22.71 1.31 40.49 -1 1.000000
92 13 pole -1 -1 -1 802 219 816 293 -1 -1 -1 2.65 1.65 9.63 -1 1.000000
92 14 car -1 -1 -1 239 156 297 194 -1 -1 -1 -24.18 1.22 49.17 -1 1.000000
93 1 car -1 -1 -1 577 169 638 226 -1 -1 -1 -0.05 1.64 21.93 -1 1.000000
93 11 car -1 -1 -1 39 165 142 212 -1 -1 -1 -22.90 1.62 31.70 -1 1.000000
93 12 car -1 -1 -1 157 165 231 200 -1 -1 -1 -22.76 1.61 39.38 -1 1.000000
93 13 pole -1 -1 -1 821 224 837 304 -1 -1 -1 2.63 1.64 8.70 -1 1.000000
93 14 car -1 -1 -1 228 159 291 195 -1 -1 -1 -23.78 1.58 47.20 -1 1.000000
94 1 car -1 -1 -1 577 170 637 226 -1 -1 -1 -0.09 1.60 21.85 -1 1.000000
94 11 car -1 -1 -1 16 167 136 212 -1 -1 -1 -22.86 1.70 30.67 -1 1.000000
94 12 car -1 -1 -1 143 166 221 202 -1 -1 -1 -22.92 1.68 38.66 -1 1.000000
94 13 pole -1 -1 -1 846 230 864 321 -1 -1 -1 2.62 1.62 7.73 -1 1.000000
94 14 car -1 -1 -1 222 162 284 196 -1 -1 -1 -23.92 1.65 46.77 -1 1.000000
95 1 car -1 -1 -1 573 170 636 226 -1 -1 -1 -0.11 1.62 21.82 -1 1.000000
95 11 car -1 -1 -1 1 171 114 214 -1 -1 -1 -22.92 1.65 29.91 -1 1.000000
95 12 car -1 -1 -1 130 167 211 203 -1 -1 -1 -23.08 1.62 37.92 -1 1.000000
95 13 pole -1 -1 -1 879 238 900 347 -1 -1 -1 2.62 1.64 6.79 -1 1.000000
95 14 car -1 -1 -1 213 162 275 196 -1 -1 -1 -24.08 1.60 46.39 -1 1.000000
96 1 car -1 -1 -1 573 169 636 226 -1 -1 -1 -0.15 1.56 21.76 -1 1.000000
96 11 car -1 -1 -1 1 171 99 217 -1 -1 -1 -22.62 1.69 29.46 -1 1.000000
96 12 car -1 -1 -1 119 167 202 204 -1 -1 -1 -23.04 1.67 37.11 -1 1.000000
96 13 pole -1 -1 -1 920 247 945 367 -1 -1 -1 2.62 1.61 5.90 -1 1.000000
96 14 car -1 -1 -1 206 161 271 197 -1 -1 -1 -23.95 1.61 45.72 -1 1.000000
97 1 car -1 -1 -1 572 169 637 225 -1 -1 -1 -0.14 1.59 21.62 -1 1.000000
97 11 car -1 -1 -1 1 164 80 218 -1 -1 -1 -22.51 1.70 29.03 -1 1.000000
97 12 car -1 -1 -1 102 169 191 207 -1 -1 -1 -23.12 1.70 35.81 -1 1.000000
97 14 car -1 -1 -1 195 161 260 198 -1 -1 -1 -24.16 1.66 44.63 -1 1.000000
98 1 car -1 -1 -1 572 168 637 226 -1 -1 -1 -0.16 1.61 21.59 -1 1.000000
98 11 car -1 -1 -1 1 172 67 219 -1 -1 -1 -22.60 1.69 28.46 -1 1.000000
98 12 car -1 -1 -1 86 170 179 208 -1 -1 -1 -23.23 1.70 35.06 -1 1.000000
98 14 car -1 -1 -1 185 163 251 199 -1 -1 -1 -24.39 1.68 43.70 -1 1.000000
99 1 car -1 -1 -1 571 168 637 226 -1 -1 -1 -0.20 1.59 21.54 -1 1.000000
99 11 car -1 -1 -1 1 172 50 225 -1 -1 -1 -22.33 1.65 27.57 -1 1.000000
99 12 car -1 -1 -1 70 169 168 209 -1 -1 -1 -23.38 1.62 34.21 -1 1.000000
99 14 car -1 -1 -1 175 162 244 200 -1 -1 -1 -24.60 1.58 43.00 -1 1.000000
100 1 car -1 -1 -1 570 168 634 236 -1 -1 -1 -0.25 1.56 21.56 -1 1.000000
100 11 car -1 -1 -1 0 172 34 226 -1 -1 -1 -22.48 1.67 26.84 -1 1.000000
100 12 car -1 -1 -1 54 170 156 210 -1 -1 -1 -23.22 1.76 32.85 -1 1.000000
100 14 car -1 -1 -1 167 150 242 199 -1 -1 -1 -24.57 1.73 42.13 -1 1.000000
101 1 car -1 -1 -1 569 170 631 236 -1 -1 -1 -0.27 1.53 21.46 -1 1.000000
101 12 car -1 -1 -1 42 170 147 212 -1 -1 -1 -23.20 1.86 31.95 -1 1.000000
101 14 car -1 -1 -1 150 150 236 204 -1 -1 -1 -24.52 1.81 41.36 -1 1.000000
102 1 car -1 -1 -1 569 171 631 236 -1 -1 -1 -0.28 1.58 21.28 -1 1.000000
102 12 car -1 -1 -1 24 171 133 214 -1 -1 -1 -22.99 1.86 30.99 -1 1.000000
102 14 car -1 -1 -1 143 150 229 206 -1 -1 -1 -24.71 1.84 40.94 -1 1.000000
103 1 car -1 -1 -1 567 172 630 230 -1 -1 -1 -0.28 1.68 21.09 -1 1.000000
103 12 car -1 -1 -1 10 173 120 216 -1 -1 -1 -23.05 1.90 30.35 -1 1.000000
103 14 car -1 -1 -1 134 173 215 205 -1 -1 -1 -24.30 1.92 39.69 -1 1.000000
104 1 car -1 -1 -1 567 173 630 230 -1 -1 -1 -0.32 1.67 20.91 -1 1.000000
104 12 car -1 -1 -1 1 174 84 217 -1 -1 -1 -23.08 2.02 29.49 -1 1.000000
104 14 car -1 -1 -1 121 172 208 207 -1 -1 -1 -24.14 2.05 38.37 -1 1.000000
104 15 unknown -1 -1 -1 812 161 888 207 -1 -1 -1 13.99 1.44 41.39 -1 1.000000
105 1 car -1 -1 -1 566 173 629 230 -1 -1 -1 -0.34 1.66 20.83 -1 1.000000
105 12 car -1 -1 -1 1 170 94 221 -1 -1 -1 -23.05 1.90 29.21 -1 1.000000
105 14 car -1 -1 -1 105 173 186 207 -1 -1 -1 -24.08 1.92 37.58 -1 1.000000
106 1 car -1 -1 -1 565 172 629 230 -1 -1 -1 -0.35 1.64 20.65 -1 1.000000
106 12 car -1 -1 -1 1 163 74 222 -1 -1 -1 -22.68 2.05 28.51 -1 1.000000
106 14 car -1 -1 -1 97 174 174 207 -1 -1 -1 -23.81 2.09 36.33 -1 1.000000
107 1 car -1 -1 -1 565 171 628 229 -1 -1 -1 -0.38 1.56 20.55 -1 1.000000
107 12 car -1 -1 -1 1 169 58 221 -1 -1 -1 -22.90 1.85 28.55 -1 1.000000
107 14 car -1 -1 -1 89 173 164 207 -1 -1 -1 -24.02 1.84 35.69 -1 1.000000
108 1 car -1 -1 -1 564 172 628 230 -1 -1 -1 -0.40 1.60 20.42 -1 1.000000
108 12 car -1 -1 -1 1 171 68 219 -1 -1 -1 -22.89 1.85 28.32 -1 1.000000
108 14 car -1 -1 -1 77 173 152 209 -1 -1 -1 -23.81 1.88 34.73 -1 1.000000
109 1 car -1 -1 -1 561 173 625 230 -1 -1 -1 -0.46 1.60 20.43 -1 1.000000
109 12 car -1 -1 -1 0 184 54 219 -1 -1 -1 -23.06 1.87 27.64 -1 1.000000
109 14 car -1 -1 -1 56 174 141 210 -1 -1 -1 -24.12 1.92 34.05 -1 1.000000
110 1 car -1 -1 -1 560 172 624 231 -1 -1 -1 -0.49 1.64 20.33 -1 1.000000
110 14 car -1 -1 -1 32 169 129 213 -1 -1 -1 -24.40 1.86 33.26 -1 1.000000
111 1 car -1 -1 -1 558 172 623 231 -1 -1 -1 -0.55 1.56 20.34 -1 1.000000
111 14 car -1 -1 -1 37 172 115 210 -1 -1 -1 -24.05 1.85 32.98 -1 1.000000
112 1 car -1 -1 -1 556 172 621 231 -1 -1 -1 -0.62 1.58 20.39 -1 1.000000
112 14 car -1 -1 -1 23 171 102 211 -1 -1 -1 -24.16 1.88 32.03 -1 1.000000
113 1 car -1 -1 -1 555 172 620 231 -1 -1 -1 -0.63 1.59 20.37 -1 1.000000
113 14 car -1 -1 -1 18 165 89 211 -1 -1 -1 -24.21 1.71 31.18 -1 1.000000
114 1 car -1 -1 -1 554 172 617 231 -1 -1 -1 -0.66 1.63 20.34 -1 1.000000
114 14 car -1 -1 -1 1 169 54 218 -1 -1 -1 -24.07 2.08 30.79 -1 1.000000
115 1 car -1 -1 -1 553 172 617 231 -1 -1 -1 -0.71 1.63 20.34 -1 1.000000
115 14 car -1 -1 -1 0 167 59 216 -1 -1 -1 -24.12 2.08 29.99 -1 1.000000
116 1 car -1 -1 -1 550 173 614 232 -1 -1 -1 -0.76 1.65 20.29 -1 1.000000
116 16 wall -1 -1 -1 848 170 926 208 -1 -1 -1 13.82 1.37 34.39 -1 1.000000
117 1 car -1 -1 -1 548 173 611 232 -1 -1 -1 -0.81 1.66 20.28 -1 1.000000
117 16 wall -1 -1 -1 854 170 932 210 -1 -1 -1 13.94 1.51 33.57 -1 1.000000
118 1 car -1 -1 -1 546 173 610 232 -1 -1 -1 -0.88 1.63 20.32 -1 1.000000
118 16 wall -1 -1 -1 857 170 939 209 -1 -1 -1 13.68 1.44 32.68 -1 1.000000
119 1 car -1 -1 -1 546 173 610 232 -1 -1 -1 -0.86 1.66 20.24 -1 1.000000
119 16 wall -1 -1 -1 867 170 949 211 -1 -1 -1 13.69 1.32 31.92 -1 1.000000
120 1 car -1 -1 -1 546 173 610 232 -1 -1 -1 -0.88 1.59 20.20 -1 1.000000
120 16 wall -1 -1 -1 864 170 964 213 -1 -1 -1 13.80 1.28 31.23 -1 1.000000
121 1 car -1 -1 -1 546 172 611 232 -1 -1 -1 -0.84 1.63 20.10 -1 1.000000
121 16 wall -1 -1 -1 874 169 981 214 -1 -1 -1 13.99 1.24 30.46 -1 1.000000
122 1 car -1 -1 -1 547 172 612 232 -1 -1 -1 -0.83 1.60 20.12 -1 1.000000
122 16 wall -1 -1 -1 879 169 980 213 -1 -1 -1 13.92 1.25 29.85 -1 1.000000
123 1 car -1 -1 -1 548 172 614 231 -1 -1 -1 -0.78 1.61 20.08 -1 1.000000
123 16 wall -1 -1 -1 889 168 993 215 -1 -1 -1 14.00 1.26 29.20 -1 1.000000
124 1 car -1 -1 -1 550 172 615 232 -1 -1 -1 -0.78 1.54 20.09 -1 1.000000
124 16 wall -1 -1 -1 895 168 1006 215 -1 -1 -1 13.87 1.19 28.45 -1 1.000000
125 1 car -1 -1 -1 549 171 618 232 -1 -1 -1 -0.69 1.62 19.94 -1 1.000000
125 16 wall -1 -1 -1 903 168 1018 218 -1 -1 -1 13.95 1.33 27.51 -1 1.000000
126 1 car -1 -1 -1 551 172 618 233 -1 -1 -1 -0.68 1.66 19.84 -1 1.000000
126 16 wall -1 -1 -1 911 169 1031 217 -1 -1 -1 14.10 1.47 26.86 -1 1.000000
127 1 car -1 -1 -1 553 173 619 234 -1 -1 -1 -0.68 1.64 19.76 -1 1.000000
127 16 wall -1 -1 -1 921 168 1045 220 -1 -1 -1 13.86 1.38 25.93 -1 1.000000
127 17 unknown -1 -1 -1 79 152 168 195 -1 -1 -1 -31.43 2.11 45.58 -1 1.000000
128 1 car -1 -1 -1 553 174 618 235 -1 -1 -1 -0.62 1.68 19.68 -1 1.000000
129 1 car -1 -1 -1 553 174 618 236 -1 -1 -1 -0.64 1.71 19.62 -1 1.000000
130 1 car -1 -1 -1 553 174 619 237 -1 -1 -1 -0.64 1.70 19.57 -1 1.000000
131 1 car -1 -1 -1 553 173 618 247 -1 -1 -1 -0.67 1.64 19.50 -1 1.000000
132 1 car -1 -1 -1 553 173 619 247 -1 -1 -1 -0.66 1.70 19.44 -1 1.000000
133 1 car -1 -1 -1 552 173 619 247 -1 -1 -1 -0.67 1.67 19.49 -1 1.000000
134 1 car -1 -1 -1 552 174 619 247 -1 -1 -1 -0.65 1.69 19.42 -1 1.000000
135 1 car -1 -1 -1 552 174 618 247 -1 -1 -1 -0.67 1.70 19.34 -1 1.000000
135 18 building -1 -1 -1 130 155 201 198 -1 -1 -1 -27.52 2.46 44.37 -1 1.000000
136 1 car -1 -1 -1 552 174 618 247 -1 -1 -1 -0.69 1.71 19.32 -1 1.000000
137 1 car -1 -1 -1 549 174 617 237 -1 -1 -1 -0.72 1.67 19.34 -1 1.000000
138 1 car -1 -1 -1 549 174 615 237 -1 -1 -1 -0.72 1.70 19.28 -1 1.000000
139 1 car -1 -1 -1 549 174 615 237 -1 -1 -1 -0.73 1.71 19.29 -1 1.000000
140 1 car -1 -1 -1 548 174 614 238 -1 -1 -1 -0.79 1.69 19.41 -1 1.000000
141 1 car -1 -1 -1 547 175 614 237 -1 -1 -1 -0.79 1.72 19.42 -1 1.000000
142 1 car -1 -1 -1 546 175 613 237 -1 -1 -1 -0.81 1.70 19.39 -1 1.000000
143 1 car -1 -1 -1 545 175 613 236 -1 -1 -1 -0.80 1.72 19.40 -1 1.000000
144 1 car -1 -1 -1 545 174 613 236 -1 -1 -1 -0.83 1.71 19.45 -1 1.000000
145 1 car -1 -1 -1 545 174 613 235 -1 -1 -1 -0.85 1.69 19.52 -1 1.000000
146 1 car -1 -1 -1 544 174 612 235 -1 -1 -1 -0.85 1.69 19.57 -1 1.000000
147 1 car -1 -1 -1 544 173 611 234 -1 -1 -1 -0.90 1.69 19.71 -1 1.000000
148 1 car -1 -1 -1 544 174 611 234 -1 -1 -1 -0.91 1.70 19.86 -1 1.000000
149 1 car -1 -1 -1 544 174 608 234 -1 -1 -1 -0.93 1.72 19.93 -1 1.000000
150 1 car -1 -1 -1 544 174 608 234 -1 -1 -1 -0.96 1.71 20.10 -1 1.000000
151 1 car -1 -1 -1 544 174 608 234 -1 -1 -1 -0.94 1.73 20.24 -1 1.000000
152 1 car -1 -1 -1 545 175 608 235 -1 -1 -1 -0.96 1.72 20.38 -1 1.000000
153 1 car -1 -1 -1 545 175 609 234 -1 -1 -1 -0.96 1.74 20.44 -1 1.000000
154 1 car -1 -1 -1 546 175 609 234 -1 -1 -1 -0.94 1.75 20.47 -1 1.000000
154 19 pole -1 -1 -1 770 229 787 295 -1 -1 -1 2.20 1.63 9.35 -1 1.000000
155 1 car -1 -1 -1 546 175 610 233 -1 -1 -1 -0.92 1.74 20.53 -1 1.000000
155 19 pole -1 -1 -1 787 234 805 308 -1 -1 -1 2.21 1.63 8.56 -1 1.000000
156 1 car -1 -1 -1 546 175 611 233 -1 -1 -1 -0.90 1.74 20.67 -1 1.000000
156 19 pole -1 -1 -1 806 239 827 326 -1 -1 -1 2.22 1.62 7.73 -1 1.000000
157 1 car -1 -1 -1 547 175 611 232 -1 -1 -1 -0.88 1.69 20.93 -1 1.000000
157 19 pole -1 -1 -1 831 246 853 321 -1 -1 -1 2.26 1.63 6.97 -1 1.000000
157 20 truck -1 -1 -1 474 146 536 212 -1 -1 -1 -4.83 1.78 33.64 -1 1.000000
158 1 car -1 -1 -1 548 175 612 231 -1 -1 -1 -0.80 1.70 21.12 -1 1.000000
158 19 pole -1 -1 -1 863 255 887 316 -1 -1 -1 2.28 1.62 6.17 -1 1.000000
158 20 truck -1 -1 -1 465 143 533 216 -1 -1 -1 -4.64 1.80 30.99 -1 1.000000
159 1 car -1 -1 -1 548 175 613 232 -1 -1 -1 -0.80 1.74 21.27 -1 1.000000
159 20 truck -1 -1 -1 459 141 532 225 -1 -1 -1 -4.43 1.83 28.22 -1 1.000000
160 1 car -1 -1 -1 548 175 614 231 -1 -1 -1 -0.81 1.74 21.48 -1 1.000000
160 20 truck -1 -1 -1 439 136 531 226 -1 -1 -1 -4.34 1.79 25.59 -1 1.000000
160 21 car -1 -1 -1 245 176 303 199 -1 -1 -1 -21.06 2.06 45.64 -1 1.000000
161 1 car -1 -1 -1 550 176 614 230 -1 -1 -1 -0.83 1.74 21.61 -1 1.000000
161 20 truck -1 -1 -1 430 133 528 239 -1 -1 -1 -4.21 1.80 23.00 -1 1.000000
161 21 car -1 -1 -1 241 176 299 199 -1 -1 -1 -21.03 2.15 45.03 -1 1.000000
162 1 car -1 -1 -1 551 176 615 230 -1 -1 -1 -0.83 1.78 21.86 -1 1.000000
162 20 truck -1 -1 -1 410 129 519 239 -1 -1 -1 -4.07 1.84 20.38 -1 1.000000
162 21 car -1 -1 -1 238 178 302 201 -1 -1 -1 -20.77 2.31 44.35 -1 1.000000
163 1 car -1 -1 -1 550 177 615 231 -1 -1 -1 -0.84 1.78 22.13 -1 1.000000
163 20 truck -1 -1 -1 383 118 513 250 -1 -1 -1 -3.95 1.81 17.61 -1 1.000000
163 21 car -1 -1 -1 232 178 288 201 -1 -1 -1 -20.77 2.28 43.70 -1 1.000000
164 1 car -1 -1 -1 548 177 614 230 -1 -1 -1 -0.82 1.82 22.40 -1 1.000000
164 20 truck -1 -1 -1 335 110 506 270 -1 -1 -1 -3.90 1.82 14.89 -1 1.000000
164 21 car -1 -1 -1 226 179 290 202 -1 -1 -1 -20.66 2.39 42.76 -1 1.000000
165 1 car -1 -1 -1 556 178 617 231 -1 -1 -1 -0.79 1.89 22.60 -1 1.000000
165 20 truck -1 -1 -1 279 103 506 290 -1 -1 -1 -3.78 1.82 12.22 -1 1.000000
165 21 car -1 -1 -1 220 178 277 204 -1 -1 -1 -21.22 2.60 42.66 -1 1.000000
166 1 car -1 -1 -1 556 178 616 231 -1 -1 -1 -0.77 1.87 22.76 -1 1.000000
166 20 truck -1 -1 -1 179 85 478 318 -1 -1 -1 -3.70 1.78 9.60 -1 1.000000
166 21 car -1 -1 -1 213 177 272 205 -1 -1 -1 -21.19 2.60 41.89 -1 1.000000
167 1 car -1 -1 -1 557 178 616 230 -1 -1 -1 -0.75 1.86 22.91 -1 1.000000
167 20 truck -1 -1 -1 30 52 464 370 -1 -1 -1 -3.39 1.78 6.94 -1 1.000000
168 1 car -1 -1 -1 558 178 616 230 -1 -1 -1 -0.74 1.90 23.05 -1 1.000000
168 20 truck -1 -1 -1 1 1 415 374 -1 -1 -1 -3.05 1.75 5.61 -1 1.000000
169 1 car -1 -1 -1 558 179 616 230 -1 -1 -1 -0.76 1.85 23.34 -1 1.000000
169 20 truck -1 -1 -1 0 0 349 375 -1 -1 -1 -3.04 1.73 3.39 -1 1.000000
170 1 car -1 -1 -1 559 178 617 230 -1 -1 -1 -0.73 1.88 23.47 -1 1.000000
171 1 car -1 -1 -1 560 176 616 229 -1 -1 -1 -0.71 1.89 23.61 -1 1.000000
172 1 car -1 -1 -1 561 172 617 228 -1 -1 -1 -0.71 1.82 23.75 -1 1.000000
173 1 car -1 -1 -1 561 177 617 227 -1 -1 -1 -0.68 1.80 23.89 -1 1.000000
173 22 car -1 -1 -1 157 176 229 209 -1 -1 -1 -22.45 2.33 38.01 -1 1.000000
174 1 car -1 -1 -1 562 174 619 227 -1 -1 -1 -0.66 1.82 23.98 -1 1.000000
174 22 car -1 -1 -1 145 177 215 209 -1 -1 -1 -22.47 2.30 37.07 -1 1.000000
175 1 car -1 -1 -1 564 177 620 227 -1 -1 -1 -0.59 1.87 24.00 -1 1.000000
175 22 car -1 -1 -1 130 179 200 209 -1 -1 -1 -22.47 2.34 35.97 -1 1.000000
175 23 traffic light -1 -1 -1 361 112 390 181 -1 -1 -1 -7.35 1.95 22.78 -1 1.000000
176 1 car -1 -1 -1 565 177 621 227 -1 -1 -1 -0.57 1.86 24.07 -1 1.000000
176 23 traffic light -1 -1 -1 345 103 382 190 -1 -1 -1 -7.27 1.94 21.65 -1 1.000000
177 1 car -1 -1 -1 564 177 621 227 -1 -1 -1 -0.58 1.84 24.26 -1 1.000000
177 22 car -1 -1 -1 98 179 173 215 -1 -1 -1 -22.58 2.25 34.17 -1 1.000000
177 23 traffic light -1 -1 -1 332 102 373 172 -1 -1 -1 -7.31 1.92 20.66 -1 1.000000
178 1 car -1 -1 -1 565 178 622 227 -1 -1 -1 -0.56 1.87 24.42 -1 1.000000
178 22 car -1 -1 -1 81 180 153 215 -1 -1 -1 -22.74 2.28 32.95 -1 1.000000
178 23 traffic light -1 -1 -1 314 102 364 166 -1 -1 -1 -7.32 1.92 19.57 -1 1.000000
179 1 car -1 -1 -1 566 177 622 225 -1 -1 -1 -0.51 1.84 24.40 -1 1.000000
179 22 car -1 -1 -1 64 179 135 216 -1 -1 -1 -23.04 2.17 32.00 -1 1.000000
179 23 traffic light -1 -1 -1 305 98 351 166 -1 -1 -1 -7.23 1.87 18.40 -1 1.000000
179 24 car -1 -1 -1 166 157 235 207 -1 -1 -1 -21.95 2.22 39.63 -1 1.000000
180 1 car -1 -1 -1 566 175 622 224 -1 -1 -1 -0.47 1.79 24.36 -1 1.000000
180 22 car -1 -1 -1 45 177 117 215 -1 -1 -1 -22.99 2.11 30.88 -1 1.000000
180 23 traffic light -1 -1 -1 286 91 337 153 -1 -1 -1 -7.19 1.83 17.36 -1 1.000000
180 24 car -1 -1 -1 157 174 226 207 -1 -1 -1 -22.17 2.14 38.56 -1 1.000000
181 1 car -1 -1 -1 567 174 623 223 -1 -1 -1 -0.45 1.77 24.41 -1 1.000000
181 22 car -1 -1 -1 19 183 66 218 -1 -1 -1 -23.28 2.08 29.47 -1 1.000000
181 23 traffic light -1 -1 -1 265 84 323 162 -1 -1 -1 -7.17 1.81 16.20 -1 1.000000
181 24 car -1 -1 -1 137 174 223 208 -1 -1 -1 -22.17 2.12 37.74 -1 1.000000
181 25 traffic light -1 -1 -1 716 94 745 151 -1 -1 -1 2.79 1.69 16.31 -1 1.000000
181 26 tracking error -1 -1 -1 487 142 533 214 -1 -1 -1 -4.66 1.88 32.71 -1 1.000000
182 1 car -1 -1 -1 568 173 624 223 -1 -1 -1 -0.43 1.75 24.55 -1 1.000000
182 22 car -1 -1 -1 5 192 31 219 -1 -1 -1 -23.51 2.07 28.71 -1 1.000000
182 23 traffic light -1 -1 -1 245 76 313 157 -1 -1 -1 -7.12 1.77 15.21 -1 1.000000
182 24 car -1 -1 -1 121 174 209 209 -1 -1 -1 -22.44 1.99 36.68 -1 1.000000
182 25 traffic light -1 -1 -1 729 89 759 143 -1 -1 -1 2.83 1.69 15.21 -1 1.000000
182 26 tracking error -1 -1 -1 483 175 529 215 -1 -1 -1 -4.48 1.82 30.21 -1 1.000000
182 27 car -1 -1 -1 259 176 314 202 -1 -1 -1 -21.56 2.03 48.81 -1 1.000000
183 1 car -1 -1 -1 568 174 624 224 -1 -1 -1 -0.39 1.83 24.54 -1 1.000000
183 23 traffic light -1 -1 -1 217 73 281 157 -1 -1 -1 -7.13 1.77 14.08 -1 1.000000
183 24 car -1 -1 -1 109 174 189 210 -1 -1 -1 -22.62 2.02 35.27 -1 1.000000
183 25 traffic light -1 -1 -1 736 83 771 142 -1 -1 -1 2.83 1.73 14.04 -1 1.000000
183 26 tracking error -1 -1 -1 465 179 525 219 -1 -1 -1 -4.37 1.88 27.51 -1 1.000000
183 27 car -1 -1 -1 252 179 307 202 -1 -1 -1 -21.64 2.11 47.58 -1 1.000000
184 1 car -1 -1 -1 572 174 625 223 -1 -1 -1 -0.39 1.81 24.69 -1 1.000000
184 23 traffic light -1 -1 -1 182 74 253 147 -1 -1 -1 -7.10 1.77 12.96 -1 1.000000
184 24 car -1 -1 -1 89 175 166 213 -1 -1 -1 -22.57 2.05 33.76 -1 1.000000
184 25 traffic light -1 -1 -1 748 77 781 139 -1 -1 -1 2.81 1.71 12.95 -1 1.000000
184 26 tracking error -1 -1 -1 459 179 515 225 -1 -1 -1 -4.28 1.85 25.08 -1 1.000000
184 27 car -1 -1 -1 245 178 301 203 -1 -1 -1 -21.72 2.13 47.17 -1 1.000000
184 28 car -1 -1 -1 179 178 248 207 -1 -1 -1 -21.11 2.07 38.16 -1 1.000000
185 1 car -1 -1 -1 573 169 626 221 -1 -1 -1 -0.38 1.77 24.80 -1 1.000000
185 23 traffic light -1 -1 -1 147 69 185 138 -1 -1 -1 -7.29 1.77 11.80 -1 1.000000
185 24 car -1 -1 -1 70 175 139 214 -1 -1 -1 -22.70 2.03 32.24 -1 1.000000
185 25 traffic light -1 -1 -1 764 66 802 133 -1 -1 -1 2.84 1.68 11.83 -1 1.000000
185 26 tracking error -1 -1 -1 444 177 506 228 -1 -1 -1 -4.20 1.81 22.50 -1 1.000000
185 27 car -1 -1 -1 236 178 293 203 -1 -1 -1 -21.62 2.10 45.95 -1 1.000000
185 28 car -1 -1 -1 171 179 239 207 -1 -1 -1 -21.34 2.04 38.08 -1 1.000000
186 1 car -1 -1 -1 574 173 627 221 -1 -1 -1 -0.36 1.74 24.97 -1 1.000000
186 23 traffic light -1 -1 -1 99 50 142 139 -1 -1 -1 -7.24 1.77 10.64 -1 1.000000
186 24 car -1 -1 -1 50 174 109 216 -1 -1 -1 -22.78 2.03 30.94 -1 1.000000
186 25 traffic light -1 -1 -1 781 40 824 129 -1 -1 -1 2.88 1.66 10.70 -1 1.000000
186 26 tracking error -1 -1 -1 425 174 497 237 -1 -1 -1 -4.13 1.79 19.75 -1 1.000000
186 27 car -1 -1 -1 229 178 287 203 -1 -1 -1 -21.65 2.08 45.06 -1 1.000000
186 28 car -1 -1 -1 157 178 229 207 -1 -1 -1 -21.76 2.03 37.35 -1 1.000000
187 1 car -1 -1 -1 575 172 629 222 -1 -1 -1 -0.32 1.76 25.10 -1 1.000000
187 24 car -1 -1 -1 23 176 74 218 -1 -1 -1 -22.81 2.04 29.57 -1 1.000000
187 25 traffic light -1 -1 -1 799 43 852 126 -1 -1 -1 2.90 1.67 9.56 -1 1.000000
187 26 tracking error -1 -1 -1 396 179 483 249 -1 -1 -1 -4.03 1.78 17.13 -1 1.000000
187 27 car -1 -1 -1 218 179 280 206 -1 -1 -1 -21.66 2.09 43.72 -1 1.000000
187 28 car -1 -1 -1 145 178 218 209 -1 -1 -1 -21.85 2.04 36.74 -1 1.000000
188 1 car -1 -1 -1 573 173 630 222 -1 -1 -1 -0.35 1.65 25.37 -1 1.000000
188 24 car -1 -1 -1 0 155 83 220 -1 -1 -1 -22.80 2.06 28.44 -1 1.000000
188 25 traffic light -1 -1 -1 840 30 881 113 -1 -1 -1 2.95 1.69 8.43 -1 1.000000
188 26 tracking error -1 -1 -1 364 184 467 262 -1 -1 -1 -3.98 1.72 14.62 -1 1.000000
188 27 car -1 -1 -1 207 179 273 207 -1 -1 -1 -22.08 1.77 43.04 -1 1.000000
188 28 car -1 -1 -1 125 179 209 212 -1 -1 -1 -22.39 1.76 36.39 -1 1.000000
189 1 car -1 -1 -1 572 175 630 222 -1 -1 -1 -0.24 1.82 25.39 -1 1.000000
189 25 traffic light -1 -1 -1 872 3 926 111 -1 -1 -1 2.94 1.67 7.28 -1 1.000000
189 26 tracking error -1 -1 -1 312 185 444 278 -1 -1 -1 -3.82 1.77 12.01 -1 1.000000
189 27 car -1 -1 -1 196 180 263 208 -1 -1 -1 -21.25 2.12 41.17 -1 1.000000
189 28 car -1 -1 -1 107 183 196 214 -1 -1 -1 -21.99 2.09 34.69 -1 1.000000
190 1 car -1 -1 -1 575 177 631 224 -1 -1 -1 -0.25 1.84 25.49 -1 1.000000
190 25 traffic light -1 -1 -1 916 1 983 97 -1 -1 -1 2.94 1.66 6.11 -1 1.000000
190 26 tracking error -1 -1 -1 261 189 410 306 -1 -1 -1 -3.60 1.77 9.85 -1 1.000000
190 27 car -1 -1 -1 184 181 253 211 -1 -1 -1 -21.28 2.22 40.02 -1 1.000000
190 28 car -1 -1 -1 87 185 184 218 -1 -1 -1 -22.00 2.19 33.80 -1 1.000000
191 1 car -1 -1 -1 576 177 631 224 -1 -1 -1 -0.22 1.86 25.62 -1 1.000000
191 25 traffic light -1 -1 -1 990 13 1074 73 -1 -1 -1 2.91 1.63 4.94 -1 1.000000
191 26 tracking error -1 -1 -1 78 193 359 370 -1 -1 -1 -3.55 1.76 6.95 -1 1.000000
191 27 car -1 -1 -1 168 187 244 214 -1 -1 -1 -21.16 2.25 38.58 -1 1.000000
191 28 car -1 -1 -1 69 186 173 222 -1 -1 -1 -22.09 2.32 32.27 -1 1.000000
191 29 car -1 -1 -1 496 180 551 215 -1 -1 -1 -3.76 1.98 30.85 -1 1.000000
192 1 car -1 -1 -1 576 177 632 223 -1 -1 -1 -0.18 1.85 25.72 -1 1.000000
192 25 traffic light -1 -1 -1 1113 1 1204 35 -1 -1 -1 2.95 1.60 3.78 -1 1.000000
192 26 tracking error -1 -1 -1 1 183 271 374 -1 -1 -1 -3.45 1.75 5.70 -1 1.000000
192 28 car -1 -1 -1 46 186 154 221 -1 -1 -1 -22.41 2.40 31.80 -1 1.000000
192 29 car -1 -1 -1 479 178 537 222 -1 -1 -1 -3.85 1.96 27.97 -1 1.000000
192 30 car -1 -1 -1 146 182 235 214 -1 -1 -1 -21.97 2.46 38.64 -1 1.000000
193 1 car -1 -1 -1 576 176 633 223 -1 -1 -1 -0.10 1.88 25.82 -1 1.000000
193 26 tracking error -1 -1 -1 0 210 213 375 -1 -1 -1 -3.59 1.73 4.61 -1 1.000000
193 28 car -1 -1 -1 0 184 140 217 -1 -1 -1 -22.51 2.37 30.81 -1 1.000000
193 29 car -1 -1 -1 467 178 531 227 -1 -1 -1 -3.80 1.94 25.13 -1 1.000000
193 30 car -1 -1 -1 145 185 221 215 -1 -1 -1 -21.85 2.35 37.38 -1 1.000000
194 1 car -1 -1 -1 578 176 635 223 -1 -1 -1 -0.10 1.90 25.93 -1 1.000000
194 26 tracking error -1 -1 -1 0 253 132 375 -1 -1 -1 -3.75 1.71 3.49 -1 1.000000
194 29 car -1 -1 -1 451 186 524 233 -1 -1 -1 -3.81 1.92 22.47 -1 1.000000
194 30 car -1 -1 -1 126 186 210 219 -1 -1 -1 -21.60 2.32 35.74 -1 1.000000
195 1 car -1 -1 -1 579 177 635 223 -1 -1 -1 -0.08 1.89 26.12 -1 1.000000
195 29 car -1 -1 -1 432 186 515 242 -1 -1 -1 -3.71 1.89 19.62 -1 1.000000
195 30 car -1 -1 -1 108 186 197 220 -1 -1 -1 -21.41 2.28 34.25 -1 1.000000
195 31 car -1 -1 -1 41 186 102 223 -1 -1 -1 -22.00 2.23 29.41 -1 1.000000
196 1 car -1 -1 -1 579 177 635 221 -1 -1 -1 -0.01 1.92 26.19 -1 1.000000
196 29 car -1 -1 -1 398 186 504 250 -1 -1 -1 -3.65 1.84 16.83 -1 1.000000
196 30 car -1 -1 -1 88 184 182 219 -1 -1 -1 -21.36 2.18 32.90 -1 1.000000
196 31 car -1 -1 -1 13 183 81 223 -1 -1 -1 -21.78 2.12 27.67 -1 1.000000
197 1 car -1 -1 -1 581 176 635 220 -1 -1 -1 -0.01 1.89 26.50 -1 1.000000
197 29 car -1 -1 -1 364 184 489 262 -1 -1 -1 -3.58 1.79 14.11 -1 1.000000
197 30 car -1 -1 -1 67 184 166 220 -1 -1 -1 -21.34 2.13 31.71 -1 1.000000
197 31 car -1 -1 -1 1 179 56 226 -1 -1 -1 -21.57 2.06 26.74 -1 1.000000
198 1 car -1 -1 -1 577 176 635 220 -1 -1 -1 -0.01 1.88 26.84 -1 1.000000
198 29 car -1 -1 -1 305 185 467 279 -1 -1 -1 -3.53 1.76 11.48 -1 1.000000
198 30 car -1 -1 -1 44 183 148 221 -1 -1 -1 -21.37 2.08 30.41 -1 1.000000
199 1 car -1 -1 -1 582 177 633 221 -1 -1 -1 0.02 1.93 27.14 -1 1.000000
199 29 car -1 -1 -1 207 192 438 318 -1 -1 -1 -3.47 1.73 8.73 -1 1.000000
199 30 car -1 -1 -1 13 180 130 222 -1 -1 -1 -21.55 1.97 29.41 -1 1.000000
200 1 car -1 -1 -1 583 177 633 221 -1 -1 -1 -0.05 1.91 27.38 -1 1.000000
200 29 car -1 -1 -1 1 189 398 374 -1 -1 -1 -3.35 1.73 6.37 -1 1.000000
200 30 car -1 -1 -1 1 184 108 241 -1 -1 -1 -21.36 2.06 28.32 -1 1.000000
201 1 car -1 -1 -1 581 177 633 220 -1 -1 -1 -0.03 1.94 27.46 -1 1.000000
201 29 car -1 -1 -1 1 182 316 374 -1 -1 -1 -3.18 1.69 5.19 -1 1.000000
201 32 car -1 -1 -1 1 184 82 216 -1 -1 -1 -21.46 1.99 27.83 -1 1.000000
202 1 car -1 -1 -1 580 176 633 219 -1 -1 -1 -0.06 1.86 27.59 -1 1.000000
202 29 car -1 -1 -1 0 222 224 375 -1 -1 -1 -3.20 1.66 3.46 -1 1.000000
202 32 car -1 -1 -1 0 184 57 206 -1 -1 -1 -21.86 1.95 26.98 -1 1.000000
203 1 car -1 -1 -1 581 174 632 217 -1 -1 -1 -0.04 1.84 27.70 -1 1.000000
203 29 car -1 -1 -1 7 300 64 375 -1 -1 -1 -3.21 1.65 1.80 -1 1.000000
203 33 car -1 -1 -1 503 174 566 208 -1 -1 -1 -3.93 1.93 34.91 -1 1.000000
204 1 car -1 -1 -1 585 175 633 217 -1 -1 -1 -0.03 1.79 27.81 -1 1.000000
204 33 car -1 -1 -1 490 175 545 211 -1 -1 -1 -3.97 1.87 31.98 -1 1.000000
205 1 car -1 -1 -1 583 174 633 217 -1 -1 -1 -0.00 1.84 27.83 -1 1.000000
205 33 car -1 -1 -1 485 175 541 215 -1 -1 -1 -3.90 1.88 28.90 -1 1.000000
206 1 car -1 -1 -1 584 172 633 215 -1 -1 -1 -0.03 1.78 27.97 -1 1.000000
206 33 car -1 -1 -1 472 175 532 218 -1 -1 -1 -3.93 1.82 26.07 -1 1.000000
207 1 car -1 -1 -1 585 171 634 214 -1 -1 -1 -0.04 1.73 28.07 -1 1.000000
207 33 car -1 -1 -1 455 174 526 221 -1 -1 -1 -3.87 1.77 23.36 -1 1.000000
208 1 car -1 -1 -1 572 173 634 214 -1 -1 -1 -0.09 1.72 28.39 -1 1.000000
208 33 car -1 -1 -1 434 175 515 233 -1 -1 -1 -3.81 1.77 20.45 -1 1.000000
209 1 car -1 -1 -1 580 174 634 217 -1 -1 -1 -0.05 1.86 28.61 -1 1.000000
209 33 car -1 -1 -1 407 178 504 246 -1 -1 -1 -3.73 1.82 17.68 -1 1.000000
210 1 car -1 -1 -1 578 175 634 218 -1 -1 -1 -0.06 1.94 28.81 -1 1.000000
210 33 car -1 -1 -1 361 179 487 259 -1 -1 -1 -3.66 1.83 14.77 -1 1.000000
210 34 car -1 -1 -1 516 177 580 210 -1 -1 -1 -3.83 2.11 37.92 -1 1.000000
211 1 car -1 -1 -1 582 174 633 218 -1 -1 -1 -0.06 1.92 28.86 -1 1.000000
211 33 car -1 -1 -1 310 179 464 281 -1 -1 -1 -3.60 1.79 11.86 -1 1.000000
211 34 car -1 -1 -1 509 179 555 213 -1 -1 -1 -3.75 2.04 34.65 -1 1.000000
212 1 car -1 -1 -1 584 174 632 217 -1 -1 -1 -0.06 1.87 29.09 -1 1.000000
212 33 car -1 -1 -1 214 182 434 313 -1 -1 -1 -3.52 1.72 9.03 -1 1.000000
212 34 car -1 -1 -1 501 164 553 214 -1 -1 -1 -3.75 1.91 31.58 -1 1.000000
213 1 car -1 -1 -1 569 174 632 216 -1 -1 -1 -0.13 1.86 29.22 -1 1.000000
213 33 car -1 -1 -1 15 179 383 370 -1 -1 -1 -3.38 1.67 6.42 -1 1.000000
213 34 car -1 -1 -1 484 176 541 218 -1 -1 -1 -3.72 1.86 28.30 -1 1.000000
214 1 car -1 -1 -1 584 173 632 215 -1 -1 -1 -0.10 1.80 29.34 -1 1.000000
214 33 car -1 -1 -1 0 190 300 375 -1 -1 -1 -3.36 1.66 3.59 -1 1.000000
214 34 car -1 -1 -1 471 177 535 223 -1 -1 -1 -3.64 1.82 25.31 -1 1.000000
215 1 car -1 -1 -1 584 172 632 215 -1 -1 -1 -0.06 1.84 29.38 -1 1.000000
215 34 car -1 -1 -1 461 177 526 230 -1 -1 -1 -3.59 1.81 22.36 -1 1.000000
216 1 car -1 -1 -1 576 173 631 216 -1 -1 -1 -0.10 1.83 29.54 -1 1.000000
216 34 car -1 -1 -1 439 177 516 238 -1 -1 -1 -3.58 1.77 19.37 -1 1.000000
217 1 car -1 -1 -1 570 174 631 216 -1 -1 -1 -0.09 1.95 29.49 -1 1.000000
217 34 car -1 -1 -1 413 180 503 247 -1 -1 -1 -3.43 1.80 16.54 -1 1.000000
218 1 car -1 -1 -1 578 163 631 217 -1 -1 -1 -0.14 1.90 29.62 -1 1.000000
218 34 car -1 -1 -1 369 182 486 266 -1 -1 -1 -3.41 1.77 13.64 -1 1.000000
219 1 car -1 -1 -1 578 178 631 218 -1 -1 -1 -0.11 1.97 29.62 -1 1.000000
219 34 car -1 -1 -1 306 177 460 286 -1 -1 -1 -3.34 1.74 10.90 -1 1.000000
220 1 car -1 -1 -1 569 179 631 219 -1 -1 -1 -0.09 2.09 29.59 -1 1.000000
220 34 car -1 -1 -1 206 187 424 335 -1 -1 -1 -3.21 1.73 8.10 -1 1.000000
221 1 car -1 -1 -1 569 179 632 218 -1 -1 -1 -0.16 2.06 29.70 -1 1.000000
221 34 car -1 -1 -1 1 189 359 369 -1 -1 -1 -3.07 1.69 5.53 -1 1.000000
222 1 car -1 -1 -1 581 178 632 218 -1 -1 -1 -0.08 2.02 29.72 -1 1.000000
222 34 car -1 -1 -1 1 189 222 374 -1 -1 -1 -2.98 1.68 4.48 -1 1.000000
222 35 car -1 -1 -1 501 181 553 220 -1 -1 -1 -3.44 2.00 29.67 -1 1.000000
223 1 car -1 -1 -1 580 165 632 217 -1 -1 -1 -0.08 1.94 29.82 -1 1.000000
223 35 car -1 -1 -1 489 182 547 222 -1 -1 -1 -3.38 1.90 26.77 -1 1.000000
223 36 road sign -1 -1 -1 700 169 713 236 -1 -1 -1 2.69 1.84 20.04 -1 1.000000
224 1 car -1 -1 -1 582 174 632 216 -1 -1 -1 -0.03 2.01 29.85 -1 1.000000
224 35 car -1 -1 -1 478 182 539 228 -1 -1 -1 -3.30 1.93 23.96 -1 1.000000
224 36 road sign -1 -1 -1 708 168 722 230 -1 -1 -1 2.71 1.86 18.57 -1 1.000000
225 1 car -1 -1 -1 576 164 633 216 -1 -1 -1 -0.04 1.95 29.93 -1 1.000000
225 35 car -1 -1 -1 449 115 531 236 -1 -1 -1 -3.28 1.87 21.13 -1 1.000000
225 36 road sign -1 -1 -1 715 165 730 243 -1 -1 -1 2.71 1.80 17.16 -1 1.000000
226 1 car -1 -1 -1 575 179 633 215 -1 -1 -1 -0.03 1.91 29.97 -1 1.000000
226 35 car -1 -1 -1 443 183 523 243 -1 -1 -1 -3.23 1.79 18.32 -1 1.000000
226 36 road sign -1 -1 -1 726 190 743 250 -1 -1 -1 2.72 1.78 15.64 -1 1.000000
227 35 car -1 -1 -1 414 184 512 255 -1 -1 -1 -3.15 1.77 15.53 -1 1.000000
227 36 road sign -1 -1 -1 738 190 756 254 -1 -1 -1 2.70 1.72 14.22 -1 1.000000
228 35 car -1 -1 -1 362 184 494 273 -1 -1 -1 -3.13 1.78 12.83 -1 1.000000
228 36 road sign -1 -1 -1 752 194 772 263 -1 -1 -1 2.72 1.71 12.84 -1 1.000000
229 35 car -1 -1 -1 304 191 468 300 -1 -1 -1 -3.07 1.75 10.05 -1 1.000000
229 36 road sign -1 -1 -1 770 197 793 270 -1 -1 -1 2.71 1.72 11.34 -1 1.000000
230 35 car -1 -1 -1 176 193 432 351 -1 -1 -1 -3.00 1.69 7.12 -1 1.000000
230 36 road sign -1 -1 -1 793 199 818 281 -1 -1 -1 2.71 1.73 9.85 -1 1.000000
231 35 car -1 -1 -1 1 210 362 371 -1 -1 -1 -2.92 1.62 4.86 -1 1.000000
231 36 road sign -1 -1 -1 823 198 852 294 -1 -1 -1 2.68 1.72 8.42 -1 1.000000
232 35 car -1 -1 -1 0 243 218 375 -1 -1 -1 -2.89 1.61 2.12 -1 1.000000
232 37 car -1 -1 -1 263 174 317 206 -1 -1 -1 -22.02 2.09 48.70 -1 1.000000
233 37 car -1 -1 -1 252 175 306 206 -1 -1 -1 -22.17 2.07 47.53 -1 1.000000
234 37 car -1 -1 -1 240 174 296 205 -1 -1 -1 -22.17 2.10 46.54 -1 1.000000
234 38 car -1 -1 -1 487 170 547 217 -1 -1 -1 -3.63 1.90 29.49 -1 1.000000
235 37 car -1 -1 -1 224 173 284 205 -1 -1 -1 -21.99 2.13 44.26 -1 1.000000
235 38 car -1 -1 -1 476 177 539 219 -1 -1 -1 -3.68 1.83 26.38 -1 1.000000
236 37 car -1 -1 -1 209 173 273 207 -1 -1 -1 -22.69 1.97 43.64 -1 1.000000
236 38 car -1 -1 -1 466 178 531 226 -1 -1 -1 -3.66 1.83 23.63 -1 1.000000
237 37 car -1 -1 -1 194 174 260 208 -1 -1 -1 -22.53 1.97 42.25 -1 1.000000
237 38 car -1 -1 -1 446 179 521 230 -1 -1 -1 -3.62 1.81 20.63 -1 1.000000
238 37 car -1 -1 -1 177 173 246 209 -1 -1 -1 -22.38 2.06 40.73 -1 1.000000
238 38 car -1 -1 -1 413 181 509 244 -1 -1 -1 -3.55 1.79 17.76 -1 1.000000
239 37 car -1 -1 -1 158 173 233 211 -1 -1 -1 -22.49 2.10 38.96 -1 1.000000
239 38 car -1 -1 -1 398 178 494 254 -1 -1 -1 -3.43 1.76 15.07 -1 1.000000
240 37 car -1 -1 -1 140 174 218 213 -1 -1 -1 -22.72 2.01 37.99 -1 1.000000
240 38 car -1 -1 -1 317 179 473 278 -1 -1 -1 -3.46 1.74 12.17 -1 1.000000
240 39 truck -1 -1 -1 524 148 588 201 -1 -1 -1 -4.13 2.02 48.32 -1 1.000000
241 37 car -1 -1 -1 117 174 204 216 -1 -1 -1 -22.40 2.26 35.91 -1 1.000000
241 38 car -1 -1 -1 240 185 444 312 -1 -1 -1 -3.38 1.74 9.28 -1 1.000000
241 39 truck -1 -1 -1 518 148 572 201 -1 -1 -1 -4.09 2.17 45.64 -1 1.000000
242 37 car -1 -1 -1 92 174 183 218 -1 -1 -1 -22.89 1.83 34.61 -1 1.000000
242 38 car -1 -1 -1 64 190 394 374 -1 -1 -1 -3.28 1.68 6.42 -1 1.000000
242 39 truck -1 -1 -1 511 148 569 204 -1 -1 -1 -4.29 1.94 43.04 -1 1.000000
243 37 car -1 -1 -1 63 176 169 207 -1 -1 -1 -22.98 1.83 33.30 -1 1.000000
243 38 car -1 -1 -1 1 190 302 374 -1 -1 -1 -2.95 1.67 4.79 -1 1.000000
243 39 truck -1 -1 -1 508 147 618 207 -1 -1 -1 -4.11 1.98 39.55 -1 1.000000
244 37 car -1 -1 -1 37 174 153 202 -1 -1 -1 -23.66 1.84 33.13 -1 1.000000
244 38 car -1 -1 -1 0 261 80 375 -1 -1 -1 -2.92 1.65 2.05 -1 1.000000
244 39 truck -1 -1 -1 500 144 562 210 -1 -1 -1 -4.00 1.91 36.45 -1 1.000000
244 40 car -1 -1 -1 567 174 627 212 -1 -1 -1 -0.46 1.89 32.57 -1 1.000000
245 39 truck -1 -1 -1 490 142 561 214 -1 -1 -1 -3.88 1.93 33.07 -1 1.000000
245 40 car -1 -1 -1 566 174 624 213 -1 -1 -1 -0.46 1.90 32.52 -1 1.000000
246 39 truck -1 -1 -1 481 134 560 213 -1 -1 -1 -3.84 1.84 30.09 -1 1.000000
246 40 car -1 -1 -1 565 175 622 211 -1 -1 -1 -0.50 1.86 32.58 -1 1.000000
247 39 truck -1 -1 -1 470 133 556 220 -1 -1 -1 -3.75 1.92 27.27 -1 1.000000
247 41 car -1 -1 -1 562 175 623 212 -1 -1 -1 -0.56 2.01 33.86 -1 1.000000
248 39 truck -1 -1 -1 451 132 549 230 -1 -1 -1 -3.76 1.87 24.35 -1 1.000000
248 41 car -1 -1 -1 563 178 622 213 -1 -1 -1 -0.63 1.98 33.72 -1 1.000000
249 41 car -1 -1 -1 562 178 622 214 -1 -1 -1 -0.64 2.00 33.46 -1 1.000000
249 42 unknown -1 -1 -1 430 147 514 205 -1 -1 -1 -4.13 1.84 21.14 -1 1.000000
250 41 car -1 -1 -1 564 176 622 214 -1 -1 -1 -0.61 1.96 33.74 -1 1.000000
250 43 truck -1 -1 -1 385 117 543 242 -1 -1 -1 -3.64 1.81 18.59 -1 1.000000
251 41 car -1 -1 -1 579 150 624 213 -1 -1 -1 -0.46 1.96 33.34 -1 1.000000
251 43 truck -1 -1 -1 369 107 533 239 -1 -1 -1 -3.39 1.78 15.83 -1 1.000000
252 39 truck -1 -1 -1 311 87 527 281 -1 -1 -1 -3.43 1.77 12.54 -1 1.000000
252 41 car -1 -1 -1 577 175 622 212 -1 -1 -1 -0.46 1.96 33.28 -1 1.000000
253 39 truck -1 -1 -1 193 64 521 305 -1 -1 -1 -3.37 1.73 9.76 -1 1.000000
253 41 car -1 -1 -1 566 175 621 212 -1 -1 -1 -0.50 1.97 33.53 -1 1.000000
254 39 truck -1 -1 -1 41 24 494 364 -1 -1 -1 -3.22 1.70 6.78 -1 1.000000
254 41 car -1 -1 -1 581 162 621 212 -1 -1 -1 -0.45 1.92 33.53 -1 1.000000
255 39 truck -1 -1 -1 0 0 382 375 -1 -1 -1 -3.20 1.70 3.94 -1 1.000000
255 41 car -1 -1 -1 581 161 621 212 -1 -1 -1 -0.45 1.87 34.03 -1 1.000000
256 39 truck -1 -1 -1 0 0 261 375 -1 -1 -1 -3.18 1.69 1.03 -1 1.000000
256 41 car -1 -1 -1 580 164 621 213 -1 -1 -1 -0.40 1.99 34.38 -1 1.000000
257 41 car -1 -1 -1 581 158 621 213 -1 -1 -1 -0.35 2.07 34.34 -1 1.000000
257 44 car -1 -1 -1 506 176 567 212 -1 -1 -1 -4.18 2.11 36.39 -1 1.000000
258 44 car -1 -1 -1 500 175 565 209 -1 -1 -1 -4.09 1.83 33.63 -1 1.000000
259 41 car -1 -1 -1 581 166 622 207 -1 -1 -1 -0.43 1.62 34.81 -1 1.000000
259 44 car -1 -1 -1 490 174 570 214 -1 -1 -1 -4.01 1.65 30.59 -1 1.000000
259 45 car -1 -1 -1 272 177 321 203 -1 -1 -1 -21.95 1.65 49.33 -1 1.000000
260 41 car -1 -1 -1 569 159 622 210 -1 -1 -1 -0.37 1.86 34.67 -1 1.000000
260 44 car -1 -1 -1 478 177 537 219 -1 -1 -1 -3.82 1.86 27.27 -1 1.000000
260 45 car -1 -1 -1 260 179 311 204 -1 -1 -1 -21.35 2.17 46.98 -1 1.000000
261 41 car -1 -1 -1 568 172 623 212 -1 -1 -1 -0.41 1.91 34.12 -1 1.000000
261 44 car -1 -1 -1 453 177 530 228 -1 -1 -1 -3.78 1.88 24.12 -1 1.000000
261 45 car -1 -1 -1 247 178 299 205 -1 -1 -1 -21.35 2.18 45.79 -1 1.000000
262 41 car -1 -1 -1 573 169 623 210 -1 -1 -1 -0.38 1.88 34.04 -1 1.000000
262 44 car -1 -1 -1 442 175 520 233 -1 -1 -1 -3.71 1.83 21.11 -1 1.000000
262 45 car -1 -1 -1 235 178 289 204 -1 -1 -1 -21.18 2.08 43.55 -1 1.000000
263 44 car -1 -1 -1 411 175 510 244 -1 -1 -1 -3.71 1.71 18.23 -1 1.000000
263 45 car -1 -1 -1 220 177 277 204 -1 -1 -1 -21.60 1.69 42.51 -1 1.000000
264 44 car -1 -1 -1 375 177 496 254 -1 -1 -1 -3.56 1.68 15.17 -1 1.000000
264 45 car -1 -1 -1 203 176 265 204 -1 -1 -1 -21.44 1.58 41.03 -1 1.000000
264 46 car -1 -1 -1 497 174 546 205 -1 -1 -1 -4.51 1.67 38.28 -1 1.000000
265 44 car -1 -1 -1 331 175 475 274 -1 -1 -1 -3.47 1.71 12.42 -1 1.000000
265 45 car -1 -1 -1 184 177 249 206 -1 -1 -1 -21.27 1.83 38.99 -1 1.000000
265 46 car -1 -1 -1 490 172 546 207 -1 -1 -1 -4.42 1.82 35.23 -1 1.000000
266 44 car -1 -1 -1 247 177 449 306 -1 -1 -1 -3.42 1.70 9.47 -1 1.000000
266 45 car -1 -1 -1 164 176 235 208 -1 -1 -1 -21.27 1.77 37.41 -1 1.000000
266 46 car -1 -1 -1 478 161 536 212 -1 -1 -1 -4.47 1.78 31.91 -1 1.000000
267 44 car -1 -1 -1 80 176 403 374 -1 -1 -1 -3.38 1.67 6.63 -1 1.000000
267 45 car -1 -1 -1 143 180 215 210 -1 -1 -1 -21.63 1.66 35.48 -1 1.000000
267 46 car -1 -1 -1 468 172 531 217 -1 -1 -1 -4.51 1.73 28.91 -1 1.000000
268 44 car -1 -1 -1 31 172 329 374 -1 -1 -1 -3.09 1.69 4.66 -1 1.000000
268 46 car -1 -1 -1 450 178 522 223 -1 -1 -1 -4.37 1.74 25.59 -1 1.000000
269 44 car -1 -1 -1 0 225 174 375 -1 -1 -1 -3.06 1.69 1.95 -1 1.000000
269 46 car -1 -1 -1 434 179 512 229 -1 -1 -1 -4.27 1.73 22.51 -1 1.000000
269 47 car -1 -1 -1 93 177 181 216 -1 -1 -1 -21.71 1.78 33.10 -1 1.000000
270 46 car -1 -1 -1 408 180 502 239 -1 -1 -1 -4.13 1.75 19.53 -1 1.000000
270 47 car -1 -1 -1 67 179 160 219 -1 -1 -1 -21.62 1.88 31.54 -1 1.000000
270 48 car -1 -1 -1 506 170 572 204 -1 -1 -1 -4.34 1.79 39.05 -1 1.000000
271 46 car -1 -1 -1 377 183 488 251 -1 -1 -1 -4.05 1.73 16.65 -1 1.000000
271 47 car -1 -1 -1 40 179 138 217 -1 -1 -1 -21.76 1.82 29.98 -1 1.000000
271 48 car -1 -1 -1 496 171 547 207 -1 -1 -1 -4.34 1.76 36.73 -1 1.000000
272 46 car -1 -1 -1 333 183 469 264 -1 -1 -1 -3.88 1.73 13.66 -1 1.000000
272 47 car -1 -1 -1 1 183 112 224 -1 -1 -1 -21.55 1.87 28.32 -1 1.000000
272 48 car -1 -1 -1 488 171 544 210 -1 -1 -1 -4.21 1.81 33.56 -1 1.000000
273 46 car -1 -1 -1 256 185 442 294 -1 -1 -1 -3.72 1.73 10.78 -1 1.000000
273 47 car -1 -1 -1 1 181 84 227 -1 -1 -1 -21.38 1.90 27.10 -1 1.000000
273 48 car -1 -1 -1 483 171 541 214 -1 -1 -1 -4.14 1.81 30.64 -1 1.000000
274 46 car -1 -1 -1 123 185 402 350 -1 -1 -1 -3.60 1.71 7.67 -1 1.000000
274 47 car -1 -1 -1 1 181 52 226 -1 -1 -1 -21.15 1.84 26.03 -1 1.000000
274 48 car -1 -1 -1 469 171 565 219 -1 -1 -1 -4.03 1.77 27.79 -1 1.000000
274 49 car -1 -1 -1 229 175 291 202 -1 -1 -1 -21.82 1.92 44.30 -1 1.000000
275 46 car -1 -1 -1 1 185 345 369 -1 -1 -1 -3.40 1.69 6.11 -1 1.000000
275 47 car -1 -1 -1 0 189 20 229 -1 -1 -1 -21.14 1.86 24.36 -1 1.000000
275 48 car -1 -1 -1 462 171 526 223 -1 -1 -1 -3.98 1.78 25.02 -1 1.000000
275 49 car -1 -1 -1 210 179 272 207 -1 -1 -1 -21.83 1.95 42.70 -1 1.000000
276 46 car -1 -1 -1 1 204 212 374 -1 -1 -1 -3.29 1.71 4.98 -1 1.000000
276 48 car -1 -1 -1 438 170 517 232 -1 -1 -1 -3.92 1.77 21.96 -1 1.000000
276 49 car -1 -1 -1 200 177 260 204 -1 -1 -1 -21.40 1.98 40.71 -1 1.000000
276 50 car -1 -1 -1 256 170 313 201 -1 -1 -1 -20.91 2.00 47.49 -1 1.000000
277 48 car -1 -1 -1 413 172 508 241 -1 -1 -1 -3.89 1.75 19.09 -1 1.000000
277 49 car -1 -1 -1 182 177 246 205 -1 -1 -1 -21.29 1.94 38.83 -1 1.000000
277 50 car -1 -1 -1 244 174 302 201 -1 -1 -1 -20.79 1.95 45.25 -1 1.000000
277 51 unknown -1 -1 -1 0 232 144 375 -1 -1 -1 -3.32 1.71 3.69 -1 1.000000
278 48 car -1 -1 -1 385 171 493 253 -1 -1 -1 -3.80 1.73 16.10 -1 1.000000
278 49 car -1 -1 -1 162 177 230 207 -1 -1 -1 -21.40 1.86 37.35 -1 1.000000
278 50 car -1 -1 -1 228 174 291 202 -1 -1 -1 -20.92 1.87 43.31 -1 1.000000
279 48 car -1 -1 -1 331 168 474 271 -1 -1 -1 -3.70 1.72 13.26 -1 1.000000
279 49 car -1 -1 -1 139 177 215 209 -1 -1 -1 -21.43 1.88 35.61 -1 1.000000
279 50 car -1 -1 -1 213 174 280 203 -1 -1 -1 -20.91 1.90 42.11 -1 1.000000
279 52 car -1 -1 -1 509 176 556 206 -1 -1 -1 -3.97 1.84 37.73 -1 1.000000
280 48 car -1 -1 -1 244 168 447 305 -1 -1 -1 -3.63 1.72 10.28 -1 1.000000
280 49 car -1 -1 -1 119 177 198 211 -1 -1 -1 -21.46 1.86 34.14 -1 1.000000
280 50 car -1 -1 -1 194 176 266 205 -1 -1 -1 -20.99 1.88 40.33 -1 1.000000
280 52 car -1 -1 -1 503 177 549 207 -1 -1 -1 -3.97 1.76 34.71 -1 1.000000
280 53 road sign -1 -1 -1 739 190 759 267 -1 -1 -1 2.48 1.68 12.81 -1 1.000000
281 48 car -1 -1 -1 102 167 405 354 -1 -1 -1 -3.48 1.70 7.34 -1 1.000000
281 49 car -1 -1 -1 98 177 176 214 -1 -1 -1 -21.34 1.96 32.32 -1 1.000000
281 50 car -1 -1 -1 173 175 254 208 -1 -1 -1 -20.99 1.92 38.69 -1 1.000000
281 52 car -1 -1 -1 493 178 543 213 -1 -1 -1 -3.96 1.82 31.66 -1 1.000000
281 53 road sign -1 -1 -1 757 193 782 270 -1 -1 -1 2.49 1.68 11.17 -1 1.000000
282 48 car -1 -1 -1 1 169 330 373 -1 -1 -1 -3.25 1.70 5.12 -1 1.000000
282 49 car -1 -1 -1 69 176 152 217 -1 -1 -1 -21.34 1.96 30.68 -1 1.000000
282 52 car -1 -1 -1 480 180 537 218 -1 -1 -1 -3.98 1.82 28.89 -1 1.000000
282 53 road sign -1 -1 -1 783 197 811 281 -1 -1 -1 2.50 1.68 9.52 -1 1.000000
283 48 car -1 -1 -1 0 170 171 375 -1 -1 -1 -3.24 1.67 2.27 -1 1.000000
283 52 car -1 -1 -1 472 164 531 219 -1 -1 -1 -3.85 1.79 25.97 -1 1.000000
283 54 car -1 -1 -1 141 177 222 212 -1 -1 -1 -20.94 1.91 35.27 -1 1.000000
284 52 car -1 -1 -1 446 180 522 228 -1 -1 -1 -3.88 1.74 23.17 -1 1.000000
284 54 car -1 -1 -1 101 175 203 215 -1 -1 -1 -20.93 1.86 33.35 -1 1.000000
285 52 car -1 -1 -1 426 182 512 238 -1 -1 -1 -3.87 1.73 20.33 -1 1.000000
285 54 car -1 -1 -1 84 175 178 217 -1 -1 -1 -21.03 1.82 31.85 -1 1.000000
286 52 car -1 -1 -1 398 183 499 248 -1 -1 -1 -3.78 1.74 17.26 -1 1.000000
286 54 car -1 -1 -1 32 171 152 219 -1 -1 -1 -21.03 1.86 29.80 -1 1.000000
287 52 car -1 -1 -1 348 184 481 264 -1 -1 -1 -3.76 1.72 14.44 -1 1.000000
287 54 car -1 -1 -1 1 175 115 221 -1 -1 -1 -21.13 1.82 28.27 -1 1.000000
287 55 car -1 -1 -1 574 164 633 212 -1 -1 -1 -0.20 1.70 32.11 -1 1.000000
288 52 car -1 -1 -1 289 182 458 287 -1 -1 -1 -3.69 1.71 11.42 -1 1.000000
288 54 car -1 -1 -1 1 179 75 226 -1 -1 -1 -20.97 1.87 26.83 -1 1.000000
288 55 car -1 -1 -1 570 170 633 210 -1 -1 -1 -0.21 1.73 32.24 -1 1.000000
289 52 car -1 -1 -1 178 187 429 320 -1 -1 -1 -3.61 1.70 8.87 -1 1.000000
289 54 car -1 -1 -1 0 178 33 224 -1 -1 -1 -21.03 1.84 25.20 -1 1.000000
289 55 car -1 -1 -1 572 162 633 210 -1 -1 -1 -0.32 1.45 32.53 -1 1.000000
290 52 car -1 -1 -1 1 189 373 372 -1 -1 -1 -3.36 1.71 6.47 -1 1.000000
290 55 car -1 -1 -1 572 169 633 210 -1 -1 -1 -0.14 1.66 32.29 -1 1.000000
291 52 car -1 -1 -1 0 204 273 375 -1 -1 -1 -3.34 1.71 3.70 -1 1.000000
291 55 car -1 -1 -1 571 168 634 209 -1 -1 -1 -0.22 1.58 32.35 -1 1.000000
292 52 car -1 -1 -1 0 313 7 375 -1 -1 -1 -3.31 1.71 0.94 -1 1.000000
292 55 car -1 -1 -1 573 168 635 210 -1 -1 -1 -0.15 1.65 32.43 -1 1.000000
293 55 car -1 -1 -1 580 168 637 210 -1 -1 -1 -0.14 1.56 32.11 -1 1.000000
294 55 car -1 -1 -1 573 171 636 212 -1 -1 -1 -0.20 1.47 32.32 -1 1.000000
295 55 car -1 -1 -1 574 171 638 213 -1 -1 -1 -0.07 1.75 32.20 -1 1.000000
296 55 car -1 -1 -1 576 165 633 212 -1 -1 -1 -0.05 1.76 32.12 -1 1.000000
