1 0 bicycle -1 -1 -1 1000 200 1081 266 -1 -1 -1 7.16 1.35 11.83 -1 1.000000
1 1 car -1 -1 -1 532 156 743 251 -1 -1 -1 0.68 1.19 12.27 -1 1.000000
1 2 car -1 -1 -1 201 143 477 255 -1 -1 -1 -4.70 1.11 11.52 -1 1.000000
2 0 bicycle -1 -1 -1 985 200 1066 270 -1 -1 -1 6.78 1.32 11.60 -1 1.000000
2 1 car -1 -1 -1 533 156 741 250 -1 -1 -1 0.66 1.17 12.17 -1 1.000000
2 2 car -1 -1 -1 198 144 472 254 -1 -1 -1 -4.75 1.10 11.54 -1 1.000000
3 0 bicycle -1 -1 -1 971 201 1049 264 -1 -1 -1 6.52 1.33 11.47 -1 1.000000
3 1 car -1 -1 -1 533 156 741 249 -1 -1 -1 0.66 1.16 12.25 -1 1.000000
3 2 car -1 -1 -1 196 144 470 255 -1 -1 -1 -4.80 1.08 11.55 -1 1.000000
4 0 bicycle -1 -1 -1 953 194 1037 268 -1 -1 -1 6.28 1.32 11.42 -1 1.000000
4 1 car -1 -1 -1 534 157 741 249 -1 -1 -1 0.66 1.15 12.24 -1 1.000000
4 2 car -1 -1 -1 195 144 468 255 -1 -1 -1 -4.79 1.07 11.56 -1 1.000000
5 0 bicycle -1 -1 -1 935 190 1023 272 -1 -1 -1 5.97 1.33 11.28 -1 1.000000
5 1 car -1 -1 -1 534 157 741 249 -1 -1 -1 0.66 1.16 12.25 -1 1.000000
5 2 car -1 -1 -1 196 143 471 255 -1 -1 -1 -4.78 1.09 11.49 -1 1.000000
6 0 bicycle -1 -1 -1 917 202 1008 269 -1 -1 -1 5.64 1.35 11.18 -1 1.000000
6 1 car -1 -1 -1 534 159 741 250 -1 -1 -1 0.65 1.19 12.12 -1 1.000000
6 2 car -1 -1 -1 197 146 469 253 -1 -1 -1 -4.76 1.10 11.49 -1 1.000000
7 0 bicycle -1 -1 -1 900 202 992 269 -1 -1 -1 5.27 1.33 11.07 -1 1.000000
7 1 car -1 -1 -1 534 158 741 251 -1 -1 -1 0.65 1.17 12.13 -1 1.000000
7 2 car -1 -1 -1 197 147 469 254 -1 -1 -1 -4.78 1.09 11.45 -1 1.000000
8 0 bicycle -1 -1 -1 881 201 976 270 -1 -1 -1 4.88 1.34 10.90 -1 1.000000
8 1 car -1 -1 -1 533 158 741 250 -1 -1 -1 0.64 1.17 12.17 -1 1.000000
8 2 car -1 -1 -1 198 146 470 254 -1 -1 -1 -4.79 1.09 11.55 -1 1.000000
9 0 bicycle -1 -1 -1 863 201 960 270 -1 -1 -1 4.62 1.33 10.82 -1 1.000000
9 1 car -1 -1 -1 535 159 741 250 -1 -1 -1 0.68 1.16 12.25 -1 1.000000
9 2 car -1 -1 -1 198 146 469 253 -1 -1 -1 -4.66 1.10 11.45 -1 1.000000
10 0 bicycle -1 -1 -1 874 208 943 269 -1 -1 -1 4.62 1.36 10.75 -1 1.000000
10 1 car -1 -1 -1 535 159 740 251 -1 -1 -1 0.68 1.20 12.24 -1 1.000000
10 2 car -1 -1 -1 196 146 469 254 -1 -1 -1 -4.57 1.12 11.48 -1 1.000000
10 3 person -1 -1 -1 867 166 935 229 -1 -1 -1 4.39 1.37 10.56 -1 1.000000
11 0 bicycle -1 -1 -1 864 211 925 269 -1 -1 -1 4.36 1.34 10.61 -1 1.000000
11 1 car -1 -1 -1 534 158 740 250 -1 -1 -1 0.68 1.16 12.27 -1 1.000000
11 2 car -1 -1 -1 197 145 471 254 -1 -1 -1 -4.70 1.10 11.35 -1 1.000000
11 3 person -1 -1 -1 851 165 914 221 -1 -1 -1 4.11 1.34 10.47 -1 1.000000
12 0 bicycle -1 -1 -1 814 199 910 276 -1 -1 -1 3.70 1.34 10.46 -1 1.000000
12 1 car -1 -1 -1 534 158 741 250 -1 -1 -1 0.66 1.20 12.13 -1 1.000000
12 2 car -1 -1 -1 203 146 456 255 -1 -1 -1 -4.80 1.12 11.39 -1 1.000000
12 3 person -1 -1 -1 835 166 901 231 -1 -1 -1 3.87 1.35 10.33 -1 1.000000
12 4 unknown -1 -1 -1 403 160 464 210 -1 -1 -1 -2.63 1.15 11.72 -1 1.000000
13 0 bicycle -1 -1 -1 798 202 892 277 -1 -1 -1 3.41 1.33 10.28 -1 1.000000
13 1 car -1 -1 -1 535 157 741 251 -1 -1 -1 0.64 1.18 12.04 -1 1.000000
13 2 car -1 -1 -1 198 147 469 254 -1 -1 -1 -4.72 1.10 11.47 -1 1.000000
13 3 person -1 -1 -1 816 167 887 229 -1 -1 -1 3.55 1.34 10.15 -1 1.000000
14 0 bicycle -1 -1 -1 781 202 876 280 -1 -1 -1 3.13 1.34 10.11 -1 1.000000
14 1 car -1 -1 -1 535 158 741 250 -1 -1 -1 0.65 1.18 12.08 -1 1.000000
14 2 car -1 -1 -1 198 146 469 253 -1 -1 -1 -4.79 1.09 11.51 -1 1.000000
14 3 person -1 -1 -1 799 166 869 217 -1 -1 -1 3.23 1.35 10.00 -1 1.000000
15 0 bicycle -1 -1 -1 765 202 858 283 -1 -1 -1 2.83 1.34 9.96 -1 1.000000
15 1 car -1 -1 -1 537 158 742 250 -1 -1 -1 0.71 1.14 12.38 -1 1.000000
15 2 car -1 -1 -1 196 147 468 254 -1 -1 -1 -4.86 1.08 11.58 -1 1.000000
15 3 person -1 -1 -1 783 166 858 219 -1 -1 -1 2.95 1.35 9.81 -1 1.000000
16 0 bicycle -1 -1 -1 749 200 840 285 -1 -1 -1 2.53 1.34 9.77 -1 1.000000
16 1 car -1 -1 -1 538 158 744 250 -1 -1 -1 0.73 1.15 12.28 -1 1.000000
16 2 car -1 -1 -1 199 145 468 253 -1 -1 -1 -4.67 1.08 11.49 -1 1.000000
16 3 person -1 -1 -1 766 165 838 222 -1 -1 -1 2.68 1.35 9.66 -1 1.000000
17 0 bicycle -1 -1 -1 733 202 823 290 -1 -1 -1 2.23 1.36 9.54 -1 1.000000
17 1 car -1 -1 -1 536 158 746 251 -1 -1 -1 0.71 1.18 12.21 -1 1.000000
17 2 car -1 -1 -1 196 146 469 254 -1 -1 -1 -4.66 1.11 11.45 -1 1.000000
18 0 bicycle -1 -1 -1 715 202 806 303 -1 -1 -1 1.94 1.37 9.32 -1 1.000000
18 1 car -1 -1 -1 546 159 737 248 -1 -1 -1 0.67 1.18 12.39 -1 1.000000
18 2 car -1 -1 -1 197 146 469 254 -1 -1 -1 -4.75 1.12 11.48 -1 1.000000
19 0 bicycle -1 -1 -1 696 199 790 303 -1 -1 -1 1.66 1.38 9.09 -1 1.000000
19 1 car -1 -1 -1 514 158 723 251 -1 -1 -1 0.36 1.19 12.27 -1 1.000000
19 2 car -1 -1 -1 197 146 471 254 -1 -1 -1 -4.73 1.12 11.49 -1 1.000000
19 5 unknown -1 -1 -1 1 55 274 240 -1 -1 -1 -9.37 0.88 14.14 -1 1.000000
20 0 bicycle -1 -1 -1 678 201 773 303 -1 -1 -1 1.40 1.38 8.88 -1 1.000000
20 1 car -1 -1 -1 514 159 724 252 -1 -1 -1 0.18 1.18 12.12 -1 1.000000
20 2 car -1 -1 -1 197 146 470 254 -1 -1 -1 -4.76 1.10 11.48 -1 1.000000
20 4 unknown -1 -1 -1 422 157 465 217 -1 -1 -1 -2.57 1.14 11.78 -1 1.000000
20 5 unknown -1 -1 -1 1 49 273 240 -1 -1 -1 -9.32 0.87 14.13 -1 1.000000
21 0 bicycle -1 -1 -1 659 202 756 303 -1 -1 -1 1.13 1.38 8.67 -1 1.000000
21 1 car -1 -1 -1 518 155 735 250 -1 -1 -1 -0.03 1.18 12.03 -1 1.000000
21 2 car -1 -1 -1 198 146 469 254 -1 -1 -1 -4.68 1.12 11.40 -1 1.000000
21 4 unknown -1 -1 -1 422 157 465 217 -1 -1 -1 -2.58 1.14 11.72 -1 1.000000
21 5 unknown -1 -1 -1 1 46 274 239 -1 -1 -1 -9.38 0.87 14.11 -1 1.000000
21 6 unknown -1 -1 -1 260 156 326 198 -1 -1 -1 -4.98 1.11 11.27 -1 1.000000
21 7 unknown -1 -1 -1 199 180 266 210 -1 -1 -1 -6.01 1.10 11.08 -1 1.000000
22 0 bicycle -1 -1 -1 638 207 739 312 -1 -1 -1 0.90 1.39 8.46 -1 1.000000
22 1 car -1 -1 -1 518 149 718 251 -1 -1 -1 -0.10 1.20 11.82 -1 1.000000
22 2 car -1 -1 -1 197 146 468 254 -1 -1 -1 -4.78 1.11 11.48 -1 1.000000
22 4 unknown -1 -1 -1 424 159 465 217 -1 -1 -1 -2.57 1.15 11.75 -1 1.000000
22 5 unknown -1 -1 -1 1 48 273 239 -1 -1 -1 -9.49 0.89 14.12 -1 1.000000
22 6 unknown -1 -1 -1 261 163 317 198 -1 -1 -1 -4.95 1.13 11.23 -1 1.000000
22 7 unknown -1 -1 -1 198 180 264 213 -1 -1 -1 -6.03 1.11 11.09 -1 1.000000
23 0 bicycle -1 -1 -1 620 205 721 319 -1 -1 -1 0.66 1.39 8.24 -1 1.000000
23 1 car -1 -1 -1 520 158 661 255 -1 -1 -1 -0.20 1.19 11.74 -1 1.000000
23 2 car -1 -1 -1 198 145 468 254 -1 -1 -1 -4.63 1.13 11.31 -1 1.000000
23 5 unknown -1 -1 -1 1 53 273 240 -1 -1 -1 -9.45 0.86 14.15 -1 1.000000
23 6 unknown -1 -1 -1 260 164 317 199 -1 -1 -1 -4.95 1.11 11.22 -1 1.000000
23 7 unknown -1 -1 -1 198 180 265 214 -1 -1 -1 -6.01 1.10 11.08 -1 1.000000
24 0 bicycle -1 -1 -1 597 196 718 322 -1 -1 -1 0.44 1.40 8.05 -1 1.000000
24 1 car -1 -1 -1 514 162 655 252 -1 -1 -1 -0.48 1.19 11.77 -1 1.000000
24 2 car -1 -1 -1 198 146 468 254 -1 -1 -1 -4.80 1.11 11.46 -1 1.000000
24 5 unknown -1 -1 -1 1 51 274 240 -1 -1 -1 -9.48 0.89 14.17 -1 1.000000
24 6 unknown -1 -1 -1 261 161 318 198 -1 -1 -1 -4.95 1.13 11.23 -1 1.000000
24 7 unknown -1 -1 -1 199 180 266 209 -1 -1 -1 -5.98 1.12 11.08 -1 1.000000
24 8 unknown -1 -1 -1 394 174 463 209 -1 -1 -1 -2.74 1.16 11.59 -1 1.000000
25 0 bicycle -1 -1 -1 578 192 685 327 -1 -1 -1 0.20 1.41 7.80 -1 1.000000
25 1 car -1 -1 -1 515 171 628 251 -1 -1 -1 -0.68 1.18 11.77 -1 1.000000
25 2 car -1 -1 -1 197 145 468 254 -1 -1 -1 -4.80 1.11 11.49 -1 1.000000
25 5 unknown -1 -1 -1 1 48 273 240 -1 -1 -1 -9.39 0.87 14.14 -1 1.000000
25 6 unknown -1 -1 -1 260 164 316 198 -1 -1 -1 -4.97 1.12 11.23 -1 1.000000
25 7 unknown -1 -1 -1 198 180 265 209 -1 -1 -1 -5.96 1.11 11.06 -1 1.000000
25 8 unknown -1 -1 -1 395 174 464 206 -1 -1 -1 -2.72 1.15 11.52 -1 1.000000
25 9 car -1 -1 -1 599 160 744 250 -1 -1 -1 1.69 1.21 12.26 -1 1.000000
26 0 bicycle -1 -1 -1 554 217 668 335 -1 -1 -1 -0.03 1.42 7.56 -1 1.000000
26 1 car -1 -1 -1 514 172 613 250 -1 -1 -1 -0.89 1.17 11.82 -1 1.000000
26 2 car -1 -1 -1 198 146 470 254 -1 -1 -1 -4.79 1.11 11.52 -1 1.000000
26 5 unknown -1 -1 -1 1 69 274 238 -1 -1 -1 -9.46 0.87 14.15 -1 1.000000
26 6 unknown -1 -1 -1 260 164 317 198 -1 -1 -1 -4.99 1.12 11.27 -1 1.000000
26 7 unknown -1 -1 -1 198 180 266 209 -1 -1 -1 -5.95 1.11 11.06 -1 1.000000
26 8 unknown -1 -1 -1 397 167 464 206 -1 -1 -1 -2.78 1.14 11.62 -1 1.000000
26 9 car -1 -1 -1 636 162 739 250 -1 -1 -1 1.62 1.21 12.24 -1 1.000000
27 0 bicycle -1 -1 -1 528 221 648 344 -1 -1 -1 -0.26 1.42 7.28 -1 1.000000
27 1 car -1 -1 -1 513 185 586 244 -1 -1 -1 -1.15 1.13 11.86 -1 1.000000
27 2 car -1 -1 -1 199 145 468 254 -1 -1 -1 -4.84 1.07 11.54 -1 1.000000
27 5 unknown -1 -1 -1 1 19 273 240 -1 -1 -1 -9.52 0.81 14.11 -1 1.000000
27 6 unknown -1 -1 -1 260 164 317 198 -1 -1 -1 -4.98 1.08 11.26 -1 1.000000
27 7 unknown -1 -1 -1 198 180 265 220 -1 -1 -1 -5.98 1.07 11.07 -1 1.000000
27 9 car -1 -1 -1 567 158 741 250 -1 -1 -1 1.45 1.18 12.26 -1 1.000000
28 0 bicycle -1 -1 -1 502 200 629 335 -1 -1 -1 -0.49 1.44 7.02 -1 1.000000
28 2 car -1 -1 -1 199 145 467 254 -1 -1 -1 -4.80 1.09 11.50 -1 1.000000
28 5 unknown -1 -1 -1 1 50 273 239 -1 -1 -1 -9.31 0.85 14.14 -1 1.000000
28 9 car -1 -1 -1 592 161 739 249 -1 -1 -1 1.22 1.19 12.16 -1 1.000000
29 0 bicycle -1 -1 -1 475 202 607 369 -1 -1 -1 -0.67 1.45 6.75 -1 1.000000
29 2 car -1 -1 -1 198 144 494 254 -1 -1 -1 -4.77 1.13 11.53 -1 1.000000
29 9 car -1 -1 -1 582 162 738 249 -1 -1 -1 1.13 1.21 12.23 -1 1.000000
30 0 bicycle -1 -1 -1 444 165 585 369 -1 -1 -1 -0.83 1.46 6.50 -1 1.000000
30 2 car -1 -1 -1 199 145 481 254 -1 -1 -1 -4.86 1.11 11.52 -1 1.000000
30 9 car -1 -1 -1 505 160 740 248 -1 -1 -1 0.87 1.18 12.19 -1 1.000000
31 0 bicycle -1 -1 -1 410 178 582 368 -1 -1 -1 -1.00 1.48 6.25 -1 1.000000
31 2 car -1 -1 -1 199 144 487 253 -1 -1 -1 -4.89 1.10 11.53 -1 1.000000
31 9 car -1 -1 -1 548 157 741 250 -1 -1 -1 0.78 1.17 12.20 -1 1.000000
31 10 unknown -1 -1 -1 9 155 81 241 -1 -1 -1 -8.70 1.05 11.25 -1 1.000000
32 0 bicycle -1 -1 -1 376 230 538 369 -1 -1 -1 -1.33 1.47 5.98 -1 1.000000
32 2 car -1 -1 -1 199 143 471 254 -1 -1 -1 -5.08 1.12 11.34 -1 1.000000
32 9 car -1 -1 -1 541 158 741 250 -1 -1 -1 0.74 1.19 12.21 -1 1.000000
32 10 unknown -1 -1 -1 10 155 81 242 -1 -1 -1 -8.76 1.05 11.30 -1 1.000000
33 0 bicycle -1 -1 -1 336 236 531 369 -1 -1 -1 -1.48 1.48 5.75 -1 1.000000
33 2 car -1 -1 -1 199 142 450 254 -1 -1 -1 -5.16 1.15 11.15 -1 1.000000
33 9 car -1 -1 -1 536 158 741 250 -1 -1 -1 0.68 1.22 12.15 -1 1.000000
33 10 unknown -1 -1 -1 10 156 80 240 -1 -1 -1 -8.72 1.07 11.25 -1 1.000000
34 0 bicycle -1 -1 -1 292 245 486 369 -1 -1 -1 -1.67 1.50 5.47 -1 1.000000
34 2 car -1 -1 -1 198 147 470 253 -1 -1 -1 -5.30 1.12 11.12 -1 1.000000
34 9 car -1 -1 -1 535 158 741 250 -1 -1 -1 0.68 1.17 12.22 -1 1.000000
34 10 unknown -1 -1 -1 10 155 80 240 -1 -1 -1 -8.74 1.04 11.26 -1 1.000000
34 11 car -1 -1 -1 380 157 468 231 -1 -1 -1 -2.60 1.15 11.50 -1 1.000000
35 0 bicycle -1 -1 -1 243 261 457 368 -1 -1 -1 -1.87 1.49 5.31 -1 1.000000
35 2 car -1 -1 -1 193 150 356 253 -1 -1 -1 -5.42 1.12 10.99 -1 1.000000
35 9 car -1 -1 -1 535 158 741 250 -1 -1 -1 0.69 1.18 12.30 -1 1.000000
35 10 unknown -1 -1 -1 10 155 80 241 -1 -1 -1 -8.81 1.03 11.30 -1 1.000000
35 11 car -1 -1 -1 336 150 468 239 -1 -1 -1 -2.74 1.15 11.52 -1 1.000000
36 0 bicycle -1 -1 -1 211 250 425 369 -1 -1 -1 -2.03 1.50 5.10 -1 1.000000
36 2 car -1 -1 -1 193 153 339 256 -1 -1 -1 -5.65 1.11 10.92 -1 1.000000
36 9 car -1 -1 -1 534 158 741 251 -1 -1 -1 0.65 1.17 12.28 -1 1.000000
36 10 unknown -1 -1 -1 10 156 80 240 -1 -1 -1 -8.77 1.02 11.30 -1 1.000000
36 11 car -1 -1 -1 271 147 467 251 -1 -1 -1 -3.04 1.13 11.49 -1 1.000000
37 0 bicycle -1 -1 -1 134 263 389 369 -1 -1 -1 -2.22 1.52 4.84 -1 1.000000
37 9 car -1 -1 -1 535 158 741 251 -1 -1 -1 0.65 1.18 12.20 -1 1.000000
37 10 unknown -1 -1 -1 8 178 80 244 -1 -1 -1 -8.91 0.99 11.60 -1 1.000000
37 11 car -1 -1 -1 294 145 471 252 -1 -1 -1 -3.14 1.13 11.49 -1 1.000000
37 12 person -1 -1 -1 192 172 345 277 -1 -1 -1 -2.19 1.52 4.78 -1 1.000000
38 0 bicycle -1 -1 -1 86 265 351 368 -1 -1 -1 -2.41 1.52 4.62 -1 1.000000
38 9 car -1 -1 -1 534 158 741 251 -1 -1 -1 0.67 1.17 12.23 -1 1.000000
38 10 unknown -1 -1 -1 31 180 82 243 -1 -1 -1 -8.93 0.99 11.67 -1 1.000000
38 11 car -1 -1 -1 250 147 467 251 -1 -1 -1 -3.41 1.12 11.50 -1 1.000000
38 12 person -1 -1 -1 143 173 303 293 -1 -1 -1 -2.40 1.53 4.51 -1 1.000000
39 0 bicycle -1 -1 -1 67 268 308 369 -1 -1 -1 -2.55 1.52 4.43 -1 1.000000
39 9 car -1 -1 -1 534 157 741 251 -1 -1 -1 0.66 1.18 12.16 -1 1.000000
39 10 unknown -1 -1 -1 33 180 84 243 -1 -1 -1 -8.93 0.99 11.73 -1 1.000000
39 11 car -1 -1 -1 260 148 468 251 -1 -1 -1 -3.70 1.10 11.54 -1 1.000000
39 12 person -1 -1 -1 79 172 216 298 -1 -1 -1 -2.63 1.53 4.26 -1 1.000000
40 0 bicycle -1 -1 -1 84 297 258 369 -1 -1 -1 -2.66 1.52 4.33 -1 1.000000
40 9 car -1 -1 -1 534 158 741 251 -1 -1 -1 0.62 1.19 12.06 -1 1.000000
40 11 car -1 -1 -1 265 148 467 251 -1 -1 -1 -3.74 1.11 11.52 -1 1.000000
41 0 bicycle -1 -1 -1 67 312 200 368 -1 -1 -1 -2.79 1.52 4.18 -1 1.000000
41 9 car -1 -1 -1 535 158 741 250 -1 -1 -1 0.64 1.18 12.15 -1 1.000000
41 11 car -1 -1 -1 265 148 467 251 -1 -1 -1 -3.82 1.11 11.59 -1 1.000000
42 0 bicycle -1 -1 -1 25 320 137 370 -1 -1 -1 -3.00 1.52 3.92 -1 1.000000
42 9 car -1 -1 -1 535 158 741 251 -1 -1 -1 0.65 1.19 12.16 -1 1.000000
42 11 car -1 -1 -1 265 148 467 251 -1 -1 -1 -3.87 1.13 11.57 -1 1.000000
43 0 bicycle -1 -1 -1 0 332 58 370 -1 -1 -1 -3.22 1.53 3.67 -1 1.000000
43 9 car -1 -1 -1 586 162 738 249 -1 -1 -1 0.98 1.20 12.14 -1 1.000000
43 11 car -1 -1 -1 266 147 468 251 -1 -1 -1 -3.94 1.12 11.61 -1 1.000000
43 13 unknown -1 -1 -1 514 180 601 244 -1 -1 -1 -1.07 1.17 11.93 -1 1.000000
44 9 car -1 -1 -1 533 159 741 251 -1 -1 -1 0.65 1.19 12.14 -1 1.000000
44 11 car -1 -1 -1 267 147 467 251 -1 -1 -1 -3.71 1.15 11.53 -1 1.000000
45 9 car -1 -1 -1 535 160 741 252 -1 -1 -1 0.61 1.22 11.99 -1 1.000000
45 11 car -1 -1 -1 195 147 467 256 -1 -1 -1 -4.59 1.14 11.29 -1 1.000000
46 9 car -1 -1 -1 536 160 741 253 -1 -1 -1 0.62 1.21 12.05 -1 1.000000
46 11 car -1 -1 -1 194 148 466 257 -1 -1 -1 -4.56 1.14 11.30 -1 1.000000
47 9 car -1 -1 -1 536 160 741 252 -1 -1 -1 0.60 1.21 12.03 -1 1.000000
47 11 car -1 -1 -1 194 147 468 257 -1 -1 -1 -4.64 1.13 11.36 -1 1.000000
48 9 car -1 -1 -1 534 159 741 253 -1 -1 -1 0.63 1.19 12.14 -1 1.000000
48 11 car -1 -1 -1 192 147 464 257 -1 -1 -1 -4.83 1.10 11.48 -1 1.000000
