1 0 car -1 -1 -1 816 175 1076 259 -1 -1 -1 5.75 1.44 11.88 -1 1.000000
1 1 person -1 -1 -1 345 168 379 248 -1 -1 -1 -5.30 1.38 15.25 -1 1.000000
1 2 cyclist -1 -1 -1 668 167 706 248 -1 -1 -1 1.58 1.41 14.29 -1 1.000000
1 3 car -1 -1 -1 722 171 790 206 -1 -1 -1 6.28 1.29 31.29 -1 1.000000
2 0 car -1 -1 -1 826 172 1086 260 -1 -1 -1 5.69 1.39 11.42 -1 1.000000
2 1 person -1 -1 -1 332 167 369 247 -1 -1 -1 -5.29 1.39 14.59 -1 1.000000
2 2 cyclist -1 -1 -1 669 164 695 246 -1 -1 -1 1.57 1.37 14.19 -1 1.000000
2 3 car -1 -1 -1 723 170 791 202 -1 -1 -1 6.33 1.19 31.05 -1 1.000000
3 0 car -1 -1 -1 826 170 1107 261 -1 -1 -1 5.59 1.26 10.92 -1 1.000000
3 1 person -1 -1 -1 322 169 357 256 -1 -1 -1 -5.26 1.38 13.98 -1 1.000000
3 2 cyclist -1 -1 -1 666 161 693 245 -1 -1 -1 1.58 1.25 14.56 -1 1.000000
3 3 car -1 -1 -1 723 167 796 200 -1 -1 -1 6.38 0.85 30.77 -1 1.000000
4 0 car -1 -1 -1 846 166 1130 263 -1 -1 -1 5.64 1.25 10.44 -1 1.000000
4 1 person -1 -1 -1 306 172 349 260 -1 -1 -1 -5.24 1.42 13.23 -1 1.000000
4 2 cyclist -1 -1 -1 663 149 695 255 -1 -1 -1 1.57 1.27 14.65 -1 1.000000
4 3 car -1 -1 -1 723 159 796 200 -1 -1 -1 6.34 0.94 29.93 -1 1.000000
5 0 car -1 -1 -1 852 170 1157 272 -1 -1 -1 5.69 1.22 9.96 -1 1.000000
5 1 person -1 -1 -1 288 176 328 267 -1 -1 -1 -5.21 1.93 12.51 -1 1.000000
5 2 cyclist -1 -1 -1 667 168 691 249 -1 -1 -1 1.59 1.45 14.65 -1 1.000000
5 3 car -1 -1 -1 726 170 800 204 -1 -1 -1 6.29 0.98 29.39 -1 1.000000
5 4 person -1 -1 -1 693 159 720 216 -1 -1 -1 3.65 1.21 23.51 -1 1.000000
6 0 car -1 -1 -1 854 173 1194 288 -1 -1 -1 5.57 1.42 9.45 -1 1.000000
6 1 person -1 -1 -1 275 176 314 277 -1 -1 -1 -5.22 1.59 11.99 -1 1.000000
6 2 cyclist -1 -1 -1 668 168 692 255 -1 -1 -1 1.58 1.47 14.73 -1 1.000000
6 4 person -1 -1 -1 697 165 724 221 -1 -1 -1 3.59 1.39 23.13 -1 1.000000
7 0 car -1 -1 -1 862 176 1218 297 -1 -1 -1 5.49 1.44 8.91 -1 1.000000
7 1 person -1 -1 -1 253 178 296 287 -1 -1 -1 -5.24 1.59 11.30 -1 1.000000
7 2 cyclist -1 -1 -1 667 168 692 249 -1 -1 -1 1.55 1.50 14.81 -1 1.000000
7 3 car -1 -1 -1 729 172 807 211 -1 -1 -1 6.51 1.42 28.85 -1 1.000000
7 4 person -1 -1 -1 699 165 727 225 -1 -1 -1 3.61 1.46 22.77 -1 1.000000
8 0 car -1 -1 -1 898 175 1219 294 -1 -1 -1 5.36 1.44 8.42 -1 1.000000
8 1 person -1 -1 -1 227 176 277 288 -1 -1 -1 -5.23 1.56 10.58 -1 1.000000
8 2 cyclist -1 -1 -1 664 168 689 234 -1 -1 -1 1.53 1.45 14.93 -1 1.000000
8 3 car -1 -1 -1 735 173 814 210 -1 -1 -1 6.41 1.33 28.29 -1 1.000000
8 4 person -1 -1 -1 696 164 724 221 -1 -1 -1 3.60 1.37 22.59 -1 1.000000
9 0 car -1 -1 -1 911 174 1222 301 -1 -1 -1 5.21 1.41 7.91 -1 1.000000
9 1 person -1 -1 -1 203 174 291 293 -1 -1 -1 -5.26 1.55 9.95 -1 1.000000
9 2 cyclist -1 -1 -1 662 166 687 231 -1 -1 -1 1.51 1.37 15.09 -1 1.000000
9 3 car -1 -1 -1 735 173 816 207 -1 -1 -1 6.43 1.12 27.78 -1 1.000000
9 4 person -1 -1 -1 696 161 727 221 -1 -1 -1 3.51 1.23 21.79 -1 1.000000
10 0 car -1 -1 -1 932 165 1223 311 -1 -1 -1 5.03 1.38 7.41 -1 1.000000
10 1 person -1 -1 -1 176 175 236 301 -1 -1 -1 -5.28 1.57 9.27 -1 1.000000
10 2 cyclist -1 -1 -1 661 164 686 231 -1 -1 -1 1.50 1.38 15.18 -1 1.000000
10 3 car -1 -1 -1 736 171 815 207 -1 -1 -1 6.51 1.19 27.29 -1 1.000000
10 4 person -1 -1 -1 696 161 726 220 -1 -1 -1 3.46 1.29 21.59 -1 1.000000
11 0 car -1 -1 -1 944 161 1223 325 -1 -1 -1 4.81 1.43 6.91 -1 1.000000
11 1 person -1 -1 -1 139 180 196 313 -1 -1 -1 -5.30 1.59 8.64 -1 1.000000
11 2 cyclist -1 -1 -1 661 163 685 228 -1 -1 -1 1.48 1.38 15.24 -1 1.000000
11 3 car -1 -1 -1 727 172 830 209 -1 -1 -1 6.46 1.12 26.76 -1 1.000000
11 4 person -1 -1 -1 702 157 729 221 -1 -1 -1 3.48 1.26 21.43 -1 1.000000
12 0 car -1 -1 -1 965 171 1222 328 -1 -1 -1 4.50 1.43 6.46 -1 1.000000
12 1 person -1 -1 -1 99 177 166 324 -1 -1 -1 -5.29 1.58 7.97 -1 1.000000
12 2 cyclist -1 -1 -1 657 164 685 247 -1 -1 -1 1.46 1.39 15.32 -1 1.000000
12 3 car -1 -1 -1 729 172 834 210 -1 -1 -1 6.30 1.22 25.93 -1 1.000000
12 4 person -1 -1 -1 704 157 728 222 -1 -1 -1 3.45 1.30 21.22 -1 1.000000
13 0 car -1 -1 -1 986 171 1223 344 -1 -1 -1 4.36 1.45 6.01 -1 1.000000
13 1 person -1 -1 -1 53 183 125 337 -1 -1 -1 -5.29 1.61 7.31 -1 1.000000
13 2 cyclist -1 -1 -1 656 165 683 247 -1 -1 -1 1.43 1.34 15.40 -1 1.000000
13 3 car -1 -1 -1 733 162 838 212 -1 -1 -1 6.60 1.06 25.62 -1 1.000000
13 4 person -1 -1 -1 703 159 728 222 -1 -1 -1 3.41 1.23 20.79 -1 1.000000
14 0 car -1 -1 -1 1011 172 1223 368 -1 -1 -1 4.19 1.47 5.60 -1 1.000000
14 1 person -1 -1 -1 1 186 80 369 -1 -1 -1 -5.30 1.67 6.88 -1 1.000000
14 2 cyclist -1 -1 -1 657 167 682 247 -1 -1 -1 1.41 1.27 15.54 -1 1.000000
14 3 car -1 -1 -1 733 164 841 212 -1 -1 -1 6.39 0.88 25.46 -1 1.000000
14 4 person -1 -1 -1 704 158 728 223 -1 -1 -1 3.37 1.09 20.51 -1 1.000000
15 0 car -1 -1 -1 1036 171 1223 369 -1 -1 -1 4.07 1.46 5.28 -1 1.000000
15 1 person -1 -1 -1 8 206 36 356 -1 -1 -1 -5.31 1.69 6.30 -1 1.000000
15 2 cyclist -1 -1 -1 655 170 681 246 -1 -1 -1 1.36 1.32 15.53 -1 1.000000
15 3 car -1 -1 -1 732 171 844 212 -1 -1 -1 5.93 1.07 24.73 -1 1.000000
15 4 person -1 -1 -1 705 159 730 224 -1 -1 -1 3.29 1.20 20.12 -1 1.000000
16 0 car -1 -1 -1 1079 171 1223 369 -1 -1 -1 3.97 1.46 5.12 -1 1.000000
16 2 cyclist -1 -1 -1 649 153 675 228 -1 -1 -1 1.30 1.34 15.75 -1 1.000000
16 3 car -1 -1 -1 733 166 847 212 -1 -1 -1 5.90 1.13 24.01 -1 1.000000
16 4 person -1 -1 -1 704 158 731 224 -1 -1 -1 3.20 1.25 19.61 -1 1.000000
17 0 car -1 -1 -1 1119 255 1223 353 -1 -1 -1 3.91 1.47 4.84 -1 1.000000
17 2 cyclist -1 -1 -1 648 156 673 237 -1 -1 -1 1.26 1.23 15.90 -1 1.000000
17 3 car -1 -1 -1 735 165 847 212 -1 -1 -1 6.13 0.91 23.69 -1 1.000000
17 4 person -1 -1 -1 703 156 728 224 -1 -1 -1 3.16 1.10 19.34 -1 1.000000
18 0 car -1 -1 -1 1162 208 1222 348 -1 -1 -1 3.97 1.37 4.75 -1 1.000000
18 2 cyclist -1 -1 -1 645 156 669 237 -1 -1 -1 1.22 1.37 15.91 -1 1.000000
18 3 car -1 -1 -1 736 164 849 212 -1 -1 -1 6.12 0.92 23.12 -1 1.000000
18 4 person -1 -1 -1 700 155 730 225 -1 -1 -1 3.18 1.19 19.28 -1 1.000000
19 2 cyclist -1 -1 -1 641 157 668 236 -1 -1 -1 1.20 1.39 16.07 -1 1.000000
19 3 car -1 -1 -1 737 164 854 213 -1 -1 -1 6.11 0.94 22.64 -1 1.000000
19 4 person -1 -1 -1 702 155 729 225 -1 -1 -1 3.14 1.22 19.09 -1 1.000000
19 5 cyclist -1 -1 -1 504 165 525 221 -1 -1 -1 -2.76 1.60 22.54 -1 1.000000
20 2 cyclist -1 -1 -1 638 158 663 237 -1 -1 -1 1.16 1.36 16.23 -1 1.000000
20 3 car -1 -1 -1 737 165 859 214 -1 -1 -1 6.12 0.93 22.24 -1 1.000000
20 4 person -1 -1 -1 703 156 727 226 -1 -1 -1 3.08 1.21 18.69 -1 1.000000
20 5 cyclist -1 -1 -1 499 165 522 224 -1 -1 -1 -2.83 1.53 21.53 -1 1.000000
21 2 cyclist -1 -1 -1 636 160 661 236 -1 -1 -1 1.10 1.38 16.40 -1 1.000000
21 3 car -1 -1 -1 738 164 860 215 -1 -1 -1 6.02 0.96 21.63 -1 1.000000
21 4 person -1 -1 -1 702 155 730 228 -1 -1 -1 3.04 1.22 18.36 -1 1.000000
21 5 cyclist -1 -1 -1 489 165 518 227 -1 -1 -1 -2.90 1.61 20.41 -1 1.000000
22 2 cyclist -1 -1 -1 634 162 657 237 -1 -1 -1 1.04 1.42 16.51 -1 1.000000
22 3 car -1 -1 -1 738 164 861 216 -1 -1 -1 6.00 0.94 21.35 -1 1.000000
22 4 person -1 -1 -1 703 163 728 229 -1 -1 -1 2.95 1.26 17.92 -1 1.000000
22 5 cyclist -1 -1 -1 483 169 506 230 -1 -1 -1 -2.92 1.72 19.10 -1 1.000000
23 2 cyclist -1 -1 -1 632 166 656 238 -1 -1 -1 0.98 1.44 16.58 -1 1.000000
23 3 car -1 -1 -1 737 165 860 218 -1 -1 -1 5.87 1.01 20.98 -1 1.000000
23 4 person -1 -1 -1 699 155 730 232 -1 -1 -1 2.94 1.29 17.56 -1 1.000000
23 5 cyclist -1 -1 -1 473 169 496 235 -1 -1 -1 -2.93 1.73 17.98 -1 1.000000
24 2 cyclist -1 -1 -1 630 169 655 240 -1 -1 -1 0.92 1.47 16.60 -1 1.000000
24 3 car -1 -1 -1 740 163 853 220 -1 -1 -1 5.66 1.11 20.32 -1 1.000000
24 4 person -1 -1 -1 705 164 731 232 -1 -1 -1 2.87 1.32 17.14 -1 1.000000
24 5 cyclist -1 -1 -1 462 178 486 240 -1 -1 -1 -2.96 1.74 16.87 -1 1.000000
25 2 cyclist -1 -1 -1 629 167 653 241 -1 -1 -1 0.88 1.45 16.63 -1 1.000000
25 3 car -1 -1 -1 745 155 856 223 -1 -1 -1 5.89 1.06 19.99 -1 1.000000
25 4 person -1 -1 -1 707 163 743 234 -1 -1 -1 2.88 1.33 16.99 -1 1.000000
25 5 cyclist -1 -1 -1 449 178 476 245 -1 -1 -1 -2.98 1.72 15.75 -1 1.000000
26 2 cyclist -1 -1 -1 627 165 651 239 -1 -1 -1 0.85 1.38 16.77 -1 1.000000
26 3 car -1 -1 -1 747 172 904 223 -1 -1 -1 6.07 1.02 19.45 -1 1.000000
26 4 person -1 -1 -1 708 168 741 235 -1 -1 -1 2.82 1.27 16.55 -1 1.000000
26 5 cyclist -1 -1 -1 444 172 470 255 -1 -1 -1 -2.97 1.66 14.66 -1 1.000000
27 2 cyclist -1 -1 -1 626 165 652 238 -1 -1 -1 0.86 1.37 16.93 -1 1.000000
27 3 car -1 -1 -1 764 167 914 225 -1 -1 -1 6.03 1.02 18.78 -1 1.000000
27 4 person -1 -1 -1 709 167 738 238 -1 -1 -1 2.80 1.27 16.18 -1 1.000000
27 5 cyclist -1 -1 -1 428 171 460 271 -1 -1 -1 -2.96 1.69 13.56 -1 1.000000
28 2 cyclist -1 -1 -1 625 167 651 238 -1 -1 -1 0.88 1.42 17.04 -1 1.000000
28 3 car -1 -1 -1 765 169 924 226 -1 -1 -1 5.92 1.07 18.24 -1 1.000000
28 4 person -1 -1 -1 708 164 737 239 -1 -1 -1 2.76 1.31 15.85 -1 1.000000
28 5 cyclist -1 -1 -1 420 175 451 272 -1 -1 -1 -2.91 1.75 12.51 -1 1.000000
29 2 cyclist -1 -1 -1 626 168 653 236 -1 -1 -1 0.91 1.38 17.07 -1 1.000000
29 3 car -1 -1 -1 765 168 934 228 -1 -1 -1 6.07 1.04 17.60 -1 1.000000
29 4 person -1 -1 -1 710 160 737 239 -1 -1 -1 2.77 1.29 15.54 -1 1.000000
29 5 cyclist -1 -1 -1 401 171 440 287 -1 -1 -1 -2.88 1.73 11.42 -1 1.000000
30 2 cyclist -1 -1 -1 629 165 653 235 -1 -1 -1 0.95 1.40 17.27 -1 1.000000
30 3 car -1 -1 -1 767 167 941 229 -1 -1 -1 5.98 1.08 17.02 -1 1.000000
30 4 person -1 -1 -1 714 161 741 240 -1 -1 -1 2.77 1.31 15.16 -1 1.000000
30 5 cyclist -1 -1 -1 380 166 428 292 -1 -1 -1 -2.84 1.74 10.33 -1 1.000000
