1 0 car -1 -1 -1 578 175 671 277 -1 -1 -1 0.30 1.87 13.98 -1 1.000000
2 0 car -1 -1 -1 581 184 675 276 -1 -1 -1 0.35 1.86 13.55 -1 1.000000
3 0 car -1 -1 -1 584 185 685 280 -1 -1 -1 0.48 1.82 13.18 -1 1.000000
4 0 car -1 -1 -1 593 173 692 283 -1 -1 -1 0.61 1.80 12.82 -1 1.000000
4 1 window -1 -1 -1 254 122 307 202 -1 -1 -1 -5.88 2.28 13.33 -1 1.000000
5 0 car -1 -1 -1 593 186 707 288 -1 -1 -1 0.78 1.81 12.38 -1 1.000000
5 1 window -1 -1 -1 252 122 305 202 -1 -1 -1 -5.73 2.28 12.63 -1 1.000000
6 0 car -1 -1 -1 609 184 723 291 -1 -1 -1 0.98 1.78 11.91 -1 1.000000
6 1 window -1 -1 -1 255 120 315 202 -1 -1 -1 -5.48 2.26 12.25 -1 1.000000
6 2 building -1 -1 -1 360 133 510 264 -1 -1 -1 -5.20 2.45 20.56 -1 1.000000
7 0 car -1 -1 -1 628 178 741 291 -1 -1 -1 1.23 1.76 11.58 -1 1.000000
7 1 window -1 -1 -1 259 114 321 202 -1 -1 -1 -5.26 2.13 11.93 -1 1.000000
7 2 building -1 -1 -1 369 129 530 263 -1 -1 -1 -4.82 2.34 20.16 -1 1.000000
8 0 car -1 -1 -1 642 174 760 294 -1 -1 -1 1.45 1.74 11.11 -1 1.000000
8 1 window -1 -1 -1 265 98 332 207 -1 -1 -1 -4.98 2.09 11.67 -1 1.000000
8 2 building -1 -1 -1 379 128 534 270 -1 -1 -1 -4.45 2.26 19.63 -1 1.000000
8 3 window -1 -1 -1 158 139 229 225 -1 -1 -1 -5.22 2.04 9.10 -1 1.000000
9 0 car -1 -1 -1 659 165 780 296 -1 -1 -1 1.70 1.74 10.73 -1 1.000000
9 1 window -1 -1 -1 268 96 340 207 -1 -1 -1 -4.74 2.07 11.25 -1 1.000000
9 2 building -1 -1 -1 387 127 553 267 -1 -1 -1 -4.06 2.26 19.22 -1 1.000000
9 3 window -1 -1 -1 156 139 231 225 -1 -1 -1 -5.02 2.02 8.75 -1 1.000000
9 4 window -1 -1 -1 159 220 225 325 -1 -1 -1 -5.04 2.02 8.74 -1 1.000000
10 0 car -1 -1 -1 676 167 807 302 -1 -1 -1 1.92 1.76 10.23 -1 1.000000
10 1 window -1 -1 -1 270 96 346 207 -1 -1 -1 -4.53 2.08 10.93 -1 1.000000
10 2 building -1 -1 -1 395 127 569 272 -1 -1 -1 -3.66 2.32 18.78 -1 1.000000
10 3 window -1 -1 -1 152 145 226 236 -1 -1 -1 -4.85 2.00 8.39 -1 1.000000
10 4 window -1 -1 -1 155 226 219 335 -1 -1 -1 -4.86 2.00 8.35 -1 1.000000
11 0 car -1 -1 -1 689 173 829 316 -1 -1 -1 2.13 1.75 9.70 -1 1.000000
11 1 window -1 -1 -1 273 96 350 207 -1 -1 -1 -4.30 2.23 10.49 -1 1.000000
11 2 building -1 -1 -1 404 129 579 276 -1 -1 -1 -3.30 2.40 18.35 -1 1.000000
11 3 window -1 -1 -1 147 149 224 236 -1 -1 -1 -4.66 2.18 8.01 -1 1.000000
11 4 window -1 -1 -1 150 234 212 351 -1 -1 -1 -4.67 2.17 7.91 -1 1.000000
12 0 car -1 -1 -1 702 183 856 330 -1 -1 -1 2.25 1.76 9.10 -1 1.000000
12 1 window -1 -1 -1 278 101 361 206 -1 -1 -1 -4.08 2.23 10.24 -1 1.000000
12 2 building -1 -1 -1 415 131 595 279 -1 -1 -1 -2.92 2.43 17.95 -1 1.000000
12 5 door -1 -1 -1 140 139 246 374 -1 -1 -1 -4.47 2.17 7.84 -1 1.000000
13 0 car -1 -1 -1 725 184 885 338 -1 -1 -1 2.39 1.78 8.59 -1 1.000000
13 1 window -1 -1 -1 281 100 368 205 -1 -1 -1 -3.91 2.08 9.92 -1 1.000000
13 2 building -1 -1 -1 424 128 611 281 -1 -1 -1 -2.60 2.36 17.52 -1 1.000000
13 5 door -1 -1 -1 131 132 245 374 -1 -1 -1 -4.33 1.99 7.48 -1 1.000000
14 0 car -1 -1 -1 748 180 919 347 -1 -1 -1 2.52 1.74 8.05 -1 1.000000
14 1 window -1 -1 -1 280 85 381 207 -1 -1 -1 -3.72 1.99 9.40 -1 1.000000
14 2 building -1 -1 -1 432 122 617 284 -1 -1 -1 -2.33 2.30 16.87 -1 1.000000
14 5 door -1 -1 -1 116 118 251 374 -1 -1 -1 -4.18 1.90 7.08 -1 1.000000
15 0 car -1 -1 -1 768 184 955 374 -1 -1 -1 2.66 1.73 7.52 -1 1.000000
15 1 window -1 -1 -1 276 73 378 202 -1 -1 -1 -3.56 1.95 8.94 -1 1.000000
15 2 building -1 -1 -1 442 121 641 282 -1 -1 -1 -2.04 2.23 16.45 -1 1.000000
15 5 door -1 -1 -1 97 109 235 374 -1 -1 -1 -4.06 1.86 6.64 -1 1.000000
16 0 car -1 -1 -1 785 183 992 374 -1 -1 -1 2.75 1.68 6.93 -1 1.000000
16 1 window -1 -1 -1 270 64 378 197 -1 -1 -1 -3.42 1.92 8.49 -1 1.000000
16 2 building -1 -1 -1 445 115 644 283 -1 -1 -1 -1.80 2.17 15.77 -1 1.000000
16 5 door -1 -1 -1 70 101 223 374 -1 -1 -1 -3.95 1.84 6.22 -1 1.000000
17 0 car -1 -1 -1 801 181 1033 374 -1 -1 -1 2.81 1.71 6.37 -1 1.000000
17 1 window -1 -1 -1 259 55 378 194 -1 -1 -1 -3.35 1.79 8.07 -1 1.000000
17 2 building -1 -1 -1 449 108 647 284 -1 -1 -1 -1.69 2.03 15.33 -1 1.000000
17 5 door -1 -1 -1 10 91 206 374 -1 -1 -1 -3.87 1.72 5.97 -1 1.000000
18 0 car -1 -1 -1 819 168 1081 374 -1 -1 -1 2.81 1.69 5.95 -1 1.000000
18 1 window -1 -1 -1 240 39 367 202 -1 -1 -1 -3.32 1.75 7.53 -1 1.000000
18 2 building -1 -1 -1 446 101 655 285 -1 -1 -1 -1.62 1.92 14.58 -1 1.000000
19 0 car -1 -1 -1 837 175 1131 374 -1 -1 -1 2.85 1.69 5.53 -1 1.000000
19 1 window -1 -1 -1 216 26 366 202 -1 -1 -1 -3.30 1.68 7.06 -1 1.000000
19 2 building -1 -1 -1 442 94 656 286 -1 -1 -1 -1.59 1.85 13.87 -1 1.000000
20 0 car -1 -1 -1 896 175 1191 374 -1 -1 -1 2.96 1.70 5.10 -1 1.000000
20 1 window -1 -1 -1 181 2 346 192 -1 -1 -1 -3.27 1.66 6.52 -1 1.000000
20 2 building -1 -1 -1 435 92 658 284 -1 -1 -1 -1.56 1.85 13.35 -1 1.000000
21 0 car -1 -1 -1 937 178 1240 372 -1 -1 -1 3.06 1.72 4.86 -1 1.000000
21 1 window -1 -1 -1 134 1 325 188 -1 -1 -1 -3.30 1.65 5.98 -1 1.000000
21 2 building -1 -1 -1 421 81 661 301 -1 -1 -1 -1.62 1.83 12.50 -1 1.000000
22 0 car -1 -1 -1 948 176 1239 372 -1 -1 -1 2.94 1.73 4.58 -1 1.000000
23 0 car -1 -1 -1 975 187 1242 375 -1 -1 -1 2.88 1.71 4.07 -1 1.000000
24 0 car -1 -1 -1 1009 188 1242 375 -1 -1 -1 2.85 1.71 3.54 -1 1.000000
29 6 window -1 -1 -1 482 128 513 199 -1 -1 -1 -2.09 1.78 13.57 -1 1.000000
30 6 window -1 -1 -1 465 127 489 202 -1 -1 -1 -2.35 1.80 12.95 -1 1.000000
31 6 window -1 -1 -1 445 124 466 202 -1 -1 -1 -2.64 1.81 12.45 -1 1.000000
31 7 transformer -1 -1 -1 960 190 996 269 -1 -1 -1 5.91 1.76 11.50 -1 1.000000
31 8 unknown -1 -1 -1 522 186 547 249 -1 -1 -1 -1.81 1.91 17.66 -1 1.000000
32 6 window -1 -1 -1 418 127 442 202 -1 -1 -1 -2.94 1.81 11.94 -1 1.000000
32 7 transformer -1 -1 -1 951 189 992 261 -1 -1 -1 5.62 1.73 11.08 -1 1.000000
32 8 unknown -1 -1 -1 500 187 529 259 -1 -1 -1 -2.25 1.90 17.11 -1 1.000000
32 9 unknown -1 -1 -1 990 201 1019 281 -1 -1 -1 5.86 1.73 10.88 -1 1.000000
33 7 transformer -1 -1 -1 942 190 986 259 -1 -1 -1 5.32 1.71 10.70 -1 1.000000
33 8 unknown -1 -1 -1 478 188 507 256 -1 -1 -1 -2.67 1.90 16.51 -1 1.000000
33 9 unknown -1 -1 -1 986 202 1015 281 -1 -1 -1 5.60 1.71 10.54 -1 1.000000
34 7 transformer -1 -1 -1 937 191 983 270 -1 -1 -1 5.02 1.66 10.23 -1 1.000000
34 8 unknown -1 -1 -1 452 188 485 258 -1 -1 -1 -3.02 1.98 15.77 -1 1.000000
34 9 unknown -1 -1 -1 981 204 1013 281 -1 -1 -1 5.32 1.65 10.13 -1 1.000000
35 7 transformer -1 -1 -1 930 191 979 270 -1 -1 -1 4.76 1.65 9.83 -1 1.000000
35 8 unknown -1 -1 -1 429 186 460 259 -1 -1 -1 -3.44 1.91 15.29 -1 1.000000
35 9 unknown -1 -1 -1 976 204 1012 297 -1 -1 -1 5.09 1.64 9.62 -1 1.000000
36 7 transformer -1 -1 -1 924 189 976 270 -1 -1 -1 4.50 1.63 9.42 -1 1.000000
36 8 unknown -1 -1 -1 403 184 436 252 -1 -1 -1 -3.85 1.83 14.72 -1 1.000000
36 9 unknown -1 -1 -1 971 204 1011 297 -1 -1 -1 4.83 1.62 9.17 -1 1.000000
37 7 transformer -1 -1 -1 917 188 972 270 -1 -1 -1 4.24 1.62 8.97 -1 1.000000
37 8 unknown -1 -1 -1 375 180 426 249 -1 -1 -1 -4.24 1.75 14.10 -1 1.000000
37 9 unknown -1 -1 -1 964 202 1011 301 -1 -1 -1 4.60 1.62 8.78 -1 1.000000
38 7 transformer -1 -1 -1 913 186 970 271 -1 -1 -1 4.00 1.58 8.57 -1 1.000000
38 8 unknown -1 -1 -1 345 179 381 251 -1 -1 -1 -4.57 1.74 13.40 -1 1.000000
38 9 unknown -1 -1 -1 964 203 1011 319 -1 -1 -1 4.35 1.57 8.39 -1 1.000000
39 7 transformer -1 -1 -1 907 203 947 274 -1 -1 -1 3.73 1.58 8.35 -1 1.000000
39 8 unknown -1 -1 -1 305 180 355 272 -1 -1 -1 -4.83 1.73 12.73 -1 1.000000
39 9 unknown -1 -1 -1 966 204 1013 319 -1 -1 -1 4.15 1.58 7.96 -1 1.000000
39 10 wall -1 -1 -1 594 189 656 212 -1 -1 -1 0.90 1.81 32.40 -1 1.000000
40 7 transformer -1 -1 -1 904 209 973 282 -1 -1 -1 3.59 1.59 7.73 -1 1.000000
40 8 unknown -1 -1 -1 283 180 325 246 -1 -1 -1 -5.18 1.72 12.22 -1 1.000000
40 9 unknown -1 -1 -1 970 206 1019 319 -1 -1 -1 3.96 1.59 7.53 -1 1.000000
40 10 wall -1 -1 -1 574 185 641 215 -1 -1 -1 0.09 1.57 32.16 -1 1.000000
40 11 window -1 -1 -1 790 111 816 180 -1 -1 -1 3.46 1.57 13.27 -1 1.000000
41 7 transformer -1 -1 -1 907 192 979 303 -1 -1 -1 3.43 1.55 7.29 -1 1.000000
41 8 unknown -1 -1 -1 251 181 297 287 -1 -1 -1 -5.23 1.81 11.52 -1 1.000000
41 9 unknown -1 -1 -1 974 208 1030 331 -1 -1 -1 3.79 1.54 7.08 -1 1.000000
41 11 window -1 -1 -1 781 109 806 181 -1 -1 -1 3.26 1.58 12.84 -1 1.000000
42 7 transformer -1 -1 -1 911 194 991 303 -1 -1 -1 3.32 1.56 6.86 -1 1.000000
42 8 unknown -1 -1 -1 221 180 270 259 -1 -1 -1 -5.59 1.79 11.05 -1 1.000000
42 9 unknown -1 -1 -1 973 212 1047 360 -1 -1 -1 3.68 1.55 6.62 -1 1.000000
42 11 window -1 -1 -1 778 106 805 183 -1 -1 -1 3.09 1.60 12.40 -1 1.000000
42 12 unknown -1 -1 -1 742 196 768 246 -1 -1 -1 2.71 1.61 13.57 -1 1.000000
43 7 transformer -1 -1 -1 918 199 1010 319 -1 -1 -1 3.23 1.56 6.41 -1 1.000000
43 9 unknown -1 -1 -1 1000 215 1071 374 -1 -1 -1 3.62 1.55 6.14 -1 1.000000
43 11 window -1 -1 -1 774 97 804 184 -1 -1 -1 2.96 1.61 11.98 -1 1.000000
43 12 unknown -1 -1 -1 738 194 766 252 -1 -1 -1 2.56 1.62 13.04 -1 1.000000
43 13 unknown -1 -1 -1 171 183 246 297 -1 -1 -1 -5.62 1.78 10.43 -1 1.000000
44 7 transformer -1 -1 -1 932 195 1033 360 -1 -1 -1 3.16 1.54 5.93 -1 1.000000
44 9 unknown -1 -1 -1 1023 217 1103 374 -1 -1 -1 3.54 1.53 5.66 -1 1.000000
44 11 window -1 -1 -1 774 94 806 184 -1 -1 -1 2.87 1.58 11.54 -1 1.000000
44 12 unknown -1 -1 -1 735 189 764 249 -1 -1 -1 2.44 1.60 12.65 -1 1.000000
44 13 unknown -1 -1 -1 143 182 219 304 -1 -1 -1 -5.70 1.80 9.89 -1 1.000000
45 7 transformer -1 -1 -1 949 196 1072 374 -1 -1 -1 3.12 1.52 5.46 -1 1.000000
45 11 window -1 -1 -1 775 85 810 185 -1 -1 -1 2.80 1.56 11.02 -1 1.000000
45 12 unknown -1 -1 -1 736 194 765 255 -1 -1 -1 2.38 1.58 12.11 -1 1.000000
45 13 unknown -1 -1 -1 129 184 193 309 -1 -1 -1 -5.76 1.79 9.40 -1 1.000000
46 7 transformer -1 -1 -1 978 199 1105 360 -1 -1 -1 3.11 1.53 4.98 -1 1.000000
46 11 window -1 -1 -1 783 86 822 191 -1 -1 -1 2.76 1.55 10.57 -1 1.000000
46 12 unknown -1 -1 -1 741 207 768 255 -1 -1 -1 2.34 1.56 11.60 -1 1.000000
46 13 unknown -1 -1 -1 97 183 167 314 -1 -1 -1 -5.80 1.77 8.93 -1 1.000000
47 11 window -1 -1 -1 789 79 826 191 -1 -1 -1 2.74 1.55 10.08 -1 1.000000
47 12 unknown -1 -1 -1 741 194 775 258 -1 -1 -1 2.33 1.56 11.16 -1 1.000000
47 13 unknown -1 -1 -1 17 182 144 322 -1 -1 -1 -5.82 1.77 8.39 -1 1.000000
47 14 wall -1 -1 -1 525 182 595 215 -1 -1 -1 -1.90 1.75 28.36 -1 1.000000
48 11 window -1 -1 -1 801 78 841 191 -1 -1 -1 2.75 1.54 9.59 -1 1.000000
48 12 unknown -1 -1 -1 748 194 781 258 -1 -1 -1 2.33 1.55 10.76 -1 1.000000
48 14 wall -1 -1 -1 525 184 596 214 -1 -1 -1 -1.86 1.75 27.82 -1 1.000000
49 11 window -1 -1 -1 812 77 856 191 -1 -1 -1 2.77 1.53 9.09 -1 1.000000
49 12 unknown -1 -1 -1 755 193 790 263 -1 -1 -1 2.35 1.55 10.31 -1 1.000000
49 14 wall -1 -1 -1 521 182 611 224 -1 -1 -1 -1.52 1.73 27.06 -1 1.000000
49 15 window -1 -1 -1 874 43 905 104 -1 -1 -1 2.92 1.52 7.37 -1 1.000000
49 16 window -1 -1 -1 126 134 194 180 -1 -1 -1 -15.55 2.08 24.72 -1 1.000000
50 11 window -1 -1 -1 825 80 871 191 -1 -1 -1 2.77 1.52 8.57 -1 1.000000
50 12 unknown -1 -1 -1 762 190 798 263 -1 -1 -1 2.35 1.53 9.89 -1 1.000000
50 14 wall -1 -1 -1 522 182 606 224 -1 -1 -1 -1.47 1.71 26.56 -1 1.000000
50 15 window -1 -1 -1 893 34 927 99 -1 -1 -1 2.93 1.50 6.87 -1 1.000000
50 16 window -1 -1 -1 116 133 185 178 -1 -1 -1 -15.53 2.05 24.29 -1 1.000000
50 17 car -1 -1 -1 51 207 150 275 -1 -1 -1 -9.35 1.84 13.12 -1 1.000000
51 11 window -1 -1 -1 841 76 889 191 -1 -1 -1 2.79 1.51 8.10 -1 1.000000
51 12 unknown -1 -1 -1 771 195 811 273 -1 -1 -1 2.36 1.53 9.38 -1 1.000000
51 14 wall -1 -1 -1 520 182 614 224 -1 -1 -1 -1.52 1.69 25.98 -1 1.000000
51 15 window -1 -1 -1 915 23 952 92 -1 -1 -1 2.94 1.51 6.40 -1 1.000000
51 16 window -1 -1 -1 107 132 178 178 -1 -1 -1 -15.51 2.00 23.98 -1 1.000000
51 17 car -1 -1 -1 1 192 177 279 -1 -1 -1 -9.07 1.82 12.70 -1 1.000000
51 18 road sign -1 -1 -1 534 115 562 184 -1 -1 -1 -2.07 1.70 27.06 -1 1.000000
52 11 window -1 -1 -1 852 47 913 202 -1 -1 -1 2.82 1.51 7.64 -1 1.000000
52 12 unknown -1 -1 -1 782 195 830 282 -1 -1 -1 2.40 1.52 8.81 -1 1.000000
52 14 wall -1 -1 -1 521 183 605 224 -1 -1 -1 -1.47 1.67 25.57 -1 1.000000
52 15 window -1 -1 -1 941 11 984 89 -1 -1 -1 2.96 1.50 5.92 -1 1.000000
52 16 window -1 -1 -1 100 131 171 177 -1 -1 -1 -15.17 2.00 23.22 -1 1.000000
52 17 car -1 -1 -1 1 188 200 283 -1 -1 -1 -8.45 1.81 12.27 -1 1.000000
52 18 road sign -1 -1 -1 535 115 563 186 -1 -1 -1 -1.99 1.68 26.42 -1 1.000000
53 12 unknown -1 -1 -1 794 195 844 285 -1 -1 -1 2.44 1.51 8.34 -1 1.000000
53 15 window -1 -1 -1 972 1 1018 78 -1 -1 -1 2.99 1.49 5.47 -1 1.000000
53 16 window -1 -1 -1 94 131 166 177 -1 -1 -1 -14.97 2.00 22.65 -1 1.000000
53 17 car -1 -1 -1 1 184 234 285 -1 -1 -1 -7.99 1.80 11.98 -1 1.000000
53 18 road sign -1 -1 -1 536 115 566 191 -1 -1 -1 -1.88 1.64 26.01 -1 1.000000
54 12 unknown -1 -1 -1 807 194 861 293 -1 -1 -1 2.48 1.52 7.90 -1 1.000000
54 15 window -1 -1 -1 1008 1 1069 70 -1 -1 -1 3.02 1.49 4.98 -1 1.000000
54 16 window -1 -1 -1 87 130 161 178 -1 -1 -1 -14.87 2.06 22.22 -1 1.000000
54 17 car -1 -1 -1 1 186 261 284 -1 -1 -1 -7.43 1.80 11.50 -1 1.000000
54 18 road sign -1 -1 -1 536 114 568 191 -1 -1 -1 -1.71 1.74 25.67 -1 1.000000
54 19 window -1 -1 -1 894 44 970 202 -1 -1 -1 2.88 1.50 6.69 -1 1.000000
54 20 wall -1 -1 -1 513 184 610 229 -1 -1 -1 -1.41 1.70 24.96 -1 1.000000
55 12 unknown -1 -1 -1 823 200 882 302 -1 -1 -1 2.52 1.53 7.45 -1 1.000000
55 16 window -1 -1 -1 80 129 158 178 -1 -1 -1 -14.81 2.01 21.82 -1 1.000000
55 17 car -1 -1 -1 1 182 290 286 -1 -1 -1 -6.97 1.77 11.22 -1 1.000000
55 18 road sign -1 -1 -1 538 114 568 188 -1 -1 -1 -1.68 1.71 25.00 -1 1.000000
55 19 window -1 -1 -1 923 42 1004 196 -1 -1 -1 2.97 1.51 6.21 -1 1.000000
55 20 wall -1 -1 -1 513 182 609 230 -1 -1 -1 -1.41 1.70 24.73 -1 1.000000
56 12 unknown -1 -1 -1 840 203 905 310 -1 -1 -1 2.57 1.55 7.02 -1 1.000000
56 16 window -1 -1 -1 77 129 152 181 -1 -1 -1 -14.75 2.00 21.48 -1 1.000000
56 17 car -1 -1 -1 1 179 324 292 -1 -1 -1 -6.51 1.76 10.89 -1 1.000000
56 18 road sign -1 -1 -1 535 114 573 185 -1 -1 -1 -1.53 1.79 24.62 -1 1.000000
56 19 window -1 -1 -1 951 36 1042 202 -1 -1 -1 3.03 1.53 5.76 -1 1.000000
57 16 window -1 -1 -1 72 130 150 181 -1 -1 -1 -14.61 1.97 21.26 -1 1.000000
57 17 car -1 -1 -1 1 133 367 315 -1 -1 -1 -6.32 1.75 10.56 -1 1.000000
57 18 road sign -1 -1 -1 542 117 579 187 -1 -1 -1 -1.42 1.81 24.28 -1 1.000000
57 19 window -1 -1 -1 987 29 1089 202 -1 -1 -1 3.07 1.56 5.32 -1 1.000000
58 16 window -1 -1 -1 70 131 148 182 -1 -1 -1 -14.44 2.12 21.08 -1 1.000000
58 17 car -1 -1 -1 2 188 399 309 -1 -1 -1 -5.86 1.80 10.26 -1 1.000000
58 18 road sign -1 -1 -1 549 118 585 189 -1 -1 -1 -1.24 1.87 24.01 -1 1.000000
58 19 window -1 -1 -1 1011 1 1160 223 -1 -1 -1 3.04 1.53 4.91 -1 1.000000
59 16 window -1 -1 -1 69 131 148 183 -1 -1 -1 -14.36 2.07 20.70 -1 1.000000
59 17 car -1 -1 -1 64 184 451 317 -1 -1 -1 -5.14 1.78 10.00 -1 1.000000
59 18 road sign -1 -1 -1 554 116 589 208 -1 -1 -1 -1.06 1.92 23.62 -1 1.000000
60 16 window -1 -1 -1 71 132 149 185 -1 -1 -1 -13.98 2.10 20.40 -1 1.000000
60 17 car -1 -1 -1 114 190 501 311 -1 -1 -1 -4.40 1.78 9.75 -1 1.000000
60 18 road sign -1 -1 -1 558 114 599 211 -1 -1 -1 -0.82 1.95 23.33 -1 1.000000
60 21 wheel -1 -1 -1 161 254 232 309 -1 -1 -1 -5.53 1.79 9.43 -1 1.000000
61 16 window -1 -1 -1 68 133 150 186 -1 -1 -1 -13.80 2.11 20.13 -1 1.000000
61 17 car -1 -1 -1 157 189 542 317 -1 -1 -1 -3.82 1.79 9.55 -1 1.000000
61 18 road sign -1 -1 -1 566 114 604 210 -1 -1 -1 -0.62 1.94 23.14 -1 1.000000
61 21 wheel -1 -1 -1 213 255 282 312 -1 -1 -1 -4.72 1.80 9.20 -1 1.000000
62 16 window -1 -1 -1 68 134 152 187 -1 -1 -1 -13.56 2.14 19.93 -1 1.000000
62 17 car -1 -1 -1 208 188 587 322 -1 -1 -1 -3.06 1.78 9.38 -1 1.000000
62 18 road sign -1 -1 -1 574 114 614 208 -1 -1 -1 -0.35 1.98 22.79 -1 1.000000
62 21 wheel -1 -1 -1 262 256 331 313 -1 -1 -1 -3.97 1.79 9.02 -1 1.000000
62 22 window -1 -1 -1 810 129 861 202 -1 -1 -1 6.00 1.82 19.10 -1 1.000000
63 16 window -1 -1 -1 75 132 156 186 -1 -1 -1 -13.33 2.07 19.54 -1 1.000000
63 17 car -1 -1 -1 261 186 647 325 -1 -1 -1 -2.32 1.77 9.16 -1 1.000000
63 18 road sign -1 -1 -1 583 116 620 211 -1 -1 -1 -0.19 1.87 22.48 -1 1.000000
63 21 wheel -1 -1 -1 316 257 384 316 -1 -1 -1 -3.23 1.78 8.86 -1 1.000000
63 22 window -1 -1 -1 823 128 875 202 -1 -1 -1 6.22 1.71 18.80 -1 1.000000
63 23 car -1 -1 -1 970 196 1037 304 -1 -1 -1 4.51 1.63 8.65 -1 1.000000
64 16 window -1 -1 -1 74 132 161 188 -1 -1 -1 -13.03 2.08 19.25 -1 1.000000
64 17 car -1 -1 -1 310 187 695 326 -1 -1 -1 -1.71 1.76 9.07 -1 1.000000
64 18 road sign -1 -1 -1 590 115 630 213 -1 -1 -1 0.10 1.93 22.17 -1 1.000000
64 21 wheel -1 -1 -1 372 257 441 315 -1 -1 -1 -2.52 1.76 8.72 -1 1.000000
64 22 window -1 -1 -1 835 127 887 202 -1 -1 -1 6.38 1.77 18.36 -1 1.000000
64 23 car -1 -1 -1 996 198 1078 303 -1 -1 -1 4.60 1.64 8.12 -1 1.000000
65 16 window -1 -1 -1 85 130 162 185 -1 -1 -1 -12.82 2.07 19.13 -1 1.000000
65 17 car -1 -1 -1 367 185 749 330 -1 -1 -1 -0.97 1.74 8.89 -1 1.000000
65 18 road sign -1 -1 -1 594 111 636 208 -1 -1 -1 0.28 1.94 22.07 -1 1.000000
65 21 wheel -1 -1 -1 426 256 493 316 -1 -1 -1 -1.82 1.75 8.56 -1 1.000000
65 22 window -1 -1 -1 846 125 901 202 -1 -1 -1 6.58 1.77 18.03 -1 1.000000
65 23 car -1 -1 -1 1017 194 1119 342 -1 -1 -1 4.70 1.64 7.77 -1 1.000000
65 24 door -1 -1 -1 945 139 986 255 -1 -1 -1 9.33 1.74 18.67 -1 1.000000
66 16 window -1 -1 -1 84 129 163 185 -1 -1 -1 -12.61 2.09 18.99 -1 1.000000
66 17 car -1 -1 -1 403 184 810 334 -1 -1 -1 -0.37 1.73 8.69 -1 1.000000
66 18 road sign -1 -1 -1 593 112 645 197 -1 -1 -1 0.44 1.94 21.81 -1 1.000000
66 21 wheel -1 -1 -1 484 256 552 326 -1 -1 -1 -1.12 1.74 8.38 -1 1.000000
66 22 window -1 -1 -1 858 125 915 202 -1 -1 -1 6.81 1.77 17.57 -1 1.000000
66 23 car -1 -1 -1 1041 196 1172 345 -1 -1 -1 4.79 1.63 7.39 -1 1.000000
66 24 door -1 -1 -1 961 138 1001 255 -1 -1 -1 9.49 1.74 18.30 -1 1.000000
66 25 window -1 -1 -1 767 123 826 202 -1 -1 -1 4.52 1.80 17.23 -1 1.000000
67 16 window -1 -1 -1 85 129 165 185 -1 -1 -1 -12.45 2.09 18.76 -1 1.000000
67 17 car -1 -1 -1 449 178 869 332 -1 -1 -1 0.41 1.72 8.63 -1 1.000000
67 18 road sign -1 -1 -1 605 113 649 188 -1 -1 -1 0.57 1.97 21.67 -1 1.000000
67 21 wheel -1 -1 -1 540 258 609 321 -1 -1 -1 -0.43 1.73 8.21 -1 1.000000
67 22 window -1 -1 -1 870 124 926 202 -1 -1 -1 6.95 1.79 17.28 -1 1.000000
67 23 car -1 -1 -1 1064 197 1227 335 -1 -1 -1 4.88 1.63 6.92 -1 1.000000
67 24 door -1 -1 -1 974 137 1016 255 -1 -1 -1 9.70 1.77 18.06 -1 1.000000
67 25 window -1 -1 -1 778 122 837 202 -1 -1 -1 4.68 1.81 16.85 -1 1.000000
68 16 window -1 -1 -1 85 127 167 185 -1 -1 -1 -12.22 2.07 18.42 -1 1.000000
68 17 car -1 -1 -1 519 183 927 334 -1 -1 -1 1.07 1.71 8.46 -1 1.000000
68 18 road sign -1 -1 -1 600 109 657 205 -1 -1 -1 0.70 1.97 21.48 -1 1.000000
68 21 wheel -1 -1 -1 597 259 668 322 -1 -1 -1 0.24 1.72 8.04 -1 1.000000
68 22 window -1 -1 -1 882 124 939 202 -1 -1 -1 7.16 1.80 16.94 -1 1.000000
68 23 car -1 -1 -1 1087 194 1241 346 -1 -1 -1 4.96 1.63 6.51 -1 1.000000
68 24 door -1 -1 -1 989 137 1031 255 -1 -1 -1 9.87 1.78 17.60 -1 1.000000
68 25 window -1 -1 -1 787 122 848 202 -1 -1 -1 4.88 1.82 16.54 -1 1.000000
69 16 window -1 -1 -1 85 127 171 187 -1 -1 -1 -12.09 2.04 18.32 -1 1.000000
69 17 car -1 -1 -1 578 149 990 336 -1 -1 -1 1.63 1.70 8.26 -1 1.000000
69 18 road sign -1 -1 -1 624 110 662 188 -1 -1 -1 0.92 1.93 21.28 -1 1.000000
69 22 window -1 -1 -1 896 123 954 202 -1 -1 -1 7.35 1.77 16.63 -1 1.000000
69 23 car -1 -1 -1 1121 195 1241 346 -1 -1 -1 5.03 1.62 6.36 -1 1.000000
69 24 door -1 -1 -1 1004 136 1047 255 -1 -1 -1 10.00 1.75 17.35 -1 1.000000
69 25 window -1 -1 -1 797 120 859 202 -1 -1 -1 4.95 1.79 16.16 -1 1.000000
69 26 window -1 -1 -1 698 123 731 197 -1 -1 -1 2.63 1.86 18.03 -1 1.000000
70 16 window -1 -1 -1 91 126 173 184 -1 -1 -1 -11.89 2.04 18.09 -1 1.000000
70 17 car -1 -1 -1 633 186 1052 335 -1 -1 -1 2.28 1.67 8.02 -1 1.000000
70 18 road sign -1 -1 -1 631 108 672 205 -1 -1 -1 1.08 1.89 20.90 -1 1.000000
70 22 window -1 -1 -1 908 122 967 202 -1 -1 -1 7.50 1.73 16.29 -1 1.000000
70 23 car -1 -1 -1 1152 201 1241 347 -1 -1 -1 5.10 1.61 6.26 -1 1.000000
70 24 door -1 -1 -1 1020 132 1084 257 -1 -1 -1 10.25 1.71 16.99 -1 1.000000
70 25 window -1 -1 -1 808 119 868 202 -1 -1 -1 5.14 1.76 15.92 -1 1.000000
70 26 window -1 -1 -1 706 123 736 195 -1 -1 -1 2.78 1.82 17.70 -1 1.000000
71 16 window -1 -1 -1 94 126 178 184 -1 -1 -1 -11.62 2.08 17.96 -1 1.000000
71 17 car -1 -1 -1 693 183 1122 336 -1 -1 -1 3.05 1.64 7.93 -1 1.000000
71 18 road sign -1 -1 -1 631 128 680 193 -1 -1 -1 1.13 1.86 21.86 -1 1.000000
71 22 window -1 -1 -1 922 121 971 202 -1 -1 -1 7.64 1.66 16.07 -1 1.000000
71 23 car -1 -1 -1 1185 216 1241 331 -1 -1 -1 5.17 1.57 6.20 -1 1.000000
71 24 door -1 -1 -1 1035 133 1079 239 -1 -1 -1 10.38 1.61 16.70 -1 1.000000
71 25 window -1 -1 -1 820 120 874 195 -1 -1 -1 5.18 1.70 15.67 -1 1.000000
71 26 window -1 -1 -1 715 122 744 197 -1 -1 -1 2.93 1.77 17.44 -1 1.000000
71 27 transformer -1 -1 -1 215 197 265 252 -1 -1 -1 -8.90 2.01 17.37 -1 1.000000
72 16 window -1 -1 -1 99 127 181 186 -1 -1 -1 -11.36 2.15 17.70 -1 1.000000
72 17 car -1 -1 -1 745 191 1237 336 -1 -1 -1 3.80 1.63 7.74 -1 1.000000
72 18 road sign -1 -1 -1 643 108 687 201 -1 -1 -1 1.44 1.89 20.30 -1 1.000000
72 22 window -1 -1 -1 932 121 991 202 -1 -1 -1 7.75 1.67 15.77 -1 1.000000
72 23 car -1 -1 -1 1214 248 1241 334 -1 -1 -1 5.23 1.56 6.06 -1 1.000000
72 24 door -1 -1 -1 1050 133 1095 239 -1 -1 -1 10.62 1.61 16.55 -1 1.000000
72 25 window -1 -1 -1 830 128 885 199 -1 -1 -1 5.41 1.72 15.39 -1 1.000000
72 26 window -1 -1 -1 723 123 753 202 -1 -1 -1 3.11 1.81 17.26 -1 1.000000
72 27 transformer -1 -1 -1 219 198 269 254 -1 -1 -1 -8.68 2.08 17.12 -1 1.000000
73 16 window -1 -1 -1 98 130 186 190 -1 -1 -1 -11.25 2.16 17.45 -1 1.000000
73 17 car -1 -1 -1 815 191 1241 347 -1 -1 -1 4.37 1.68 7.70 -1 1.000000
73 18 road sign -1 -1 -1 641 125 694 197 -1 -1 -1 1.65 1.98 21.19 -1 1.000000
73 22 window -1 -1 -1 943 122 1006 202 -1 -1 -1 7.93 1.76 15.47 -1 1.000000
73 24 door -1 -1 -1 1063 134 1108 213 -1 -1 -1 10.89 1.72 16.28 -1 1.000000
73 25 window -1 -1 -1 839 120 904 202 -1 -1 -1 5.55 1.80 15.17 -1 1.000000
73 26 window -1 -1 -1 731 124 761 202 -1 -1 -1 3.29 1.88 17.03 -1 1.000000
73 27 transformer -1 -1 -1 221 200 272 257 -1 -1 -1 -8.59 2.10 16.95 -1 1.000000
74 16 window -1 -1 -1 102 132 186 191 -1 -1 -1 -11.04 2.22 17.32 -1 1.000000
74 17 car -1 -1 -1 868 191 1241 352 -1 -1 -1 4.64 1.68 7.41 -1 1.000000
74 22 window -1 -1 -1 956 133 1009 203 -1 -1 -1 7.93 1.80 15.22 -1 1.000000
74 24 door -1 -1 -1 1078 135 1126 201 -1 -1 -1 11.05 1.76 15.99 -1 1.000000
74 25 window -1 -1 -1 850 120 916 202 -1 -1 -1 5.68 1.83 14.86 -1 1.000000
74 26 window -1 -1 -1 739 125 770 202 -1 -1 -1 3.43 1.92 16.74 -1 1.000000
74 27 transformer -1 -1 -1 224 202 278 259 -1 -1 -1 -8.41 2.15 16.80 -1 1.000000
74 28 window -1 -1 -1 681 134 701 199 -1 -1 -1 2.40 2.02 20.19 -1 1.000000
75 16 window -1 -1 -1 104 130 192 193 -1 -1 -1 -10.92 2.23 17.26 -1 1.000000
75 17 car -1 -1 -1 936 196 1240 353 -1 -1 -1 5.02 1.69 7.26 -1 1.000000
75 22 window -1 -1 -1 968 135 1021 203 -1 -1 -1 8.05 1.80 14.97 -1 1.000000
75 24 door -1 -1 -1 1093 135 1140 206 -1 -1 -1 11.17 1.76 15.74 -1 1.000000
75 25 window -1 -1 -1 858 131 920 205 -1 -1 -1 5.73 1.84 14.67 -1 1.000000
75 26 window -1 -1 -1 745 129 777 203 -1 -1 -1 3.54 1.93 16.59 -1 1.000000
75 27 transformer -1 -1 -1 227 203 281 260 -1 -1 -1 -8.25 2.16 16.69 -1 1.000000
75 28 window -1 -1 -1 688 134 710 200 -1 -1 -1 2.55 2.03 19.94 -1 1.000000
76 16 window -1 -1 -1 107 130 197 193 -1 -1 -1 -10.82 2.23 17.20 -1 1.000000
76 17 car -1 -1 -1 1002 199 1241 369 -1 -1 -1 5.43 1.68 7.10 -1 1.000000
76 22 window -1 -1 -1 981 134 1033 204 -1 -1 -1 8.20 1.80 14.75 -1 1.000000
76 24 door -1 -1 -1 1108 134 1157 207 -1 -1 -1 11.43 1.76 15.54 -1 1.000000
76 25 window -1 -1 -1 868 132 927 205 -1 -1 -1 5.87 1.84 14.46 -1 1.000000
76 26 window -1 -1 -1 755 124 786 202 -1 -1 -1 3.70 1.93 16.43 -1 1.000000
76 27 transformer -1 -1 -1 232 203 280 260 -1 -1 -1 -8.14 2.16 16.60 -1 1.000000
76 28 window -1 -1 -1 695 134 716 200 -1 -1 -1 2.72 2.03 19.78 -1 1.000000
77 16 window -1 -1 -1 114 130 198 189 -1 -1 -1 -10.58 2.20 17.08 -1 1.000000
77 17 car -1 -1 -1 1069 200 1241 335 -1 -1 -1 5.65 1.69 7.00 -1 1.000000
77 22 window -1 -1 -1 992 133 1046 204 -1 -1 -1 8.32 1.80 14.59 -1 1.000000
77 24 door -1 -1 -1 1122 134 1172 213 -1 -1 -1 11.58 1.76 15.32 -1 1.000000
77 25 window -1 -1 -1 878 132 938 206 -1 -1 -1 5.99 1.83 14.22 -1 1.000000
77 26 window -1 -1 -1 762 124 794 202 -1 -1 -1 3.85 1.91 16.20 -1 1.000000
77 27 transformer -1 -1 -1 235 202 289 260 -1 -1 -1 -7.97 2.14 16.51 -1 1.000000
77 29 road sign -1 -1 -1 678 106 717 158 -1 -1 -1 1.79 1.91 14.14 -1 1.000000
78 16 window -1 -1 -1 116 128 204 191 -1 -1 -1 -10.66 2.17 17.02 -1 1.000000
78 17 car -1 -1 -1 1138 216 1241 313 -1 -1 -1 6.09 1.70 7.27 -1 1.000000
78 22 window -1 -1 -1 1005 133 1060 206 -1 -1 -1 8.49 1.81 14.37 -1 1.000000
78 25 window -1 -1 -1 889 132 949 207 -1 -1 -1 6.10 1.84 14.06 -1 1.000000
78 26 window -1 -1 -1 769 122 802 202 -1 -1 -1 3.96 1.91 16.00 -1 1.000000
78 27 transformer -1 -1 -1 239 202 291 260 -1 -1 -1 -7.87 2.11 16.37 -1 1.000000
78 29 road sign -1 -1 -1 686 105 719 159 -1 -1 -1 1.87 1.90 13.84 -1 1.000000
79 16 window -1 -1 -1 120 127 208 189 -1 -1 -1 -10.38 2.12 16.85 -1 1.000000
79 17 car -1 -1 -1 1211 237 1240 308 -1 -1 -1 6.75 1.70 7.70 -1 1.000000
79 22 window -1 -1 -1 1017 133 1072 207 -1 -1 -1 8.59 1.79 14.16 -1 1.000000
79 25 window -1 -1 -1 899 132 958 206 -1 -1 -1 6.16 1.82 13.79 -1 1.000000
79 26 window -1 -1 -1 776 122 810 202 -1 -1 -1 4.07 1.89 15.86 -1 1.000000
79 27 transformer -1 -1 -1 244 202 292 260 -1 -1 -1 -7.71 2.08 16.24 -1 1.000000
79 29 road sign -1 -1 -1 692 92 729 153 -1 -1 -1 1.99 1.88 13.65 -1 1.000000
79 30 transformer -1 -1 -1 792 209 829 272 -1 -1 -1 3.82 1.86 13.73 -1 1.000000
80 16 window -1 -1 -1 128 125 211 185 -1 -1 -1 -10.36 2.14 16.89 -1 1.000000
80 22 window -1 -1 -1 1030 133 1086 209 -1 -1 -1 8.74 1.79 13.99 -1 1.000000
80 25 window -1 -1 -1 910 131 969 206 -1 -1 -1 6.28 1.82 13.62 -1 1.000000
80 26 window -1 -1 -1 785 123 820 202 -1 -1 -1 4.21 1.89 15.70 -1 1.000000
80 27 transformer -1 -1 -1 250 200 301 258 -1 -1 -1 -7.55 2.06 16.12 -1 1.000000
80 29 road sign -1 -1 -1 698 98 735 155 -1 -1 -1 2.12 1.88 13.52 -1 1.000000
80 30 transformer -1 -1 -1 797 208 838 277 -1 -1 -1 3.92 1.85 13.51 -1 1.000000
80 31 building -1 -1 -1 650 41 1241 298 -1 -1 -1 6.69 1.81 13.77 -1 1.000000
80 32 wall -1 -1 -1 717 201 803 262 -1 -1 -1 3.49 1.92 16.62 -1 1.000000
81 16 window -1 -1 -1 136 125 217 186 -1 -1 -1 -10.19 2.08 16.77 -1 1.000000
81 22 window -1 -1 -1 1042 133 1100 213 -1 -1 -1 8.88 1.79 13.74 -1 1.000000
81 25 window -1 -1 -1 922 131 982 207 -1 -1 -1 6.42 1.81 13.44 -1 1.000000
81 26 window -1 -1 -1 794 121 828 202 -1 -1 -1 4.33 1.88 15.45 -1 1.000000
81 27 transformer -1 -1 -1 254 200 306 258 -1 -1 -1 -7.38 2.04 16.05 -1 1.000000
81 29 road sign -1 -1 -1 706 95 742 153 -1 -1 -1 2.21 1.87 13.33 -1 1.000000
81 30 transformer -1 -1 -1 805 209 847 281 -1 -1 -1 4.05 1.84 13.32 -1 1.000000
81 32 wall -1 -1 -1 686 216 811 269 -1 -1 -1 3.53 1.93 16.88 -1 1.000000
81 33 window -1 -1 -1 728 132 752 199 -1 -1 -1 3.53 1.96 18.99 -1 1.000000
82 16 window -1 -1 -1 143 124 222 191 -1 -1 -1 -10.08 2.09 16.70 -1 1.000000
82 22 window -1 -1 -1 1055 131 1113 213 -1 -1 -1 9.00 1.78 13.60 -1 1.000000
82 26 window -1 -1 -1 802 122 837 202 -1 -1 -1 4.47 1.87 15.30 -1 1.000000
82 27 transformer -1 -1 -1 258 199 312 258 -1 -1 -1 -7.21 2.04 16.00 -1 1.000000
82 29 road sign -1 -1 -1 713 98 751 157 -1 -1 -1 2.35 1.85 13.21 -1 1.000000
82 30 transformer -1 -1 -1 816 209 855 281 -1 -1 -1 4.14 1.83 13.16 -1 1.000000
82 32 wall -1 -1 -1 686 218 817 267 -1 -1 -1 3.66 1.91 16.77 -1 1.000000
82 33 window -1 -1 -1 735 132 760 199 -1 -1 -1 3.71 1.95 18.81 -1 1.000000
82 34 window -1 -1 -1 930 111 1010 223 -1 -1 -1 6.56 1.80 13.16 -1 1.000000
83 16 window -1 -1 -1 148 124 230 186 -1 -1 -1 -10.07 2.07 16.79 -1 1.000000
83 22 window -1 -1 -1 1070 131 1130 213 -1 -1 -1 9.24 1.75 13.49 -1 1.000000
83 26 window -1 -1 -1 811 122 847 202 -1 -1 -1 4.62 1.84 15.18 -1 1.000000
83 27 transformer -1 -1 -1 266 200 316 259 -1 -1 -1 -7.06 2.01 15.99 -1 1.000000
83 29 road sign -1 -1 -1 722 98 761 151 -1 -1 -1 2.48 1.84 13.15 -1 1.000000
83 30 transformer -1 -1 -1 827 209 867 281 -1 -1 -1 4.27 1.81 12.93 -1 1.000000
83 32 wall -1 -1 -1 692 219 828 268 -1 -1 -1 3.83 1.87 16.67 -1 1.000000
83 33 window -1 -1 -1 745 130 768 199 -1 -1 -1 3.87 1.90 18.70 -1 1.000000
83 34 window -1 -1 -1 941 110 1024 223 -1 -1 -1 6.67 1.78 12.92 -1 1.000000
84 16 window -1 -1 -1 151 124 235 186 -1 -1 -1 -9.67 2.09 16.77 -1 1.000000
84 22 window -1 -1 -1 1085 129 1146 213 -1 -1 -1 9.49 1.73 13.25 -1 1.000000
84 26 window -1 -1 -1 821 122 857 202 -1 -1 -1 4.78 1.84 14.94 -1 1.000000
84 27 transformer -1 -1 -1 272 200 323 258 -1 -1 -1 -6.91 2.03 15.91 -1 1.000000
84 29 road sign -1 -1 -1 729 96 769 150 -1 -1 -1 2.61 1.83 12.94 -1 1.000000
84 30 transformer -1 -1 -1 838 210 878 281 -1 -1 -1 4.43 1.80 12.80 -1 1.000000
84 32 wall -1 -1 -1 708 217 839 263 -1 -1 -1 4.07 1.87 16.46 -1 1.000000
84 33 window -1 -1 -1 753 131 776 198 -1 -1 -1 4.08 1.91 18.47 -1 1.000000
84 34 window -1 -1 -1 954 109 1039 223 -1 -1 -1 6.88 1.77 12.76 -1 1.000000
85 16 window -1 -1 -1 159 124 242 186 -1 -1 -1 -9.51 2.14 16.72 -1 1.000000
85 22 window -1 -1 -1 1104 128 1164 199 -1 -1 -1 9.60 1.70 13.13 -1 1.000000
85 26 window -1 -1 -1 832 122 869 202 -1 -1 -1 4.93 1.82 14.74 -1 1.000000
85 27 transformer -1 -1 -1 279 200 331 260 -1 -1 -1 -6.68 2.06 15.84 -1 1.000000
85 29 road sign -1 -1 -1 737 94 779 150 -1 -1 -1 2.77 1.82 12.80 -1 1.000000
85 30 transformer -1 -1 -1 848 211 890 279 -1 -1 -1 4.55 1.79 12.62 -1 1.000000
85 32 wall -1 -1 -1 705 218 849 261 -1 -1 -1 4.22 1.86 16.35 -1 1.000000
85 33 window -1 -1 -1 764 126 787 198 -1 -1 -1 4.29 1.90 18.30 -1 1.000000
85 34 window -1 -1 -1 969 108 1054 223 -1 -1 -1 7.01 1.74 12.63 -1 1.000000
86 16 window -1 -1 -1 166 125 252 189 -1 -1 -1 -9.47 2.12 16.70 -1 1.000000
86 26 window -1 -1 -1 844 126 882 202 -1 -1 -1 5.09 1.83 14.60 -1 1.000000
86 27 transformer -1 -1 -1 287 201 339 260 -1 -1 -1 -6.49 2.05 15.77 -1 1.000000
86 29 road sign -1 -1 -1 748 96 791 150 -1 -1 -1 2.92 1.83 12.62 -1 1.000000
86 30 transformer -1 -1 -1 862 213 905 281 -1 -1 -1 4.71 1.80 12.43 -1 1.000000
86 32 wall -1 -1 -1 711 223 864 279 -1 -1 -1 4.42 1.87 16.07 -1 1.000000
86 33 window -1 -1 -1 778 127 800 202 -1 -1 -1 4.52 1.88 17.92 -1 1.000000
86 34 window -1 -1 -1 984 108 1071 223 -1 -1 -1 7.20 1.75 12.38 -1 1.000000
87 16 window -1 -1 -1 177 128 263 191 -1 -1 -1 -9.11 2.14 16.73 -1 1.000000
87 26 window -1 -1 -1 863 122 898 202 -1 -1 -1 5.33 1.90 14.31 -1 1.000000
87 27 transformer -1 -1 -1 297 204 347 264 -1 -1 -1 -6.28 2.09 15.72 -1 1.000000
87 29 road sign -1 -1 -1 761 98 804 155 -1 -1 -1 3.12 1.89 12.38 -1 1.000000
87 30 transformer -1 -1 -1 874 216 921 293 -1 -1 -1 4.90 1.86 12.13 -1 1.000000
87 32 wall -1 -1 -1 719 219 877 280 -1 -1 -1 4.63 1.94 15.93 -1 1.000000
87 33 window -1 -1 -1 791 131 813 204 -1 -1 -1 4.80 1.97 17.67 -1 1.000000
87 34 window -1 -1 -1 1002 110 1092 223 -1 -1 -1 7.38 1.83 12.08 -1 1.000000
88 16 window -1 -1 -1 193 132 274 192 -1 -1 -1 -8.67 2.23 16.70 -1 1.000000
88 26 window -1 -1 -1 874 117 918 223 -1 -1 -1 5.55 1.97 14.03 -1 1.000000
88 27 transformer -1 -1 -1 309 207 356 266 -1 -1 -1 -6.00 2.17 15.54 -1 1.000000
88 30 transformer -1 -1 -1 895 219 941 293 -1 -1 -1 5.12 1.91 11.93 -1 1.000000
88 32 wall -1 -1 -1 750 226 897 272 -1 -1 -1 4.97 2.02 15.55 -1 1.000000
88 33 window -1 -1 -1 804 133 827 210 -1 -1 -1 5.09 2.06 17.40 -1 1.000000
88 34 window -1 -1 -1 1025 111 1115 223 -1 -1 -1 7.61 1.88 11.88 -1 1.000000
88 35 unknown -1 -1 -1 737 138 786 205 -1 -1 -1 4.50 2.21 22.28 -1 1.000000
89 16 window -1 -1 -1 204 133 287 195 -1 -1 -1 -8.33 2.24 16.69 -1 1.000000
89 26 window -1 -1 -1 895 118 939 223 -1 -1 -1 5.82 1.98 13.73 -1 1.000000
89 27 transformer -1 -1 -1 323 208 375 268 -1 -1 -1 -5.65 2.18 15.46 -1 1.000000
89 30 transformer -1 -1 -1 915 222 963 295 -1 -1 -1 5.35 1.93 11.66 -1 1.000000
89 32 wall -1 -1 -1 777 223 916 276 -1 -1 -1 5.34 2.01 14.79 -1 1.000000
89 33 window -1 -1 -1 820 135 844 208 -1 -1 -1 5.42 2.08 17.06 -1 1.000000
89 34 window -1 -1 -1 1050 110 1147 223 -1 -1 -1 7.91 1.90 11.60 -1 1.000000
90 16 window -1 -1 -1 227 132 306 195 -1 -1 -1 -7.89 2.25 16.66 -1 1.000000
90 26 window -1 -1 -1 918 114 966 223 -1 -1 -1 6.14 1.96 13.41 -1 1.000000
90 27 transformer -1 -1 -1 339 207 388 267 -1 -1 -1 -5.25 2.18 15.37 -1 1.000000
90 30 transformer -1 -1 -1 940 223 991 304 -1 -1 -1 5.64 1.91 11.33 -1 1.000000
90 33 window -1 -1 -1 843 133 867 209 -1 -1 -1 5.85 2.06 16.80 -1 1.000000
90 36 car -1 -1 -1 0 222 63 272 -1 -1 -1 -11.63 2.25 14.85 -1 1.000000
90 37 window -1 -1 -1 799 137 824 213 -1 -1 -1 5.57 2.16 20.03 -1 1.000000
91 16 window -1 -1 -1 241 129 324 192 -1 -1 -1 -7.44 2.19 16.60 -1 1.000000
91 26 window -1 -1 -1 948 112 997 223 -1 -1 -1 6.51 1.94 13.07 -1 1.000000
91 27 transformer -1 -1 -1 359 205 408 266 -1 -1 -1 -4.82 2.13 15.34 -1 1.000000
91 30 transformer -1 -1 -1 971 222 1024 304 -1 -1 -1 5.97 1.89 10.97 -1 1.000000
91 33 window -1 -1 -1 866 131 891 207 -1 -1 -1 6.27 2.03 16.44 -1 1.000000
91 36 car -1 -1 -1 9 222 81 267 -1 -1 -1 -11.25 2.19 14.83 -1 1.000000
91 37 window -1 -1 -1 822 136 847 213 -1 -1 -1 6.13 2.12 19.79 -1 1.000000
92 16 window -1 -1 -1 261 128 345 190 -1 -1 -1 -6.98 2.10 16.65 -1 1.000000
92 26 window -1 -1 -1 980 110 1033 223 -1 -1 -1 6.89 1.92 12.70 -1 1.000000
92 27 transformer -1 -1 -1 380 204 426 266 -1 -1 -1 -4.41 2.05 15.34 -1 1.000000
92 30 transformer -1 -1 -1 1005 221 1063 304 -1 -1 -1 6.32 1.87 10.61 -1 1.000000
92 36 car -1 -1 -1 0 191 106 285 -1 -1 -1 -10.63 2.07 14.19 -1 1.000000
92 37 window -1 -1 -1 848 135 875 213 -1 -1 -1 6.72 2.06 19.33 -1 1.000000
92 38 road sign -1 -1 -1 882 87 923 228 -1 -1 -1 4.72 1.90 11.29 -1 1.000000
93 16 window -1 -1 -1 289 127 368 189 -1 -1 -1 -6.28 2.16 16.59 -1 1.000000
93 27 transformer -1 -1 -1 403 204 451 265 -1 -1 -1 -3.83 2.09 15.16 -1 1.000000
93 30 transformer -1 -1 -1 1047 221 1108 304 -1 -1 -1 6.70 1.82 10.22 -1 1.000000
93 36 car -1 -1 -1 1 199 135 290 -1 -1 -1 -10.08 2.16 14.05 -1 1.000000
93 37 window -1 -1 -1 878 132 907 213 -1 -1 -1 7.35 1.98 18.92 -1 1.000000
94 16 window -1 -1 -1 317 126 397 190 -1 -1 -1 -5.65 2.14 16.53 -1 1.000000
94 27 transformer -1 -1 -1 431 203 479 264 -1 -1 -1 -3.24 2.07 15.04 -1 1.000000
94 36 car -1 -1 -1 1 205 161 297 -1 -1 -1 -9.75 2.16 14.08 -1 1.000000
94 37 window -1 -1 -1 913 130 943 202 -1 -1 -1 8.05 1.95 18.36 -1 1.000000
95 16 window -1 -1 -1 346 124 424 188 -1 -1 -1 -5.12 2.10 16.50 -1 1.000000
95 27 transformer -1 -1 -1 459 201 508 264 -1 -1 -1 -2.63 2.02 14.94 -1 1.000000
95 36 car -1 -1 -1 1 192 161 293 -1 -1 -1 -9.54 2.12 13.52 -1 1.000000
96 16 window -1 -1 -1 374 122 456 188 -1 -1 -1 -4.37 2.04 16.46 -1 1.000000
96 27 transformer -1 -1 -1 489 199 538 261 -1 -1 -1 -2.00 1.98 14.79 -1 1.000000
96 36 car -1 -1 -1 1 75 219 298 -1 -1 -1 -9.05 2.06 13.26 -1 1.000000
97 16 window -1 -1 -1 408 120 489 187 -1 -1 -1 -3.63 1.95 16.33 -1 1.000000
97 27 transformer -1 -1 -1 522 198 571 266 -1 -1 -1 -1.33 1.91 14.67 -1 1.000000
97 36 car -1 -1 -1 78 192 262 278 -1 -1 -1 -8.33 1.99 13.51 -1 1.000000
97 39 car -1 -1 -1 0 184 53 260 -1 -1 -1 -11.50 2.03 14.52 -1 1.000000
98 16 window -1 -1 -1 442 119 524 187 -1 -1 -1 -2.77 1.94 16.16 -1 1.000000
98 27 transformer -1 -1 -1 557 198 607 263 -1 -1 -1 -0.60 1.91 14.40 -1 1.000000
98 36 car -1 -1 -1 111 193 299 275 -1 -1 -1 -7.67 1.97 13.22 -1 1.000000
98 39 car -1 -1 -1 1 183 106 287 -1 -1 -1 -10.85 2.01 14.32 -1 1.000000
99 16 window -1 -1 -1 476 116 559 191 -1 -1 -1 -1.98 1.90 16.00 -1 1.000000
99 27 transformer -1 -1 -1 593 197 645 270 -1 -1 -1 0.14 1.87 14.13 -1 1.000000
99 36 car -1 -1 -1 122 192 337 274 -1 -1 -1 -7.06 1.90 13.21 -1 1.000000
99 39 car -1 -1 -1 1 178 201 281 -1 -1 -1 -10.22 1.93 14.11 -1 1.000000
99 40 road sign -1 -1 -1 687 114 707 154 -1 -1 -1 1.57 1.85 12.98 -1 1.000000
100 16 window -1 -1 -1 518 112 596 180 -1 -1 -1 -1.13 1.84 15.73 -1 1.000000
100 27 transformer -1 -1 -1 630 194 680 270 -1 -1 -1 0.85 1.83 13.77 -1 1.000000
100 36 car -1 -1 -1 159 189 372 272 -1 -1 -1 -6.34 1.86 13.02 -1 1.000000
100 39 car -1 -1 -1 27 175 195 271 -1 -1 -1 -9.63 1.88 14.00 -1 1.000000
100 40 road sign -1 -1 -1 727 111 749 149 -1 -1 -1 2.24 1.82 12.61 -1 1.000000
101 16 window -1 -1 -1 555 109 636 191 -1 -1 -1 -0.35 1.80 15.48 -1 1.000000
101 27 transformer -1 -1 -1 672 193 721 262 -1 -1 -1 1.59 1.78 13.40 -1 1.000000
101 36 car -1 -1 -1 197 187 409 271 -1 -1 -1 -5.66 1.81 12.89 -1 1.000000
101 39 car -1 -1 -1 59 173 238 267 -1 -1 -1 -8.91 1.83 14.02 -1 1.000000
101 40 road sign -1 -1 -1 772 78 795 157 -1 -1 -1 2.92 1.77 12.16 -1 1.000000
102 16 window -1 -1 -1 589 100 675 179 -1 -1 -1 0.52 1.70 15.17 -1 1.000000
102 27 transformer -1 -1 -1 714 189 763 258 -1 -1 -1 2.32 1.69 13.01 -1 1.000000
102 36 car -1 -1 -1 246 183 452 267 -1 -1 -1 -4.92 1.74 12.94 -1 1.000000
102 39 car -1 -1 -1 106 167 321 261 -1 -1 -1 -8.13 1.76 14.16 -1 1.000000
102 40 road sign -1 -1 -1 819 67 846 145 -1 -1 -1 3.58 1.68 11.67 -1 1.000000
103 16 window -1 -1 -1 634 95 717 179 -1 -1 -1 1.33 1.58 14.92 -1 1.000000
103 27 transformer -1 -1 -1 757 185 810 259 -1 -1 -1 2.99 1.60 12.59 -1 1.000000
103 36 car -1 -1 -1 283 181 486 263 -1 -1 -1 -4.26 1.65 12.96 -1 1.000000
103 39 car -1 -1 -1 158 165 363 260 -1 -1 -1 -7.37 1.66 14.30 -1 1.000000
103 40 road sign -1 -1 -1 869 57 901 134 -1 -1 -1 4.21 1.60 11.16 -1 1.000000
104 16 window -1 -1 -1 679 95 759 168 -1 -1 -1 2.14 1.43 14.65 -1 1.000000
104 27 transformer -1 -1 -1 803 187 861 263 -1 -1 -1 3.67 1.53 12.14 -1 1.000000
104 36 car -1 -1 -1 321 185 526 266 -1 -1 -1 -3.58 1.43 12.99 -1 1.000000
104 39 car -1 -1 -1 198 170 401 263 -1 -1 -1 -6.69 1.33 14.77 -1 1.000000
105 16 window -1 -1 -1 716 93 807 172 -1 -1 -1 2.97 1.71 14.08 -1 1.000000
105 27 transformer -1 -1 -1 853 190 913 270 -1 -1 -1 4.34 1.66 11.43 -1 1.000000
105 36 car -1 -1 -1 355 187 564 272 -1 -1 -1 -2.83 1.80 12.36 -1 1.000000
105 39 car -1 -1 -1 250 171 443 266 -1 -1 -1 -5.68 1.87 13.95 -1 1.000000
105 41 car -1 -1 -1 44 185 119 227 -1 -1 -1 -25.14 2.43 34.30 -1 1.000000
106 16 window -1 -1 -1 760 91 858 175 -1 -1 -1 3.74 1.64 13.54 -1 1.000000
106 27 transformer -1 -1 -1 908 192 973 270 -1 -1 -1 4.98 1.60 10.92 -1 1.000000
106 36 car -1 -1 -1 392 187 603 274 -1 -1 -1 -2.13 1.79 12.25 -1 1.000000
106 39 car -1 -1 -1 284 170 480 267 -1 -1 -1 -4.90 1.87 13.96 -1 1.000000
106 41 car -1 -1 -1 91 185 168 223 -1 -1 -1 -22.82 2.42 34.37 -1 1.000000
107 16 window -1 -1 -1 805 85 914 172 -1 -1 -1 4.56 1.67 12.98 -1 1.000000
107 27 transformer -1 -1 -1 971 192 1041 270 -1 -1 -1 5.58 1.63 10.17 -1 1.000000
107 36 car -1 -1 -1 437 185 646 276 -1 -1 -1 -1.35 1.76 12.01 -1 1.000000
107 39 car -1 -1 -1 323 170 515 265 -1 -1 -1 -4.14 1.82 13.82 -1 1.000000
107 41 car -1 -1 -1 144 182 215 219 -1 -1 -1 -20.51 2.29 34.55 -1 1.000000
108 16 window -1 -1 -1 865 81 976 171 -1 -1 -1 5.32 1.58 12.28 -1 1.000000
108 36 car -1 -1 -1 474 186 690 276 -1 -1 -1 -0.74 1.71 11.72 -1 1.000000
108 39 car -1 -1 -1 405 171 524 268 -1 -1 -1 -3.14 1.76 13.46 -1 1.000000
108 41 car -1 -1 -1 193 181 262 218 -1 -1 -1 -18.36 2.15 34.84 -1 1.000000
108 42 unknown -1 -1 -1 493 172 557 198 -1 -1 -1 -1.71 1.74 14.97 -1 1.000000
108 43 unknown -1 -1 -1 364 169 430 248 -1 -1 -1 -4.16 1.79 14.13 -1 1.000000
109 16 window -1 -1 -1 915 76 1044 173 -1 -1 -1 5.99 1.15 11.88 -1 1.000000
109 36 car -1 -1 -1 511 187 737 280 -1 -1 -1 -0.07 1.49 11.58 -1 1.000000
109 39 car -1 -1 -1 449 171 560 268 -1 -1 -1 -2.34 1.57 13.44 -1 1.000000
109 41 car -1 -1 -1 239 181 305 217 -1 -1 -1 -16.34 1.93 35.29 -1 1.000000
109 43 unknown -1 -1 -1 401 171 466 248 -1 -1 -1 -3.52 1.62 14.14 -1 1.000000
109 44 van -1 -1 -1 0 176 75 246 -1 -1 -1 -17.10 2.18 22.09 -1 1.000000
110 36 car -1 -1 -1 572 179 786 282 -1 -1 -1 0.75 1.45 11.03 -1 1.000000
110 39 car -1 -1 -1 485 171 600 270 -1 -1 -1 -1.57 1.54 13.01 -1 1.000000
110 41 car -1 -1 -1 284 182 348 217 -1 -1 -1 -14.26 1.92 35.20 -1 1.000000
110 43 unknown -1 -1 -1 439 171 503 249 -1 -1 -1 -2.74 1.59 13.84 -1 1.000000
110 44 van -1 -1 -1 45 178 144 246 -1 -1 -1 -15.87 2.16 22.30 -1 1.000000
111 36 car -1 -1 -1 613 184 837 282 -1 -1 -1 1.39 1.44 10.31 -1 1.000000
111 39 car -1 -1 -1 516 169 635 276 -1 -1 -1 -0.89 1.56 12.49 -1 1.000000
111 41 car -1 -1 -1 324 181 386 216 -1 -1 -1 -12.12 2.17 34.34 -1 1.000000
111 43 unknown -1 -1 -1 476 171 532 247 -1 -1 -1 -2.09 1.63 13.41 -1 1.000000
111 44 van -1 -1 -1 95 178 190 245 -1 -1 -1 -14.54 2.27 22.34 -1 1.000000
112 36 car -1 -1 -1 629 178 887 286 -1 -1 -1 1.89 1.38 9.84 -1 1.000000
112 39 car -1 -1 -1 557 169 668 282 -1 -1 -1 -0.24 1.50 12.20 -1 1.000000
112 41 car -1 -1 -1 363 183 424 217 -1 -1 -1 -10.30 1.99 34.83 -1 1.000000
112 43 unknown -1 -1 -1 512 174 563 247 -1 -1 -1 -1.49 1.56 13.53 -1 1.000000
112 44 van -1 -1 -1 139 182 226 247 -1 -1 -1 -13.30 2.27 22.69 -1 1.000000
113 36 car -1 -1 -1 669 177 944 294 -1 -1 -1 2.30 1.64 9.03 -1 1.000000
113 39 car -1 -1 -1 545 164 761 279 -1 -1 -1 0.21 1.72 11.73 -1 1.000000
113 41 car -1 -1 -1 400 183 460 217 -1 -1 -1 -8.53 2.12 34.22 -1 1.000000
113 44 van -1 -1 -1 181 182 265 247 -1 -1 -1 -12.07 2.15 22.80 -1 1.000000
113 45 window -1 -1 -1 804 94 839 168 -1 -1 -1 4.63 1.63 15.81 -1 1.000000
114 36 car -1 -1 -1 711 171 1002 303 -1 -1 -1 2.80 1.64 8.53 -1 1.000000
114 39 car -1 -1 -1 631 163 797 281 -1 -1 -1 1.02 1.70 11.19 -1 1.000000
114 41 car -1 -1 -1 435 182 494 216 -1 -1 -1 -6.80 2.08 33.98 -1 1.000000
114 44 van -1 -1 -1 219 180 303 245 -1 -1 -1 -10.89 2.11 22.63 -1 1.000000
114 45 window -1 -1 -1 851 91 887 168 -1 -1 -1 5.46 1.62 15.23 -1 1.000000
114 46 unknown -1 -1 -1 581 175 629 249 -1 -1 -1 -0.27 1.76 13.74 -1 1.000000
115 36 car -1 -1 -1 757 186 1076 324 -1 -1 -1 3.21 1.64 7.91 -1 1.000000
115 39 car -1 -1 -1 668 164 836 287 -1 -1 -1 1.62 1.69 10.67 -1 1.000000
115 41 car -1 -1 -1 470 168 527 215 -1 -1 -1 -5.21 1.97 33.70 -1 1.000000
115 44 van -1 -1 -1 255 175 337 238 -1 -1 -1 -9.82 1.99 22.48 -1 1.000000
115 45 window -1 -1 -1 899 88 942 168 -1 -1 -1 6.20 1.62 14.36 -1 1.000000
115 46 unknown -1 -1 -1 617 187 650 256 -1 -1 -1 0.39 1.73 13.24 -1 1.000000
116 36 car -1 -1 -1 806 187 1153 329 -1 -1 -1 3.56 1.64 7.24 -1 1.000000
116 39 car -1 -1 -1 686 162 852 300 -1 -1 -1 2.03 1.70 10.02 -1 1.000000
116 41 car -1 -1 -1 498 181 558 216 -1 -1 -1 -3.81 2.05 33.14 -1 1.000000
116 44 van -1 -1 -1 283 176 365 235 -1 -1 -1 -8.74 2.03 22.34 -1 1.000000
116 45 window -1 -1 -1 950 84 993 168 -1 -1 -1 6.82 1.65 13.57 -1 1.000000
116 46 unknown -1 -1 -1 649 187 685 258 -1 -1 -1 0.95 1.75 12.78 -1 1.000000
117 36 car -1 -1 -1 953 186 1237 356 -1 -1 -1 4.33 1.61 6.70 -1 1.000000
117 39 car -1 -1 -1 743 164 961 303 -1 -1 -1 2.52 1.69 9.46 -1 1.000000
117 41 car -1 -1 -1 525 183 584 217 -1 -1 -1 -2.55 2.15 32.63 -1 1.000000
117 44 van -1 -1 -1 306 179 392 246 -1 -1 -1 -7.96 2.12 21.88 -1 1.000000
117 45 window -1 -1 -1 1001 77 1048 157 -1 -1 -1 7.38 1.63 12.80 -1 1.000000
117 46 unknown -1 -1 -1 679 183 722 266 -1 -1 -1 1.42 1.76 12.24 -1 1.000000
117 47 greenery -1 -1 -1 174 172 226 237 -1 -1 -1 -9.44 2.07 16.44 -1 1.000000
118 36 car -1 -1 -1 955 179 1238 367 -1 -1 -1 4.06 1.64 6.01 -1 1.000000
118 39 car -1 -1 -1 779 165 1012 298 -1 -1 -1 2.83 1.70 8.81 -1 1.000000
118 41 car -1 -1 -1 548 185 607 220 -1 -1 -1 -1.43 2.15 32.23 -1 1.000000
118 44 van -1 -1 -1 331 181 414 259 -1 -1 -1 -7.15 2.15 21.55 -1 1.000000
118 46 unknown -1 -1 -1 708 192 747 263 -1 -1 -1 1.83 1.77 11.82 -1 1.000000
118 47 greenery -1 -1 -1 191 174 244 230 -1 -1 -1 -8.85 2.10 16.11 -1 1.000000
119 36 car -1 -1 -1 936 191 1240 374 -1 -1 -1 3.78 1.67 5.36 -1 1.000000
119 39 car -1 -1 -1 818 160 1073 326 -1 -1 -1 3.19 1.72 8.13 -1 1.000000
119 41 car -1 -1 -1 569 184 629 221 -1 -1 -1 -0.44 2.15 31.80 -1 1.000000
119 44 van -1 -1 -1 349 182 433 250 -1 -1 -1 -6.47 2.13 21.15 -1 1.000000
119 46 unknown -1 -1 -1 736 196 778 281 -1 -1 -1 2.18 1.79 11.26 -1 1.000000
119 47 greenery -1 -1 -1 207 173 256 232 -1 -1 -1 -8.35 2.08 15.72 -1 1.000000
119 48 window -1 -1 -1 62 146 132 237 -1 -1 -1 -8.11 2.01 11.50 -1 1.000000
120 36 car -1 -1 -1 987 192 1240 372 -1 -1 -1 3.63 1.68 4.78 -1 1.000000
120 39 car -1 -1 -1 845 163 1128 337 -1 -1 -1 3.42 1.73 7.48 -1 1.000000
120 41 car -1 -1 -1 587 184 649 223 -1 -1 -1 0.43 2.22 31.19 -1 1.000000
120 44 van -1 -1 -1 364 182 451 259 -1 -1 -1 -5.88 2.14 20.63 -1 1.000000
120 46 unknown -1 -1 -1 766 199 814 281 -1 -1 -1 2.52 1.80 10.68 -1 1.000000
120 47 greenery -1 -1 -1 220 173 267 231 -1 -1 -1 -7.90 2.07 15.35 -1 1.000000
120 48 window -1 -1 -1 57 145 135 236 -1 -1 -1 -7.77 1.98 11.07 -1 1.000000
121 36 car -1 -1 -1 1067 217 1241 374 -1 -1 -1 3.52 1.69 4.36 -1 1.000000
121 39 car -1 -1 -1 903 162 1227 367 -1 -1 -1 3.49 1.72 6.61 -1 1.000000
121 41 car -1 -1 -1 606 185 667 224 -1 -1 -1 1.22 2.20 30.63 -1 1.000000
121 44 van -1 -1 -1 381 181 465 249 -1 -1 -1 -5.29 2.11 20.19 -1 1.000000
121 46 unknown -1 -1 -1 795 204 847 283 -1 -1 -1 2.79 1.80 9.97 -1 1.000000
122 36 car -1 -1 -1 1149 222 1240 374 -1 -1 -1 3.50 1.67 4.07 -1 1.000000
122 39 car -1 -1 -1 948 157 1240 374 -1 -1 -1 3.67 1.69 5.97 -1 1.000000
122 41 car -1 -1 -1 622 184 685 222 -1 -1 -1 1.92 2.09 30.10 -1 1.000000
122 44 van -1 -1 -1 388 180 481 256 -1 -1 -1 -4.82 2.05 19.70 -1 1.000000
122 46 unknown -1 -1 -1 824 195 893 296 -1 -1 -1 3.04 1.75 9.28 -1 1.000000
123 39 car -1 -1 -1 948 148 1240 374 -1 -1 -1 3.62 1.65 5.37 -1 1.000000
123 41 car -1 -1 -1 636 181 701 220 -1 -1 -1 2.45 1.98 29.55 -1 1.000000
123 44 van -1 -1 -1 397 178 491 256 -1 -1 -1 -4.46 2.01 19.21 -1 1.000000
123 46 unknown -1 -1 -1 854 184 940 292 -1 -1 -1 3.22 1.70 8.59 -1 1.000000
124 39 car -1 -1 -1 1073 152 1241 374 -1 -1 -1 3.70 1.63 4.72 -1 1.000000
124 41 car -1 -1 -1 647 179 714 220 -1 -1 -1 2.97 1.90 28.90 -1 1.000000
124 44 van -1 -1 -1 402 177 499 262 -1 -1 -1 -4.15 1.99 18.63 -1 1.000000
124 46 unknown -1 -1 -1 884 180 987 311 -1 -1 -1 3.38 1.67 7.89 -1 1.000000
