21 0 car -1 -1 -1 500 176 561 211 -1 -1 -1 -4.85 2.09 39.99 -1 1.000000
22 0 car -1 -1 -1 496 177 563 209 -1 -1 -1 -4.84 2.03 38.10 -1 1.000000
23 0 car -1 -1 -1 485 173 534 213 -1 -1 -1 -4.85 1.93 35.01 -1 1.000000
24 0 car -1 -1 -1 474 172 525 218 -1 -1 -1 -4.88 1.97 32.33 -1 1.000000
25 0 car -1 -1 -1 442 167 527 225 -1 -1 -1 -4.90 2.04 29.80 -1 1.000000
26 0 car -1 -1 -1 452 178 513 230 -1 -1 -1 -4.82 2.08 27.10 -1 1.000000
27 0 car -1 -1 -1 429 173 505 235 -1 -1 -1 -4.74 2.03 24.47 -1 1.000000
28 0 car -1 -1 -1 417 181 497 241 -1 -1 -1 -4.64 1.96 21.93 -1 1.000000
29 0 car -1 -1 -1 391 180 486 247 -1 -1 -1 -4.57 1.86 19.25 -1 1.000000
30 0 car -1 -1 -1 361 182 473 260 -1 -1 -1 -4.44 1.87 16.69 -1 1.000000
31 0 car -1 -1 -1 320 180 456 274 -1 -1 -1 -4.33 1.85 14.12 -1 1.000000
32 0 car -1 -1 -1 259 180 435 298 -1 -1 -1 -4.18 1.83 11.58 -1 1.000000
33 0 car -1 -1 -1 182 185 407 331 -1 -1 -1 -3.93 1.79 9.09 -1 1.000000
34 0 car -1 -1 -1 1 182 371 374 -1 -1 -1 -3.68 1.78 6.76 -1 1.000000
35 0 car -1 -1 -1 0 201 284 375 -1 -1 -1 -3.61 1.80 4.30 -1 1.000000
36 1 tracking error -1 -1 -1 0 261 127 375 -1 -1 -1 -3.55 1.81 1.84 -1 1.000000
81 2 car -1 -1 -1 500 176 566 211 -1 -1 -1 -4.52 2.01 35.21 -1 1.000000
82 2 car -1 -1 -1 493 176 540 215 -1 -1 -1 -4.39 1.98 32.34 -1 1.000000
83 2 car -1 -1 -1 483 176 539 219 -1 -1 -1 -4.18 1.92 29.30 -1 1.000000
84 2 car -1 -1 -1 469 178 530 226 -1 -1 -1 -4.16 1.91 26.34 -1 1.000000
85 2 car -1 -1 -1 453 178 522 232 -1 -1 -1 -4.04 1.89 23.35 -1 1.000000
86 2 car -1 -1 -1 430 178 513 234 -1 -1 -1 -3.92 1.89 20.44 -1 1.000000
87 2 car -1 -1 -1 405 179 502 256 -1 -1 -1 -3.83 1.88 17.54 -1 1.000000
88 2 car -1 -1 -1 363 180 486 272 -1 -1 -1 -3.70 1.89 14.46 -1 1.000000
88 3 car -1 -1 -1 518 177 568 209 -1 -1 -1 -4.02 2.04 38.86 -1 1.000000
89 2 car -1 -1 -1 299 181 462 287 -1 -1 -1 -3.54 1.86 11.66 -1 1.000000
89 3 car -1 -1 -1 513 173 566 209 -1 -1 -1 -3.96 2.02 36.47 -1 1.000000
90 2 car -1 -1 -1 200 184 427 345 -1 -1 -1 -3.37 1.82 8.60 -1 1.000000
90 3 car -1 -1 -1 507 177 557 215 -1 -1 -1 -3.89 1.98 33.65 -1 1.000000
91 2 car -1 -1 -1 1 184 373 374 -1 -1 -1 -3.18 1.76 6.06 -1 1.000000
91 3 car -1 -1 -1 500 135 567 221 -1 -1 -1 -3.74 1.99 30.45 -1 1.000000
92 2 car -1 -1 -1 0 196 284 375 -1 -1 -1 -3.14 1.77 3.17 -1 1.000000
92 3 car -1 -1 -1 487 183 544 226 -1 -1 -1 -3.63 1.98 27.03 -1 1.000000
93 3 car -1 -1 -1 473 184 537 232 -1 -1 -1 -3.55 1.95 23.80 -1 1.000000
94 3 car -1 -1 -1 454 187 529 241 -1 -1 -1 -3.44 1.91 20.66 -1 1.000000
95 3 car -1 -1 -1 429 191 520 256 -1 -1 -1 -3.32 1.92 17.57 -1 1.000000
96 3 car -1 -1 -1 393 194 504 271 -1 -1 -1 -3.22 1.90 14.36 -1 1.000000
97 3 car -1 -1 -1 327 195 483 297 -1 -1 -1 -3.13 1.83 11.15 -1 1.000000
98 3 car -1 -1 -1 245 200 451 323 -1 -1 -1 -2.85 1.78 8.64 -1 1.000000
99 3 car -1 -1 -1 1 212 399 374 -1 -1 -1 -2.66 1.76 5.92 -1 1.000000
100 3 car -1 -1 -1 1 234 282 374 -1 -1 -1 -2.60 1.75 4.23 -1 1.000000
101 3 car -1 -1 -1 0 357 15 375 -1 -1 -1 -2.58 1.75 1.79 -1 1.000000
127 4 pole -1 -1 -1 406 193 420 240 -1 -1 -1 -5.72 1.89 20.99 -1 1.000000
128 4 pole -1 -1 -1 389 195 402 241 -1 -1 -1 -5.72 1.88 19.32 -1 1.000000
129 4 pole -1 -1 -1 372 200 384 248 -1 -1 -1 -5.70 1.90 17.71 -1 1.000000
130 4 pole -1 -1 -1 349 203 360 255 -1 -1 -1 -5.68 1.93 16.09 -1 1.000000
131 4 pole -1 -1 -1 321 207 333 259 -1 -1 -1 -5.69 1.92 14.62 -1 1.000000
162 5 pole -1 -1 -1 343 205 356 260 -1 -1 -1 -5.99 1.91 16.60 -1 1.000000
163 5 pole -1 -1 -1 320 214 331 266 -1 -1 -1 -6.00 1.90 15.28 -1 1.000000
164 5 pole -1 -1 -1 292 217 304 273 -1 -1 -1 -5.97 1.91 13.81 -1 1.000000
182 6 pole -1 -1 -1 780 194 793 260 -1 -1 -1 3.33 1.52 13.64 -1 1.000000
183 6 pole -1 -1 -1 798 194 812 270 -1 -1 -1 3.36 1.53 12.43 -1 1.000000
184 6 pole -1 -1 -1 820 198 833 281 -1 -1 -1 3.40 1.54 11.29 -1 1.000000
187 7 road sign -1 -1 -1 800 70 862 132 -1 -1 -1 3.96 1.49 12.60 -1 1.000000
188 7 road sign -1 -1 -1 819 60 888 134 -1 -1 -1 3.97 1.49 11.54 -1 1.000000
189 7 road sign -1 -1 -1 842 48 919 123 -1 -1 -1 4.01 1.48 10.47 -1 1.000000
190 7 road sign -1 -1 -1 869 37 954 114 -1 -1 -1 4.03 1.47 9.43 -1 1.000000
191 7 road sign -1 -1 -1 899 20 998 114 -1 -1 -1 4.04 1.47 8.45 -1 1.000000
192 7 road sign -1 -1 -1 939 1 1050 111 -1 -1 -1 4.05 1.47 7.50 -1 1.000000
196 8 road sign -1 -1 -1 745 193 760 259 -1 -1 -1 2.56 1.51 12.84 -1 1.000000
197 8 road sign -1 -1 -1 755 196 771 260 -1 -1 -1 2.56 1.52 12.00 -1 1.000000
198 8 road sign -1 -1 -1 766 198 783 271 -1 -1 -1 2.56 1.50 11.23 -1 1.000000
199 8 road sign -1 -1 -1 777 202 796 284 -1 -1 -1 2.55 1.54 10.41 -1 1.000000
200 8 road sign -1 -1 -1 790 206 810 296 -1 -1 -1 2.53 1.56 9.64 -1 1.000000
201 8 road sign -1 -1 -1 799 210 826 293 -1 -1 -1 2.50 1.55 8.94 -1 1.000000
202 8 road sign -1 -1 -1 814 213 839 281 -1 -1 -1 2.48 1.54 8.27 -1 1.000000
203 8 road sign -1 -1 -1 828 214 853 293 -1 -1 -1 2.46 1.53 7.61 -1 1.000000
204 8 road sign -1 -1 -1 847 219 874 304 -1 -1 -1 2.43 1.52 6.96 -1 1.000000
205 8 road sign -1 -1 -1 870 225 898 332 -1 -1 -1 2.41 1.51 6.35 -1 1.000000
206 8 road sign -1 -1 -1 896 231 927 335 -1 -1 -1 2.39 1.49 5.74 -1 1.000000
207 8 road sign -1 -1 -1 924 239 959 351 -1 -1 -1 2.37 1.48 5.17 -1 1.000000
208 8 road sign -1 -1 -1 958 245 998 374 -1 -1 -1 2.36 1.47 4.62 -1 1.000000
212 9 road sign -1 -1 -1 395 213 415 279 -1 -1 -1 -3.32 1.72 11.65 -1 1.000000
213 9 road sign -1 -1 -1 382 216 403 279 -1 -1 -1 -3.34 1.72 11.08 -1 1.000000
214 9 road sign -1 -1 -1 368 218 389 281 -1 -1 -1 -3.38 1.72 10.58 -1 1.000000
215 9 road sign -1 -1 -1 354 217 375 285 -1 -1 -1 -3.40 1.69 10.06 -1 1.000000
216 9 road sign -1 -1 -1 340 226 362 302 -1 -1 -1 -3.41 1.76 9.53 -1 1.000000
217 9 road sign -1 -1 -1 322 243 345 315 -1 -1 -1 -3.42 1.95 8.97 -1 1.000000
218 9 road sign -1 -1 -1 304 264 328 338 -1 -1 -1 -3.43 2.16 8.47 -1 1.000000
219 9 road sign -1 -1 -1 282 278 309 360 -1 -1 -1 -3.46 2.26 7.97 -1 1.000000
220 9 road sign -1 -1 -1 260 281 288 360 -1 -1 -1 -3.48 2.24 7.47 -1 1.000000
221 9 road sign -1 -1 -1 233 275 264 374 -1 -1 -1 -3.50 2.08 6.97 -1 1.000000
222 9 road sign -1 -1 -1 205 269 240 374 -1 -1 -1 -3.49 1.95 6.51 -1 1.000000
228 10 greenery -1 -1 -1 837 124 886 202 -1 -1 -1 5.42 1.76 15.45 -1 1.000000
229 10 greenery -1 -1 -1 838 122 896 202 -1 -1 -1 5.35 1.65 14.95 -1 1.000000
229 11 advertising -1 -1 -1 290 197 347 253 -1 -1 -1 -6.83 1.84 16.27 -1 1.000000
230 10 greenery -1 -1 -1 847 112 899 190 -1 -1 -1 5.32 1.54 14.47 -1 1.000000
230 11 advertising -1 -1 -1 279 191 318 249 -1 -1 -1 -6.86 1.70 15.84 -1 1.000000
230 12 greenery -1 -1 -1 784 129 853 202 -1 -1 -1 5.20 1.51 17.87 -1 1.000000
230 13 road sign -1 -1 -1 312 110 340 184 -1 -1 -1 -11.79 1.63 29.94 -1 1.000000
231 10 greenery -1 -1 -1 854 99 913 172 -1 -1 -1 5.30 1.34 13.98 -1 1.000000
231 11 advertising -1 -1 -1 268 181 307 240 -1 -1 -1 -6.86 1.47 15.37 -1 1.000000
231 12 greenery -1 -1 -1 790 117 859 185 -1 -1 -1 5.17 1.26 17.37 -1 1.000000
231 13 road sign -1 -1 -1 306 98 332 171 -1 -1 -1 -11.88 1.21 29.63 -1 1.000000
231 14 car -1 -1 -1 130 163 205 184 -1 -1 -1 -18.89 1.30 30.01 -1 1.000000
232 10 greenery -1 -1 -1 853 85 932 191 -1 -1 -1 5.35 1.15 13.54 -1 1.000000
232 11 advertising -1 -1 -1 257 170 298 231 -1 -1 -1 -6.85 1.25 14.86 -1 1.000000
232 12 greenery -1 -1 -1 798 106 867 171 -1 -1 -1 5.15 1.03 16.83 -1 1.000000
232 13 road sign -1 -1 -1 296 86 328 174 -1 -1 -1 -11.96 0.78 29.26 -1 1.000000
232 14 car -1 -1 -1 122 149 196 170 -1 -1 -1 -18.53 0.84 29.29 -1 1.000000
233 10 greenery -1 -1 -1 867 64 962 175 -1 -1 -1 5.40 1.01 12.97 -1 1.000000
233 11 advertising -1 -1 -1 242 159 285 223 -1 -1 -1 -6.88 1.06 14.37 -1 1.000000
233 12 greenery -1 -1 -1 802 94 875 168 -1 -1 -1 5.13 0.85 16.29 -1 1.000000
233 13 road sign -1 -1 -1 293 75 322 178 -1 -1 -1 -12.00 0.41 28.85 -1 1.000000
233 14 car -1 -1 -1 112 140 181 161 -1 -1 -1 -18.30 0.47 28.66 -1 1.000000
234 10 greenery -1 -1 -1 874 66 952 175 -1 -1 -1 5.35 0.94 12.53 -1 1.000000
234 11 advertising -1 -1 -1 229 161 273 226 -1 -1 -1 -6.90 1.09 13.94 -1 1.000000
234 12 greenery -1 -1 -1 805 90 879 161 -1 -1 -1 5.09 0.77 15.82 -1 1.000000
234 13 road sign -1 -1 -1 285 74 318 181 -1 -1 -1 -12.06 0.43 28.34 -1 1.000000
234 14 car -1 -1 -1 102 141 173 162 -1 -1 -1 -18.23 0.55 28.13 -1 1.000000
235 10 greenery -1 -1 -1 876 74 983 191 -1 -1 -1 5.36 1.08 12.08 -1 1.000000
235 11 advertising -1 -1 -1 215 171 261 240 -1 -1 -1 -6.95 1.28 13.54 -1 1.000000
235 12 greenery -1 -1 -1 809 94 892 165 -1 -1 -1 5.07 0.96 15.29 -1 1.000000
235 13 road sign -1 -1 -1 275 82 310 177 -1 -1 -1 -12.19 0.78 27.97 -1 1.000000
235 14 car -1 -1 -1 92 151 166 174 -1 -1 -1 -18.58 0.93 27.64 -1 1.000000
236 10 greenery -1 -1 -1 893 84 974 191 -1 -1 -1 5.28 1.29 11.66 -1 1.000000
236 11 advertising -1 -1 -1 201 184 249 259 -1 -1 -1 -6.97 1.50 13.11 -1 1.000000
236 12 greenery -1 -1 -1 812 108 893 178 -1 -1 -1 5.03 1.21 14.87 -1 1.000000
236 13 road sign -1 -1 -1 271 93 306 204 -1 -1 -1 -12.31 1.22 27.58 -1 1.000000
236 14 car -1 -1 -1 76 162 156 188 -1 -1 -1 -18.98 1.35 27.43 -1 1.000000
237 10 greenery -1 -1 -1 898 96 983 207 -1 -1 -1 5.22 1.50 11.21 -1 1.000000
237 11 advertising -1 -1 -1 185 195 235 270 -1 -1 -1 -6.97 1.67 12.63 -1 1.000000
237 12 greenery -1 -1 -1 818 108 913 207 -1 -1 -1 5.03 1.47 14.28 -1 1.000000
237 13 road sign -1 -1 -1 264 102 297 207 -1 -1 -1 -12.33 1.58 27.10 -1 1.000000
237 14 car -1 -1 -1 62 172 133 197 -1 -1 -1 -18.97 1.69 26.84 -1 1.000000
238 10 greenery -1 -1 -1 911 100 995 204 -1 -1 -1 5.17 1.64 10.73 -1 1.000000
238 11 advertising -1 -1 -1 166 202 220 281 -1 -1 -1 -7.01 1.78 12.13 -1 1.000000
238 12 greenery -1 -1 -1 817 114 922 220 -1 -1 -1 5.03 1.64 13.77 -1 1.000000
238 13 road sign -1 -1 -1 259 108 292 210 -1 -1 -1 -12.32 1.83 26.56 -1 1.000000
239 10 greenery -1 -1 -1 915 106 1009 215 -1 -1 -1 5.16 1.71 10.29 -1 1.000000
239 11 advertising -1 -1 -1 148 210 203 293 -1 -1 -1 -7.00 1.87 11.66 -1 1.000000
239 12 greenery -1 -1 -1 829 122 934 231 -1 -1 -1 5.01 1.73 13.28 -1 1.000000
239 13 road sign -1 -1 -1 253 114 286 214 -1 -1 -1 -12.26 2.04 25.83 -1 1.000000
240 10 greenery -1 -1 -1 934 104 1020 213 -1 -1 -1 5.16 1.72 9.92 -1 1.000000
240 11 advertising -1 -1 -1 128 214 189 301 -1 -1 -1 -7.05 1.95 11.26 -1 1.000000
240 12 greenery -1 -1 -1 835 121 945 226 -1 -1 -1 5.07 1.77 12.78 -1 1.000000
240 13 road sign -1 -1 -1 244 118 278 230 -1 -1 -1 -12.24 2.29 25.45 -1 1.000000
240 15 car -1 -1 -1 32 195 120 219 -1 -1 -1 -18.61 2.38 24.94 -1 1.000000
241 10 greenery -1 -1 -1 945 93 1046 209 -1 -1 -1 5.15 1.63 9.44 -1 1.000000
241 11 advertising -1 -1 -1 108 214 169 306 -1 -1 -1 -7.06 1.94 10.80 -1 1.000000
241 12 greenery -1 -1 -1 844 112 957 223 -1 -1 -1 5.02 1.66 12.27 -1 1.000000
241 13 road sign -1 -1 -1 235 113 272 235 -1 -1 -1 -12.30 2.23 25.00 -1 1.000000
242 11 advertising -1 -1 -1 83 216 148 319 -1 -1 -1 -7.08 1.92 10.35 -1 1.000000
242 12 greenery -1 -1 -1 867 111 968 223 -1 -1 -1 5.01 1.59 11.75 -1 1.000000
242 13 road sign -1 -1 -1 222 105 263 218 -1 -1 -1 -12.38 2.15 24.48 -1 1.000000
242 16 greenery -1 -1 -1 943 71 1100 225 -1 -1 -1 5.26 1.57 8.88 -1 1.000000
243 12 greenery -1 -1 -1 883 111 984 218 -1 -1 -1 5.02 1.61 11.21 -1 1.000000
243 16 greenery -1 -1 -1 969 67 1116 225 -1 -1 -1 5.22 1.59 8.46 -1 1.000000
243 17 car -1 -1 -1 189 187 259 233 -1 -1 -1 -14.90 2.21 27.93 -1 1.000000
244 12 greenery -1 -1 -1 861 93 1009 234 -1 -1 -1 4.99 1.68 10.80 -1 1.000000
244 17 car -1 -1 -1 180 187 251 219 -1 -1 -1 -15.22 2.31 27.74 -1 1.000000
245 12 greenery -1 -1 -1 868 114 1016 237 -1 -1 -1 4.94 1.73 10.41 -1 1.000000
245 17 car -1 -1 -1 161 192 247 223 -1 -1 -1 -15.69 2.42 28.43 -1 1.000000
246 17 car -1 -1 -1 160 197 221 225 -1 -1 -1 -15.98 2.53 28.48 -1 1.000000
247 17 car -1 -1 -1 151 197 233 231 -1 -1 -1 -17.33 2.64 30.15 -1 1.000000
248 17 car -1 -1 -1 141 197 226 231 -1 -1 -1 -19.41 2.72 33.51 -1 1.000000
248 18 car -1 -1 -1 73 183 157 221 -1 -1 -1 -23.78 2.85 33.66 -1 1.000000
249 17 car -1 -1 -1 131 198 217 227 -1 -1 -1 -19.32 2.68 32.31 -1 1.000000
249 18 car -1 -1 -1 61 183 143 219 -1 -1 -1 -23.53 2.82 32.97 -1 1.000000
250 17 car -1 -1 -1 118 199 208 234 -1 -1 -1 -19.22 2.63 31.55 -1 1.000000
250 18 car -1 -1 -1 46 188 132 219 -1 -1 -1 -23.48 2.77 32.27 -1 1.000000
251 17 car -1 -1 -1 105 198 198 243 -1 -1 -1 -19.38 2.59 30.76 -1 1.000000
251 18 car -1 -1 -1 34 192 119 218 -1 -1 -1 -23.49 2.74 31.66 -1 1.000000
252 17 car -1 -1 -1 92 198 193 246 -1 -1 -1 -19.29 2.56 30.05 -1 1.000000
252 18 car -1 -1 -1 4 198 101 224 -1 -1 -1 -23.60 2.72 31.08 -1 1.000000
253 17 car -1 -1 -1 79 199 180 244 -1 -1 -1 -19.51 2.55 29.68 -1 1.000000
253 18 car -1 -1 -1 1 198 80 225 -1 -1 -1 -23.61 2.71 30.38 -1 1.000000
254 17 car -1 -1 -1 63 199 167 241 -1 -1 -1 -19.56 2.49 28.91 -1 1.000000
254 18 car -1 -1 -1 1 197 81 227 -1 -1 -1 -23.57 2.65 29.64 -1 1.000000
255 17 car -1 -1 -1 63 199 146 239 -1 -1 -1 -19.66 2.49 27.85 -1 1.000000
255 18 car -1 -1 -1 0 195 51 228 -1 -1 -1 -23.69 2.61 29.05 -1 1.000000
256 17 car -1 -1 -1 34 197 124 238 -1 -1 -1 -20.02 2.46 27.43 -1 1.000000
257 17 car -1 -1 -1 20 196 104 240 -1 -1 -1 -20.14 2.45 26.92 -1 1.000000
258 17 car -1 -1 -1 1 195 82 243 -1 -1 -1 -20.31 2.39 26.08 -1 1.000000
259 19 car -1 -1 -1 23 174 111 238 -1 -1 -1 -20.06 2.33 26.91 -1 1.000000
260 19 car -1 -1 -1 14 199 98 242 -1 -1 -1 -20.10 2.33 26.64 -1 1.000000
261 19 car -1 -1 -1 14 195 85 244 -1 -1 -1 -20.18 2.39 25.80 -1 1.000000
262 19 car -1 -1 -1 1 195 71 251 -1 -1 -1 -20.22 2.36 25.80 -1 1.000000
263 19 car -1 -1 -1 1 194 56 248 -1 -1 -1 -20.40 2.31 25.81 -1 1.000000
264 19 car -1 -1 -1 0 207 44 243 -1 -1 -1 -20.03 2.24 24.56 -1 1.000000
264 20 greenery -1 -1 -1 729 82 823 196 -1 -1 -1 3.60 1.56 15.49 -1 1.000000
265 20 greenery -1 -1 -1 725 80 833 195 -1 -1 -1 3.57 1.57 14.83 -1 1.000000
266 20 greenery -1 -1 -1 744 76 850 196 -1 -1 -1 3.61 1.57 14.11 -1 1.000000
267 20 greenery -1 -1 -1 750 74 862 195 -1 -1 -1 3.64 1.56 13.28 -1 1.000000
268 20 greenery -1 -1 -1 758 65 884 198 -1 -1 -1 3.66 1.54 12.47 -1 1.000000
269 20 greenery -1 -1 -1 774 54 903 185 -1 -1 -1 3.70 1.57 11.67 -1 1.000000
271 21 road sign -1 -1 -1 292 133 352 177 -1 -1 -1 -9.19 2.03 22.59 -1 1.000000
272 21 road sign -1 -1 -1 282 133 345 174 -1 -1 -1 -9.17 2.06 21.57 -1 1.000000
272 22 road sign -1 -1 -1 800 222 840 292 -1 -1 -1 2.92 1.60 9.90 -1 1.000000
273 21 road sign -1 -1 -1 268 131 339 154 -1 -1 -1 -8.86 2.02 20.37 -1 1.000000
273 22 road sign -1 -1 -1 818 224 865 304 -1 -1 -1 2.95 1.60 9.11 -1 1.000000
274 21 road sign -1 -1 -1 256 130 328 152 -1 -1 -1 -8.85 2.00 19.55 -1 1.000000
274 22 road sign -1 -1 -1 840 230 893 301 -1 -1 -1 2.96 1.59 8.40 -1 1.000000
275 21 road sign -1 -1 -1 244 129 320 154 -1 -1 -1 -8.77 2.01 18.73 -1 1.000000
275 22 road sign -1 -1 -1 864 233 931 279 -1 -1 -1 2.96 1.58 7.50 -1 1.000000
276 21 road sign -1 -1 -1 227 125 308 149 -1 -1 -1 -8.63 2.01 17.90 -1 1.000000
277 21 road sign -1 -1 -1 212 126 298 153 -1 -1 -1 -8.60 2.03 17.07 -1 1.000000
277 23 road sign -1 -1 -1 632 142 652 212 -1 -1 -1 1.61 1.77 32.82 -1 1.000000
278 21 road sign -1 -1 -1 192 125 283 153 -1 -1 -1 -8.56 2.07 16.18 -1 1.000000
279 21 road sign -1 -1 -1 173 123 266 154 -1 -1 -1 -8.58 2.11 15.34 -1 1.000000
280 21 road sign -1 -1 -1 146 122 246 153 -1 -1 -1 -8.44 2.11 14.45 -1 1.000000
295 24 van -1 -1 -1 518 145 590 191 -1 -1 -1 -4.32 1.80 47.28 -1 1.000000
296 24 van -1 -1 -1 517 144 590 191 -1 -1 -1 -4.21 1.65 46.74 -1 1.000000
297 24 van -1 -1 -1 511 144 590 190 -1 -1 -1 -4.10 1.79 45.63 -1 1.000000
298 24 van -1 -1 -1 513 145 587 192 -1 -1 -1 -4.27 1.67 44.60 -1 1.000000
299 24 van -1 -1 -1 511 143 586 192 -1 -1 -1 -4.40 1.36 43.79 -1 1.000000
300 24 van -1 -1 -1 509 143 586 192 -1 -1 -1 -4.18 1.48 42.78 -1 1.000000
301 24 van -1 -1 -1 507 142 586 192 -1 -1 -1 -4.27 1.25 41.96 -1 1.000000
302 24 van -1 -1 -1 504 142 569 194 -1 -1 -1 -4.27 1.51 40.57 -1 1.000000
303 24 van -1 -1 -1 501 142 568 194 -1 -1 -1 -4.34 1.48 39.39 -1 1.000000
304 24 van -1 -1 -1 498 142 567 194 -1 -1 -1 -4.33 1.44 38.58 -1 1.000000
305 24 van -1 -1 -1 495 142 568 196 -1 -1 -1 -4.41 1.38 37.53 -1 1.000000
306 24 van -1 -1 -1 492 142 549 197 -1 -1 -1 -4.46 1.53 36.29 -1 1.000000
307 24 van -1 -1 -1 488 142 563 197 -1 -1 -1 -4.43 1.53 35.33 -1 1.000000
308 24 van -1 -1 -1 485 143 562 199 -1 -1 -1 -4.40 1.56 34.42 -1 1.000000
309 24 van -1 -1 -1 476 143 561 200 -1 -1 -1 -4.46 1.52 33.28 -1 1.000000
310 24 van -1 -1 -1 477 143 557 202 -1 -1 -1 -4.44 1.62 32.31 -1 1.000000
311 24 van -1 -1 -1 473 142 543 203 -1 -1 -1 -4.42 1.66 31.44 -1 1.000000
312 24 van -1 -1 -1 466 141 539 204 -1 -1 -1 -4.41 1.58 30.38 -1 1.000000
313 24 van -1 -1 -1 464 142 537 213 -1 -1 -1 -4.38 1.69 29.39 -1 1.000000
314 24 van -1 -1 -1 459 142 537 213 -1 -1 -1 -4.31 1.71 28.29 -1 1.000000
314 25 advertising -1 -1 -1 239 192 301 254 -1 -1 -1 -6.95 1.86 14.27 -1 1.000000
315 24 van -1 -1 -1 453 143 534 215 -1 -1 -1 -4.34 1.70 27.39 -1 1.000000
316 24 van -1 -1 -1 449 142 533 215 -1 -1 -1 -4.34 1.70 26.37 -1 1.000000
317 24 van -1 -1 -1 444 141 528 216 -1 -1 -1 -4.31 1.71 25.41 -1 1.000000
318 24 van -1 -1 -1 437 141 525 219 -1 -1 -1 -4.29 1.73 24.47 -1 1.000000
319 24 van -1 -1 -1 430 141 521 220 -1 -1 -1 -4.30 1.71 23.66 -1 1.000000
320 24 van -1 -1 -1 418 142 518 231 -1 -1 -1 -4.36 1.74 22.73 -1 1.000000
321 24 van -1 -1 -1 412 142 515 234 -1 -1 -1 -4.27 1.90 21.68 -1 1.000000
322 24 van -1 -1 -1 407 141 512 236 -1 -1 -1 -4.30 1.71 20.83 -1 1.000000
323 24 van -1 -1 -1 392 137 512 234 -1 -1 -1 -4.20 1.70 19.96 -1 1.000000
324 24 van -1 -1 -1 385 133 508 234 -1 -1 -1 -4.21 1.66 19.10 -1 1.000000
324 26 car -1 -1 -1 504 141 567 213 -1 -1 -1 -3.65 1.63 31.73 -1 1.000000
325 24 van -1 -1 -1 374 131 504 239 -1 -1 -1 -4.24 1.55 18.27 -1 1.000000
325 26 car -1 -1 -1 501 143 567 210 -1 -1 -1 -3.73 1.30 31.27 -1 1.000000
326 24 van -1 -1 -1 361 131 501 242 -1 -1 -1 -4.12 1.67 17.38 -1 1.000000
326 26 car -1 -1 -1 496 142 566 214 -1 -1 -1 -3.46 1.66 29.94 -1 1.000000
327 24 van -1 -1 -1 351 129 498 244 -1 -1 -1 -4.07 1.67 16.55 -1 1.000000
327 26 car -1 -1 -1 495 143 565 216 -1 -1 -1 -3.51 1.58 28.70 -1 1.000000
328 24 van -1 -1 -1 337 126 493 249 -1 -1 -1 -4.02 1.75 15.63 -1 1.000000
329 24 van -1 -1 -1 317 124 489 250 -1 -1 -1 -3.98 1.73 14.86 -1 1.000000
330 24 van -1 -1 -1 317 119 485 255 -1 -1 -1 -3.82 1.75 14.17 -1 1.000000
330 27 car -1 -1 -1 482 163 556 219 -1 -1 -1 -3.13 1.77 24.81 -1 1.000000
331 24 van -1 -1 -1 314 118 483 258 -1 -1 -1 -3.75 1.70 13.51 -1 1.000000
331 27 car -1 -1 -1 477 171 536 221 -1 -1 -1 -3.32 1.70 23.58 -1 1.000000
332 24 van -1 -1 -1 257 115 478 268 -1 -1 -1 -3.81 1.74 12.60 -1 1.000000
332 27 car -1 -1 -1 474 169 552 221 -1 -1 -1 -3.18 1.77 22.72 -1 1.000000
333 24 van -1 -1 -1 242 113 475 273 -1 -1 -1 -3.81 1.74 11.75 -1 1.000000
333 27 car -1 -1 -1 467 173 553 224 -1 -1 -1 -3.18 1.71 21.93 -1 1.000000
334 24 van -1 -1 -1 215 104 472 275 -1 -1 -1 -3.83 1.70 10.98 -1 1.000000
334 27 car -1 -1 -1 460 173 553 226 -1 -1 -1 -3.17 1.64 21.18 -1 1.000000
335 24 van -1 -1 -1 183 102 462 285 -1 -1 -1 -3.80 1.65 10.19 -1 1.000000
335 27 car -1 -1 -1 453 174 524 227 -1 -1 -1 -3.37 1.57 20.17 -1 1.000000
336 24 van -1 -1 -1 156 97 450 295 -1 -1 -1 -3.73 1.68 9.52 -1 1.000000
336 27 car -1 -1 -1 445 174 554 230 -1 -1 -1 -2.98 1.67 19.92 -1 1.000000
337 24 van -1 -1 -1 104 91 555 305 -1 -1 -1 -3.79 1.60 8.96 -1 1.000000
337 27 car -1 -1 -1 434 174 554 233 -1 -1 -1 -3.19 1.37 19.46 -1 1.000000
337 28 unknown -1 -1 -1 306 131 345 197 -1 -1 -1 -3.54 1.60 8.98 -1 1.000000
338 24 van -1 -1 -1 58 87 444 323 -1 -1 -1 -3.86 1.63 8.17 -1 1.000000
338 27 car -1 -1 -1 434 175 544 237 -1 -1 -1 -3.03 1.66 18.50 -1 1.000000
338 28 unknown -1 -1 -1 279 130 322 200 -1 -1 -1 -3.55 1.62 8.36 -1 1.000000
338 29 person -1 -1 -1 530 163 569 225 -1 -1 -1 -1.93 1.67 24.23 -1 1.000000
339 24 van -1 -1 -1 1 83 424 364 -1 -1 -1 -3.75 1.66 7.67 -1 1.000000
339 27 car -1 -1 -1 413 176 536 238 -1 -1 -1 -3.14 1.70 17.68 -1 1.000000
339 28 unknown -1 -1 -1 256 127 299 202 -1 -1 -1 -3.56 1.66 7.77 -1 1.000000
339 29 person -1 -1 -1 537 163 565 221 -1 -1 -1 -1.92 1.68 23.83 -1 1.000000
340 24 van -1 -1 -1 1 76 405 374 -1 -1 -1 -3.71 1.66 7.25 -1 1.000000
340 27 car -1 -1 -1 400 177 527 240 -1 -1 -1 -3.30 1.72 16.85 -1 1.000000
340 28 unknown -1 -1 -1 221 124 272 202 -1 -1 -1 -3.60 1.65 7.19 -1 1.000000
340 29 person -1 -1 -1 535 163 562 222 -1 -1 -1 -1.91 1.70 23.25 -1 1.000000
341 24 van -1 -1 -1 1 68 399 374 -1 -1 -1 -3.72 1.60 7.06 -1 1.000000
341 27 car -1 -1 -1 384 173 532 243 -1 -1 -1 -3.38 1.68 16.31 -1 1.000000
341 29 person -1 -1 -1 536 158 563 224 -1 -1 -1 -1.93 1.69 22.60 -1 1.000000
341 30 car -1 -1 -1 1139 161 1237 183 -1 -1 -1 26.79 1.11 33.72 -1 1.000000
342 24 van -1 -1 -1 1 56 386 374 -1 -1 -1 -3.70 1.62 6.78 -1 1.000000
342 27 car -1 -1 -1 369 168 525 247 -1 -1 -1 -3.51 1.68 15.75 -1 1.000000
342 29 person -1 -1 -1 532 155 565 223 -1 -1 -1 -1.97 1.68 22.03 -1 1.000000
342 30 car -1 -1 -1 1138 160 1239 183 -1 -1 -1 26.56 0.93 33.46 -1 1.000000
342 31 wheel -1 -1 -1 321 216 353 286 -1 -1 -1 -3.68 1.64 9.77 -1 1.000000
343 24 van -1 -1 -1 1 46 375 374 -1 -1 -1 -3.70 1.66 6.60 -1 1.000000
343 27 car -1 -1 -1 353 178 473 248 -1 -1 -1 -3.85 1.72 14.45 -1 1.000000
343 29 person -1 -1 -1 527 159 558 225 -1 -1 -1 -2.02 1.70 21.37 -1 1.000000
343 30 car -1 -1 -1 1144 160 1240 182 -1 -1 -1 26.50 0.74 33.08 -1 1.000000
343 31 wheel -1 -1 -1 300 221 332 291 -1 -1 -1 -3.71 1.67 9.26 -1 1.000000
343 32 person -1 -1 -1 496 166 533 234 -1 -1 -1 -2.29 1.68 17.01 -1 1.000000
344 24 van -1 -1 -1 1 37 551 370 -1 -1 -1 -3.73 1.67 6.90 -1 1.000000
344 27 car -1 -1 -1 337 179 463 254 -1 -1 -1 -4.00 1.71 13.86 -1 1.000000
344 29 person -1 -1 -1 524 159 554 226 -1 -1 -1 -2.08 1.66 20.82 -1 1.000000
344 30 car -1 -1 -1 1141 160 1241 183 -1 -1 -1 26.27 0.59 32.86 -1 1.000000
344 32 person -1 -1 -1 490 161 529 236 -1 -1 -1 -2.38 1.65 16.62 -1 1.000000
345 24 van -1 -1 -1 1 35 323 360 -1 -1 -1 -3.76 1.70 6.63 -1 1.000000
345 27 car -1 -1 -1 324 177 499 259 -1 -1 -1 -3.63 1.76 13.90 -1 1.000000
345 29 person -1 -1 -1 519 165 548 230 -1 -1 -1 -2.11 1.75 20.21 -1 1.000000
345 30 car -1 -1 -1 1141 161 1241 186 -1 -1 -1 26.23 0.69 32.66 -1 1.000000
345 32 person -1 -1 -1 483 165 510 241 -1 -1 -1 -2.43 1.73 16.06 -1 1.000000
346 24 van -1 -1 -1 1 25 310 360 -1 -1 -1 -3.78 1.77 6.43 -1 1.000000
346 27 car -1 -1 -1 305 178 484 264 -1 -1 -1 -3.76 1.83 13.18 -1 1.000000
346 29 person -1 -1 -1 517 168 542 234 -1 -1 -1 -2.15 1.80 19.61 -1 1.000000
346 30 car -1 -1 -1 1139 162 1241 187 -1 -1 -1 25.95 0.57 32.17 -1 1.000000
346 32 person -1 -1 -1 467 165 502 247 -1 -1 -1 -2.53 1.79 15.59 -1 1.000000
347 24 van -1 -1 -1 1 27 293 360 -1 -1 -1 -3.89 1.69 6.36 -1 1.000000
347 27 car -1 -1 -1 286 169 490 272 -1 -1 -1 -3.88 1.78 12.79 -1 1.000000
347 29 person -1 -1 -1 512 169 539 239 -1 -1 -1 -2.23 1.80 19.17 -1 1.000000
347 30 car -1 -1 -1 1139 163 1241 191 -1 -1 -1 25.65 1.09 31.89 -1 1.000000
347 32 person -1 -1 -1 463 176 495 249 -1 -1 -1 -2.68 1.76 15.25 -1 1.000000
348 24 van -1 -1 -1 1 33 275 360 -1 -1 -1 -3.91 1.73 6.29 -1 1.000000
348 27 car -1 -1 -1 267 175 471 283 -1 -1 -1 -3.97 1.82 12.19 -1 1.000000
348 29 person -1 -1 -1 509 170 535 241 -1 -1 -1 -2.24 1.86 18.60 -1 1.000000
348 30 car -1 -1 -1 1140 164 1241 193 -1 -1 -1 25.37 1.11 31.18 -1 1.000000
348 32 person -1 -1 -1 451 169 491 255 -1 -1 -1 -2.75 1.82 14.78 -1 1.000000
349 24 van -1 -1 -1 1 43 274 374 -1 -1 -1 -3.95 1.82 6.36 -1 1.000000
349 27 car -1 -1 -1 252 195 456 293 -1 -1 -1 -3.99 1.94 11.61 -1 1.000000
349 29 person -1 -1 -1 505 178 529 253 -1 -1 -1 -2.27 2.02 18.13 -1 1.000000
349 30 car -1 -1 -1 1145 167 1241 196 -1 -1 -1 25.14 1.22 30.79 -1 1.000000
349 32 person -1 -1 -1 447 176 485 265 -1 -1 -1 -2.78 1.96 14.39 -1 1.000000
350 24 van -1 -1 -1 1 58 227 374 -1 -1 -1 -4.02 1.86 6.13 -1 1.000000
350 27 car -1 -1 -1 233 202 450 308 -1 -1 -1 -4.09 2.05 11.11 -1 1.000000
350 29 person -1 -1 -1 502 188 534 270 -1 -1 -1 -2.30 2.23 17.64 -1 1.000000
350 30 car -1 -1 -1 1158 176 1241 206 -1 -1 -1 24.48 1.78 30.04 -1 1.000000
350 32 person -1 -1 -1 438 187 478 273 -1 -1 -1 -2.88 2.12 14.04 -1 1.000000
351 24 van -1 -1 -1 1 64 191 374 -1 -1 -1 -4.06 1.93 6.00 -1 1.000000
351 27 car -1 -1 -1 214 208 432 322 -1 -1 -1 -4.11 2.14 10.57 -1 1.000000
351 29 person -1 -1 -1 497 196 528 274 -1 -1 -1 -2.33 2.39 17.17 -1 1.000000
351 30 car -1 -1 -1 1157 186 1241 219 -1 -1 -1 24.14 2.19 29.35 -1 1.000000
351 32 person -1 -1 -1 437 196 473 288 -1 -1 -1 -2.95 2.25 13.74 -1 1.000000
352 24 van -1 -1 -1 1 70 159 374 -1 -1 -1 -4.09 2.00 5.89 -1 1.000000
352 27 car -1 -1 -1 190 223 427 332 -1 -1 -1 -4.14 2.18 10.11 -1 1.000000
352 29 person -1 -1 -1 492 200 526 281 -1 -1 -1 -2.39 2.43 16.77 -1 1.000000
352 30 car -1 -1 -1 1159 192 1241 226 -1 -1 -1 24.10 2.38 29.11 -1 1.000000
352 32 person -1 -1 -1 433 203 464 293 -1 -1 -1 -3.01 2.30 13.40 -1 1.000000
352 33 road sign -1 -1 -1 385 155 445 203 -1 -1 -1 -6.88 2.86 24.40 -1 1.000000
353 24 van -1 -1 -1 1 74 128 374 -1 -1 -1 -4.14 1.97 5.78 -1 1.000000
353 27 car -1 -1 -1 175 219 417 336 -1 -1 -1 -4.12 2.16 9.70 -1 1.000000
353 30 car -1 -1 -1 1163 195 1240 228 -1 -1 -1 23.69 2.40 28.51 -1 1.000000
353 32 person -1 -1 -1 424 205 455 299 -1 -1 -1 -3.06 2.30 13.05 -1 1.000000
353 33 road sign -1 -1 -1 379 153 438 201 -1 -1 -1 -6.96 2.95 24.00 -1 1.000000
353 34 person -1 -1 -1 485 203 505 273 -1 -1 -1 -2.51 2.44 15.98 -1 1.000000
353 35 person -1 -1 -1 500 198 522 281 -1 -1 -1 -2.25 2.46 16.67 -1 1.000000
354 24 van -1 -1 -1 1 73 100 374 -1 -1 -1 -4.20 1.94 5.63 -1 1.000000
354 27 car -1 -1 -1 143 210 412 341 -1 -1 -1 -4.21 2.08 9.29 -1 1.000000
354 30 car -1 -1 -1 1164 187 1240 221 -1 -1 -1 23.51 2.24 28.42 -1 1.000000
354 32 person -1 -1 -1 413 192 446 297 -1 -1 -1 -3.18 2.19 12.72 -1 1.000000
354 33 road sign -1 -1 -1 370 148 431 196 -1 -1 -1 -7.13 2.70 23.64 -1 1.000000
354 35 person -1 -1 -1 497 194 523 276 -1 -1 -1 -2.31 2.31 16.35 -1 1.000000
354 36 person -1 -1 -1 480 200 499 274 -1 -1 -1 -2.58 2.29 15.63 -1 1.000000
355 27 car -1 -1 -1 116 196 432 342 -1 -1 -1 -4.20 2.02 8.92 -1 1.000000
355 30 car -1 -1 -1 1165 175 1240 212 -1 -1 -1 23.08 1.75 28.03 -1 1.000000
355 32 person -1 -1 -1 400 196 436 297 -1 -1 -1 -3.26 2.09 12.32 -1 1.000000
355 33 road sign -1 -1 -1 361 142 426 193 -1 -1 -1 -7.25 2.54 23.22 -1 1.000000
355 35 person -1 -1 -1 486 188 517 273 -1 -1 -1 -2.36 2.17 15.95 -1 1.000000
355 36 person -1 -1 -1 473 193 492 265 -1 -1 -1 -2.63 2.16 15.20 -1 1.000000
356 27 car -1 -1 -1 82 200 396 342 -1 -1 -1 -4.26 1.93 8.41 -1 1.000000
356 30 car -1 -1 -1 1168 160 1240 199 -1 -1 -1 22.77 1.11 27.70 -1 1.000000
356 32 person -1 -1 -1 385 189 424 286 -1 -1 -1 -3.36 1.95 12.00 -1 1.000000
356 33 road sign -1 -1 -1 351 131 421 183 -1 -1 -1 -7.37 2.31 22.89 -1 1.000000
356 35 person -1 -1 -1 480 177 511 258 -1 -1 -1 -2.42 1.97 15.46 -1 1.000000
356 36 person -1 -1 -1 467 190 486 258 -1 -1 -1 -2.69 1.97 14.76 -1 1.000000
357 27 car -1 -1 -1 52 196 379 338 -1 -1 -1 -4.31 1.80 8.04 -1 1.000000
357 30 car -1 -1 -1 1169 152 1240 192 -1 -1 -1 22.06 0.82 26.68 -1 1.000000
357 32 person -1 -1 -1 366 181 413 280 -1 -1 -1 -3.49 1.77 11.72 -1 1.000000
357 33 road sign -1 -1 -1 342 121 415 173 -1 -1 -1 -7.53 1.92 22.50 -1 1.000000
357 35 person -1 -1 -1 471 168 503 243 -1 -1 -1 -2.52 1.73 15.05 -1 1.000000
357 36 person -1 -1 -1 459 174 484 258 -1 -1 -1 -2.76 1.74 14.33 -1 1.000000
357 37 road sign -1 -1 -1 191 111 249 151 -1 -1 -1 -7.67 1.94 14.47 -1 1.000000
358 27 car -1 -1 -1 44 186 361 332 -1 -1 -1 -4.29 1.69 7.67 -1 1.000000
358 30 car -1 -1 -1 1177 149 1240 190 -1 -1 -1 21.91 0.78 26.36 -1 1.000000
358 32 person -1 -1 -1 358 165 407 274 -1 -1 -1 -3.61 1.63 11.39 -1 1.000000
358 33 road sign -1 -1 -1 332 111 409 168 -1 -1 -1 -7.63 1.62 22.05 -1 1.000000
358 35 person -1 -1 -1 467 159 493 224 -1 -1 -1 -2.63 1.57 14.64 -1 1.000000
358 36 person -1 -1 -1 451 167 471 254 -1 -1 -1 -2.85 1.59 13.92 -1 1.000000
358 37 road sign -1 -1 -1 176 99 234 142 -1 -1 -1 -7.79 1.72 14.30 -1 1.000000
359 27 car -1 -1 -1 56 185 341 333 -1 -1 -1 -4.29 1.67 7.50 -1 1.000000
359 30 car -1 -1 -1 1175 154 1240 195 -1 -1 -1 21.55 0.81 26.01 -1 1.000000
359 32 person -1 -1 -1 337 164 388 275 -1 -1 -1 -3.76 1.60 11.06 -1 1.000000
359 33 road sign -1 -1 -1 320 107 394 161 -1 -1 -1 -7.73 1.52 21.59 -1 1.000000
359 35 person -1 -1 -1 461 158 479 243 -1 -1 -1 -2.75 1.54 14.23 -1 1.000000
359 36 person -1 -1 -1 443 162 476 257 -1 -1 -1 -2.91 1.54 13.64 -1 1.000000
359 37 road sign -1 -1 -1 153 91 216 136 -1 -1 -1 -7.90 1.66 13.94 -1 1.000000
360 27 car -1 -1 -1 1 186 322 372 -1 -1 -1 -4.25 1.68 7.45 -1 1.000000
360 30 car -1 -1 -1 1175 157 1240 199 -1 -1 -1 21.22 0.93 25.53 -1 1.000000
360 32 person -1 -1 -1 323 165 383 279 -1 -1 -1 -3.87 1.65 10.67 -1 1.000000
360 33 road sign -1 -1 -1 307 105 382 160 -1 -1 -1 -7.89 1.67 21.21 -1 1.000000
360 35 person -1 -1 -1 453 159 471 251 -1 -1 -1 -2.81 1.60 13.80 -1 1.000000
360 36 person -1 -1 -1 425 163 465 257 -1 -1 -1 -2.99 1.61 13.23 -1 1.000000
360 37 road sign -1 -1 -1 133 88 198 134 -1 -1 -1 -8.02 1.73 13.53 -1 1.000000
361 27 car -1 -1 -1 1 187 301 374 -1 -1 -1 -4.34 1.69 7.43 -1 1.000000
361 30 car -1 -1 -1 1167 160 1240 207 -1 -1 -1 21.02 1.16 25.34 -1 1.000000
361 32 person -1 -1 -1 304 170 355 289 -1 -1 -1 -4.05 1.69 10.34 -1 1.000000
361 33 road sign -1 -1 -1 292 107 367 164 -1 -1 -1 -8.14 1.74 20.61 -1 1.000000
361 35 person -1 -1 -1 438 162 458 259 -1 -1 -1 -2.99 1.66 13.40 -1 1.000000
361 36 person -1 -1 -1 413 169 443 263 -1 -1 -1 -3.18 1.67 12.82 -1 1.000000
362 27 car -1 -1 -1 1 197 281 374 -1 -1 -1 -4.37 1.76 7.04 -1 1.000000
362 30 car -1 -1 -1 1164 164 1240 211 -1 -1 -1 20.67 1.16 25.00 -1 1.000000
362 32 person -1 -1 -1 282 163 333 301 -1 -1 -1 -4.18 1.79 10.00 -1 1.000000
362 33 road sign -1 -1 -1 272 112 352 172 -1 -1 -1 -8.37 2.05 20.17 -1 1.000000
362 35 person -1 -1 -1 424 166 445 259 -1 -1 -1 -3.11 1.79 12.96 -1 1.000000
362 36 person -1 -1 -1 402 172 425 265 -1 -1 -1 -3.31 1.79 12.35 -1 1.000000
363 27 car -1 -1 -1 1 209 236 374 -1 -1 -1 -4.50 1.81 7.18 -1 1.000000
363 30 car -1 -1 -1 1161 164 1240 212 -1 -1 -1 20.40 1.30 24.72 -1 1.000000
363 32 person -1 -1 -1 257 177 308 306 -1 -1 -1 -4.39 1.83 9.67 -1 1.000000
363 33 road sign -1 -1 -1 257 116 336 177 -1 -1 -1 -8.60 2.05 19.55 -1 1.000000
363 35 person -1 -1 -1 404 171 429 280 -1 -1 -1 -3.32 1.83 12.49 -1 1.000000
363 36 person -1 -1 -1 381 180 410 281 -1 -1 -1 -3.51 1.83 11.93 -1 1.000000
363 38 road sign -1 -1 -1 509 128 537 202 -1 -1 -1 -3.12 1.97 25.79 -1 1.000000
364 27 car -1 -1 -1 19 215 203 337 -1 -1 -1 -4.62 1.82 6.73 -1 1.000000
364 30 car -1 -1 -1 1156 166 1241 217 -1 -1 -1 19.99 1.29 24.32 -1 1.000000
364 32 person -1 -1 -1 225 169 283 312 -1 -1 -1 -4.62 1.87 9.33 -1 1.000000
364 33 road sign -1 -1 -1 239 116 317 175 -1 -1 -1 -8.94 2.12 19.09 -1 1.000000
364 35 person -1 -1 -1 382 175 413 276 -1 -1 -1 -3.50 1.86 12.03 -1 1.000000
364 36 person -1 -1 -1 360 182 392 288 -1 -1 -1 -3.68 1.86 11.46 -1 1.000000
365 27 car -1 -1 -1 0 217 167 346 -1 -1 -1 -4.75 1.81 6.29 -1 1.000000
365 30 car -1 -1 -1 1146 168 1241 220 -1 -1 -1 19.43 1.39 23.87 -1 1.000000
365 32 person -1 -1 -1 192 177 262 323 -1 -1 -1 -4.86 1.86 8.92 -1 1.000000
365 33 road sign -1 -1 -1 213 112 307 182 -1 -1 -1 -9.28 2.15 18.63 -1 1.000000
365 35 person -1 -1 -1 357 175 396 271 -1 -1 -1 -3.69 1.87 11.58 -1 1.000000
365 36 person -1 -1 -1 341 189 375 295 -1 -1 -1 -3.86 1.86 11.01 -1 1.000000
365 38 road sign -1 -1 -1 483 147 512 214 -1 -1 -1 -3.83 2.08 24.95 -1 1.000000
366 30 car -1 -1 -1 1136 171 1241 221 -1 -1 -1 18.78 1.37 23.42 -1 1.000000
366 32 person -1 -1 -1 146 171 211 327 -1 -1 -1 -5.11 1.80 8.53 -1 1.000000
366 33 road sign -1 -1 -1 189 109 284 177 -1 -1 -1 -9.73 1.84 18.00 -1 1.000000
366 38 road sign -1 -1 -1 468 144 498 234 -1 -1 -1 -4.38 1.72 24.60 -1 1.000000
366 39 person -1 -1 -1 331 172 384 289 -1 -1 -1 -3.98 1.77 11.07 -1 1.000000
367 30 car -1 -1 -1 1123 170 1241 223 -1 -1 -1 18.40 1.44 23.01 -1 1.000000
367 32 person -1 -1 -1 98 185 176 328 -1 -1 -1 -5.33 1.78 8.04 -1 1.000000
367 33 road sign -1 -1 -1 157 104 253 177 -1 -1 -1 -9.95 2.03 17.67 -1 1.000000
367 38 road sign -1 -1 -1 451 143 481 216 -1 -1 -1 -4.60 2.01 23.92 -1 1.000000
367 39 person -1 -1 -1 309 168 356 294 -1 -1 -1 -4.12 1.79 10.63 -1 1.000000
368 30 car -1 -1 -1 1112 167 1240 222 -1 -1 -1 17.91 1.39 22.77 -1 1.000000
368 32 person -1 -1 -1 35 185 130 332 -1 -1 -1 -5.66 1.76 7.76 -1 1.000000
368 33 road sign -1 -1 -1 127 96 225 169 -1 -1 -1 -10.33 1.95 17.02 -1 1.000000
368 38 road sign -1 -1 -1 434 143 465 217 -1 -1 -1 -5.09 1.90 23.30 -1 1.000000
368 39 person -1 -1 -1 259 163 331 302 -1 -1 -1 -4.37 1.76 10.21 -1 1.000000
369 30 car -1 -1 -1 1102 166 1241 222 -1 -1 -1 17.47 1.22 22.60 -1 1.000000
369 32 person -1 -1 -1 0 190 61 302 -1 -1 -1 -5.77 1.75 7.15 -1 1.000000
369 38 road sign -1 -1 -1 415 135 446 207 -1 -1 -1 -5.71 1.68 22.95 -1 1.000000
369 40 person -1 -1 -1 218 169 259 308 -1 -1 -1 -4.71 1.73 9.17 -1 1.000000
369 41 bicycle -1 -1 -1 282 214 317 282 -1 -1 -1 -5.15 1.73 12.00 -1 1.000000
370 30 car -1 -1 -1 1087 166 1240 221 -1 -1 -1 17.19 1.25 22.43 -1 1.000000
370 38 road sign -1 -1 -1 396 133 427 205 -1 -1 -1 -6.21 1.67 22.61 -1 1.000000
370 40 person -1 -1 -1 178 168 221 314 -1 -1 -1 -4.92 1.72 8.65 -1 1.000000
370 41 bicycle -1 -1 -1 248 211 297 293 -1 -1 -1 -5.39 1.71 11.47 -1 1.000000
371 30 car -1 -1 -1 1075 168 1238 222 -1 -1 -1 16.67 1.24 22.23 -1 1.000000
371 38 road sign -1 -1 -1 374 134 406 203 -1 -1 -1 -6.69 1.67 22.04 -1 1.000000
371 40 person -1 -1 -1 131 167 183 323 -1 -1 -1 -5.11 1.72 8.15 -1 1.000000
371 41 bicycle -1 -1 -1 213 212 274 285 -1 -1 -1 -5.56 1.71 10.93 -1 1.000000
372 30 car -1 -1 -1 1060 168 1203 221 -1 -1 -1 16.07 1.22 22.16 -1 1.000000
372 38 road sign -1 -1 -1 351 133 384 204 -1 -1 -1 -7.20 1.63 21.41 -1 1.000000
372 40 person -1 -1 -1 84 171 141 338 -1 -1 -1 -5.32 1.73 7.66 -1 1.000000
372 41 bicycle -1 -1 -1 167 221 246 295 -1 -1 -1 -5.80 1.71 10.40 -1 1.000000
372 42 car -1 -1 -1 1190 166 1241 218 -1 -1 -1 21.22 1.13 25.28 -1 1.000000
373 30 car -1 -1 -1 1046 169 1179 222 -1 -1 -1 15.41 1.39 21.89 -1 1.000000
373 38 road sign -1 -1 -1 327 134 361 205 -1 -1 -1 -7.59 1.88 20.96 -1 1.000000
373 40 person -1 -1 -1 24 174 105 355 -1 -1 -1 -5.49 1.75 7.40 -1 1.000000
373 41 bicycle -1 -1 -1 126 229 220 305 -1 -1 -1 -5.95 1.77 9.85 -1 1.000000
373 42 car -1 -1 -1 1180 168 1240 216 -1 -1 -1 21.12 1.27 25.38 -1 1.000000
374 30 car -1 -1 -1 1034 171 1167 226 -1 -1 -1 14.80 1.41 21.72 -1 1.000000
374 38 road sign -1 -1 -1 301 132 336 207 -1 -1 -1 -8.14 1.93 20.35 -1 1.000000
374 40 person -1 -1 -1 0 188 45 356 -1 -1 -1 -5.68 1.74 6.87 -1 1.000000
374 41 bicycle -1 -1 -1 90 235 187 311 -1 -1 -1 -6.05 1.79 9.27 -1 1.000000
374 42 car -1 -1 -1 1163 171 1240 219 -1 -1 -1 20.77 1.30 25.43 -1 1.000000
375 30 car -1 -1 -1 1019 175 1147 225 -1 -1 -1 14.12 1.46 21.46 -1 1.000000
375 38 road sign -1 -1 -1 272 131 310 206 -1 -1 -1 -8.68 1.78 19.62 -1 1.000000
375 41 bicycle -1 -1 -1 52 231 151 320 -1 -1 -1 -6.16 1.74 8.70 -1 1.000000
375 42 car -1 -1 -1 1145 172 1239 220 -1 -1 -1 20.31 1.36 25.31 -1 1.000000
376 30 car -1 -1 -1 1001 176 1128 227 -1 -1 -1 13.47 1.52 21.26 -1 1.000000
376 38 road sign -1 -1 -1 243 135 279 211 -1 -1 -1 -9.16 1.88 19.09 -1 1.000000
376 41 bicycle -1 -1 -1 1 234 109 342 -1 -1 -1 -6.10 1.77 8.13 -1 1.000000
376 42 car -1 -1 -1 1128 174 1219 223 -1 -1 -1 19.80 1.42 25.40 -1 1.000000
377 30 car -1 -1 -1 986 176 1114 230 -1 -1 -1 12.79 1.53 21.02 -1 1.000000
377 38 road sign -1 -1 -1 211 141 251 215 -1 -1 -1 -9.71 1.82 18.44 -1 1.000000
377 41 bicycle -1 -1 -1 0 238 63 343 -1 -1 -1 -6.20 1.79 7.56 -1 1.000000
377 42 car -1 -1 -1 1110 178 1200 227 -1 -1 -1 18.92 1.45 25.26 -1 1.000000
378 30 car -1 -1 -1 972 176 1101 232 -1 -1 -1 12.33 1.62 20.79 -1 1.000000
378 38 road sign -1 -1 -1 176 141 217 217 -1 -1 -1 -10.18 1.85 17.81 -1 1.000000
378 41 bicycle -1 -1 -1 0 298 9 350 -1 -1 -1 -6.29 1.80 6.98 -1 1.000000
378 42 car -1 -1 -1 1086 177 1178 226 -1 -1 -1 18.13 1.59 25.10 -1 1.000000
379 30 car -1 -1 -1 954 178 1079 232 -1 -1 -1 11.61 1.59 20.61 -1 1.000000
379 42 car -1 -1 -1 1065 178 1156 227 -1 -1 -1 17.31 1.53 24.88 -1 1.000000
380 30 car -1 -1 -1 937 178 1061 234 -1 -1 -1 10.97 1.57 20.34 -1 1.000000
380 42 car -1 -1 -1 1053 179 1136 226 -1 -1 -1 16.43 1.50 24.59 -1 1.000000
380 43 car -1 -1 -1 1064 129 1204 217 -1 -1 -1 24.92 1.38 32.19 -1 1.000000
381 30 car -1 -1 -1 919 180 1042 237 -1 -1 -1 10.34 1.63 20.00 -1 1.000000
381 42 car -1 -1 -1 1037 182 1113 228 -1 -1 -1 15.51 1.60 24.35 -1 1.000000
381 43 car -1 -1 -1 1108 181 1178 220 -1 -1 -1 23.51 1.53 31.48 -1 1.000000
382 30 car -1 -1 -1 901 182 1035 238 -1 -1 -1 9.78 1.62 19.74 -1 1.000000
382 42 car -1 -1 -1 1016 181 1091 227 -1 -1 -1 14.73 1.60 24.14 -1 1.000000
382 43 car -1 -1 -1 1086 180 1153 219 -1 -1 -1 22.15 1.56 31.02 -1 1.000000
383 30 car -1 -1 -1 883 177 1020 232 -1 -1 -1 9.14 1.53 19.64 -1 1.000000
383 42 car -1 -1 -1 998 178 1069 225 -1 -1 -1 13.91 1.50 23.93 -1 1.000000
383 43 car -1 -1 -1 1065 162 1131 215 -1 -1 -1 21.12 1.41 30.96 -1 1.000000
384 30 car -1 -1 -1 865 176 993 232 -1 -1 -1 8.55 1.57 19.39 -1 1.000000
384 42 car -1 -1 -1 977 177 1047 224 -1 -1 -1 13.14 1.56 23.81 -1 1.000000
384 43 car -1 -1 -1 1043 174 1112 215 -1 -1 -1 19.92 1.52 30.63 -1 1.000000
385 30 car -1 -1 -1 845 176 973 232 -1 -1 -1 7.88 1.52 19.21 -1 1.000000
385 42 car -1 -1 -1 956 177 1029 225 -1 -1 -1 12.31 1.48 23.60 -1 1.000000
385 43 car -1 -1 -1 1020 162 1094 215 -1 -1 -1 18.72 1.39 30.46 -1 1.000000
386 30 car -1 -1 -1 825 177 945 234 -1 -1 -1 7.21 1.48 18.82 -1 1.000000
386 42 car -1 -1 -1 936 178 1006 227 -1 -1 -1 11.54 1.41 23.29 -1 1.000000
386 43 car -1 -1 -1 995 176 1056 216 -1 -1 -1 17.52 1.32 30.17 -1 1.000000
387 30 car -1 -1 -1 807 179 932 237 -1 -1 -1 6.54 1.51 18.49 -1 1.000000
387 42 car -1 -1 -1 917 179 984 228 -1 -1 -1 10.88 1.46 23.13 -1 1.000000
387 43 car -1 -1 -1 974 178 1033 217 -1 -1 -1 16.56 1.38 29.96 -1 1.000000
388 30 car -1 -1 -1 788 178 940 238 -1 -1 -1 6.08 1.56 18.30 -1 1.000000
388 42 car -1 -1 -1 895 179 962 228 -1 -1 -1 10.18 1.55 22.98 -1 1.000000
388 43 car -1 -1 -1 950 178 1009 217 -1 -1 -1 15.71 1.51 29.95 -1 1.000000
389 30 car -1 -1 -1 770 178 907 240 -1 -1 -1 5.55 1.58 18.05 -1 1.000000
389 42 car -1 -1 -1 876 180 941 230 -1 -1 -1 9.41 1.58 22.83 -1 1.000000
389 43 car -1 -1 -1 930 175 987 217 -1 -1 -1 14.72 1.55 29.80 -1 1.000000
390 30 car -1 -1 -1 769 183 869 245 -1 -1 -1 5.12 1.67 17.72 -1 1.000000
390 42 car -1 -1 -1 859 180 925 230 -1 -1 -1 8.82 1.70 22.77 -1 1.000000
390 43 car -1 -1 -1 911 160 966 217 -1 -1 -1 13.95 1.73 29.91 -1 1.000000
391 30 car -1 -1 -1 752 182 851 245 -1 -1 -1 4.57 1.56 17.42 -1 1.000000
391 42 car -1 -1 -1 839 180 903 231 -1 -1 -1 8.11 1.54 22.52 -1 1.000000
391 43 car -1 -1 -1 891 178 947 217 -1 -1 -1 12.94 1.49 29.66 -1 1.000000
392 30 car -1 -1 -1 736 182 834 246 -1 -1 -1 4.18 1.61 17.22 -1 1.000000
392 42 car -1 -1 -1 822 179 886 230 -1 -1 -1 7.55 1.62 22.36 -1 1.000000
392 43 car -1 -1 -1 868 175 926 215 -1 -1 -1 12.14 1.60 29.60 -1 1.000000
393 30 car -1 -1 -1 721 184 818 248 -1 -1 -1 3.75 1.55 16.98 -1 1.000000
393 42 car -1 -1 -1 805 180 869 231 -1 -1 -1 6.92 1.50 22.04 -1 1.000000
393 43 car -1 -1 -1 850 175 907 216 -1 -1 -1 11.22 1.40 29.24 -1 1.000000
394 30 car -1 -1 -1 685 185 804 243 -1 -1 -1 3.14 1.57 16.38 -1 1.000000
394 42 car -1 -1 -1 791 180 857 231 -1 -1 -1 6.44 1.52 21.96 -1 1.000000
394 43 car -1 -1 -1 834 174 893 216 -1 -1 -1 10.63 1.44 29.21 -1 1.000000
395 30 car -1 -1 -1 668 184 789 251 -1 -1 -1 2.76 1.60 16.09 -1 1.000000
395 42 car -1 -1 -1 777 181 841 232 -1 -1 -1 5.99 1.58 21.82 -1 1.000000
395 43 car -1 -1 -1 822 161 879 216 -1 -1 -1 10.10 1.53 29.28 -1 1.000000
395 44 car -1 -1 -1 919 170 982 203 -1 -1 -1 19.47 1.51 41.35 -1 1.000000
396 30 car -1 -1 -1 655 184 777 249 -1 -1 -1 2.54 1.56 16.17 -1 1.000000
396 42 car -1 -1 -1 763 180 827 231 -1 -1 -1 5.55 1.51 21.63 -1 1.000000
396 43 car -1 -1 -1 810 172 867 216 -1 -1 -1 9.49 1.43 29.21 -1 1.000000
396 44 car -1 -1 -1 916 165 964 202 -1 -1 -1 18.39 1.34 40.33 -1 1.000000
397 30 car -1 -1 -1 642 184 765 251 -1 -1 -1 2.21 1.65 15.79 -1 1.000000
397 42 car -1 -1 -1 751 179 816 231 -1 -1 -1 5.21 1.65 21.56 -1 1.000000
397 43 car -1 -1 -1 796 176 852 216 -1 -1 -1 9.05 1.65 29.33 -1 1.000000
397 44 car -1 -1 -1 895 168 950 202 -1 -1 -1 17.23 1.65 39.69 -1 1.000000
398 30 car -1 -1 -1 630 184 754 252 -1 -1 -1 1.88 1.67 15.50 -1 1.000000
398 42 car -1 -1 -1 741 180 805 232 -1 -1 -1 4.85 1.70 21.47 -1 1.000000
398 43 car -1 -1 -1 789 175 845 215 -1 -1 -1 8.61 1.72 29.42 -1 1.000000
398 44 car -1 -1 -1 882 169 942 202 -1 -1 -1 16.13 1.77 39.08 -1 1.000000
399 30 car -1 -1 -1 624 185 746 249 -1 -1 -1 1.68 1.67 15.43 -1 1.000000
399 42 car -1 -1 -1 731 181 795 233 -1 -1 -1 4.53 1.70 21.32 -1 1.000000
399 43 car -1 -1 -1 779 177 834 216 -1 -1 -1 8.20 1.72 29.31 -1 1.000000
399 44 car -1 -1 -1 874 172 963 204 -1 -1 -1 15.60 1.74 38.80 -1 1.000000
400 30 car -1 -1 -1 612 183 751 256 -1 -1 -1 1.52 1.69 15.35 -1 1.000000
400 42 car -1 -1 -1 724 181 790 233 -1 -1 -1 4.30 1.71 21.23 -1 1.000000
400 43 car -1 -1 -1 771 179 825 217 -1 -1 -1 7.86 1.75 29.18 -1 1.000000
400 44 car -1 -1 -1 860 170 947 206 -1 -1 -1 14.67 1.78 38.21 -1 1.000000
401 30 car -1 -1 -1 609 186 731 249 -1 -1 -1 1.36 1.69 15.37 -1 1.000000
401 42 car -1 -1 -1 716 181 781 233 -1 -1 -1 4.05 1.72 21.14 -1 1.000000
401 43 car -1 -1 -1 762 175 817 217 -1 -1 -1 7.46 1.74 28.85 -1 1.000000
401 44 car -1 -1 -1 851 170 907 205 -1 -1 -1 13.94 1.80 37.44 -1 1.000000
401 45 unknown -1 -1 -1 1143 163 1184 223 -1 -1 -1 14.88 1.72 19.23 -1 1.000000
402 30 car -1 -1 -1 609 185 725 248 -1 -1 -1 1.28 1.69 15.42 -1 1.000000
402 42 car -1 -1 -1 713 180 778 232 -1 -1 -1 3.88 1.72 21.13 -1 1.000000
402 44 car -1 -1 -1 843 166 897 206 -1 -1 -1 13.24 1.80 36.43 -1 1.000000
402 45 unknown -1 -1 -1 1137 163 1177 223 -1 -1 -1 14.62 1.68 19.13 -1 1.000000
403 30 car -1 -1 -1 614 185 720 249 -1 -1 -1 1.16 1.66 15.47 -1 1.000000
403 42 car -1 -1 -1 706 181 771 233 -1 -1 -1 3.72 1.68 21.03 -1 1.000000
403 44 car -1 -1 -1 837 169 895 206 -1 -1 -1 12.64 1.73 35.47 -1 1.000000
403 45 unknown -1 -1 -1 1131 163 1174 223 -1 -1 -1 14.41 1.70 19.04 -1 1.000000
404 30 car -1 -1 -1 592 185 717 250 -1 -1 -1 1.01 1.71 15.23 -1 1.000000
404 42 car -1 -1 -1 703 181 768 232 -1 -1 -1 3.61 1.73 21.00 -1 1.000000
404 43 car -1 -1 -1 748 179 802 216 -1 -1 -1 6.88 1.77 28.60 -1 1.000000
404 44 car -1 -1 -1 829 169 888 207 -1 -1 -1 12.18 1.82 35.04 -1 1.000000
404 45 unknown -1 -1 -1 1127 164 1166 224 -1 -1 -1 14.20 1.75 19.02 -1 1.000000
405 30 car -1 -1 -1 594 188 712 252 -1 -1 -1 0.97 1.60 15.15 -1 1.000000
405 42 car -1 -1 -1 698 184 761 239 -1 -1 -1 3.43 1.56 20.73 -1 1.000000
405 43 car -1 -1 -1 741 182 800 221 -1 -1 -1 6.62 1.45 28.41 -1 1.000000
405 44 car -1 -1 -1 827 169 884 208 -1 -1 -1 11.59 1.40 33.78 -1 1.000000
405 45 unknown -1 -1 -1 1122 165 1163 225 -1 -1 -1 13.99 1.50 18.75 -1 1.000000
406 30 car -1 -1 -1 601 188 710 252 -1 -1 -1 1.04 1.74 15.32 -1 1.000000
406 42 car -1 -1 -1 696 185 760 240 -1 -1 -1 3.37 1.79 20.67 -1 1.000000
406 43 car -1 -1 -1 699 182 799 220 -1 -1 -1 6.52 1.85 28.52 -1 1.000000
406 44 car -1 -1 -1 820 171 878 211 -1 -1 -1 11.34 1.91 33.75 -1 1.000000
406 45 unknown -1 -1 -1 1120 166 1160 226 -1 -1 -1 13.95 1.82 18.94 -1 1.000000
407 30 car -1 -1 -1 605 189 706 260 -1 -1 -1 0.96 1.74 15.31 -1 1.000000
407 42 car -1 -1 -1 694 185 757 241 -1 -1 -1 3.27 1.79 20.52 -1 1.000000
407 43 car -1 -1 -1 737 180 793 219 -1 -1 -1 6.40 1.84 28.32 -1 1.000000
407 44 car -1 -1 -1 818 172 876 212 -1 -1 -1 10.84 1.90 32.69 -1 1.000000
407 45 unknown -1 -1 -1 1117 167 1159 227 -1 -1 -1 13.84 1.81 18.80 -1 1.000000
408 30 car -1 -1 -1 598 189 705 241 -1 -1 -1 0.99 1.72 15.60 -1 1.000000
408 42 car -1 -1 -1 692 185 755 243 -1 -1 -1 3.16 1.75 20.40 -1 1.000000
408 43 car -1 -1 -1 738 183 792 220 -1 -1 -1 6.27 1.77 28.24 -1 1.000000
408 44 car -1 -1 -1 814 171 873 213 -1 -1 -1 10.50 1.82 31.93 -1 1.000000
408 45 unknown -1 -1 -1 1115 166 1155 227 -1 -1 -1 13.68 1.73 18.67 -1 1.000000
409 30 car -1 -1 -1 597 190 703 245 -1 -1 -1 1.03 1.78 15.84 -1 1.000000
409 42 car -1 -1 -1 690 185 754 242 -1 -1 -1 3.14 1.83 20.41 -1 1.000000
409 43 car -1 -1 -1 737 182 790 221 -1 -1 -1 6.25 1.90 28.36 -1 1.000000
409 44 car -1 -1 -1 807 173 869 215 -1 -1 -1 10.16 1.98 31.48 -1 1.000000
409 45 unknown -1 -1 -1 1113 167 1153 227 -1 -1 -1 13.65 1.87 18.68 -1 1.000000
410 30 car -1 -1 -1 595 189 702 243 -1 -1 -1 0.99 1.74 15.91 -1 1.000000
410 42 car -1 -1 -1 689 185 753 242 -1 -1 -1 3.08 1.77 20.33 -1 1.000000
410 43 car -1 -1 -1 733 181 789 221 -1 -1 -1 6.20 1.82 28.27 -1 1.000000
410 44 car -1 -1 -1 804 174 866 217 -1 -1 -1 9.80 1.87 30.75 -1 1.000000
410 45 unknown -1 -1 -1 1112 167 1153 227 -1 -1 -1 13.55 1.79 18.56 -1 1.000000
411 30 car -1 -1 -1 594 190 701 241 -1 -1 -1 0.96 1.75 15.89 -1 1.000000
411 42 car -1 -1 -1 687 186 750 242 -1 -1 -1 3.05 1.78 20.37 -1 1.000000
411 43 car -1 -1 -1 733 181 789 221 -1 -1 -1 6.18 1.83 28.32 -1 1.000000
411 44 car -1 -1 -1 801 170 865 216 -1 -1 -1 9.49 1.87 30.10 -1 1.000000
411 45 unknown -1 -1 -1 1111 167 1151 228 -1 -1 -1 13.52 1.79 18.54 -1 1.000000
412 30 car -1 -1 -1 593 190 701 245 -1 -1 -1 0.91 1.78 15.85 -1 1.000000
412 42 car -1 -1 -1 687 186 749 242 -1 -1 -1 3.05 1.83 20.46 -1 1.000000
412 43 car -1 -1 -1 733 182 787 221 -1 -1 -1 6.19 1.92 28.44 -1 1.000000
412 44 car -1 -1 -1 800 161 861 218 -1 -1 -1 9.31 1.95 29.67 -1 1.000000
412 45 unknown -1 -1 -1 1110 167 1151 229 -1 -1 -1 13.48 1.83 18.60 -1 1.000000
413 30 car -1 -1 -1 594 190 700 244 -1 -1 -1 0.91 1.78 15.88 -1 1.000000
413 42 car -1 -1 -1 687 186 749 242 -1 -1 -1 3.05 1.83 20.43 -1 1.000000
413 43 car -1 -1 -1 733 183 788 221 -1 -1 -1 6.17 1.91 28.48 -1 1.000000
413 44 car -1 -1 -1 798 177 858 220 -1 -1 -1 8.99 1.95 28.81 -1 1.000000
413 45 unknown -1 -1 -1 1109 167 1151 230 -1 -1 -1 13.48 1.87 18.65 -1 1.000000
414 30 car -1 -1 -1 593 190 700 245 -1 -1 -1 0.93 1.76 15.89 -1 1.000000
414 42 car -1 -1 -1 687 185 749 242 -1 -1 -1 3.04 1.80 20.35 -1 1.000000
414 43 car -1 -1 -1 733 182 788 221 -1 -1 -1 6.15 1.86 28.31 -1 1.000000
414 44 car -1 -1 -1 796 176 857 220 -1 -1 -1 8.65 1.89 27.84 -1 1.000000
414 45 unknown -1 -1 -1 1109 167 1150 228 -1 -1 -1 13.46 1.80 18.59 -1 1.000000
415 30 car -1 -1 -1 593 190 700 244 -1 -1 -1 0.92 1.58 15.86 -1 1.000000
415 42 car -1 -1 -1 687 186 749 242 -1 -1 -1 3.00 1.52 20.23 -1 1.000000
415 43 car -1 -1 -1 732 182 792 221 -1 -1 -1 6.07 1.39 27.97 -1 1.000000
415 44 car -1 -1 -1 794 177 859 221 -1 -1 -1 8.24 1.43 26.78 -1 1.000000
415 45 unknown -1 -1 -1 1109 167 1150 230 -1 -1 -1 13.37 1.39 18.30 -1 1.000000
416 30 car -1 -1 -1 593 191 700 245 -1 -1 -1 1.00 1.81 16.09 -1 1.000000
416 42 car -1 -1 -1 686 187 749 243 -1 -1 -1 3.05 1.86 20.32 -1 1.000000
416 43 car -1 -1 -1 733 180 792 221 -1 -1 -1 6.22 1.95 28.58 -1 1.000000
416 44 car -1 -1 -1 792 173 860 223 -1 -1 -1 8.10 1.96 26.54 -1 1.000000
416 45 unknown -1 -1 -1 1109 168 1150 229 -1 -1 -1 13.50 1.90 18.69 -1 1.000000
417 42 car -1 -1 -1 687 187 748 243 -1 -1 -1 3.03 1.76 20.28 -1 1.000000
417 43 car -1 -1 -1 732 184 792 222 -1 -1 -1 6.19 1.80 28.39 -1 1.000000
417 44 car -1 -1 -1 790 178 861 223 -1 -1 -1 7.91 1.79 25.89 -1 1.000000
417 45 unknown -1 -1 -1 1109 170 1150 231 -1 -1 -1 13.45 1.73 18.53 -1 1.000000
417 46 car -1 -1 -1 569 189 702 263 -1 -1 -1 0.69 1.75 14.79 -1 1.000000
418 42 car -1 -1 -1 687 187 749 243 -1 -1 -1 3.05 1.87 20.30 -1 1.000000
418 43 car -1 -1 -1 733 184 791 222 -1 -1 -1 6.21 1.97 28.56 -1 1.000000
418 44 car -1 -1 -1 785 177 859 226 -1 -1 -1 7.59 1.96 25.36 -1 1.000000
418 45 unknown -1 -1 -1 1109 169 1150 231 -1 -1 -1 13.49 1.88 18.65 -1 1.000000
418 46 car -1 -1 -1 570 189 703 262 -1 -1 -1 0.66 1.80 14.67 -1 1.000000
419 42 car -1 -1 -1 687 187 749 243 -1 -1 -1 3.04 1.90 20.29 -1 1.000000
419 43 car -1 -1 -1 733 184 788 222 -1 -1 -1 6.25 2.02 28.68 -1 1.000000
419 44 car -1 -1 -1 784 175 857 227 -1 -1 -1 7.34 1.98 24.67 -1 1.000000
419 45 unknown -1 -1 -1 1109 169 1150 231 -1 -1 -1 13.51 1.92 18.66 -1 1.000000
419 46 car -1 -1 -1 570 189 701 262 -1 -1 -1 0.62 1.81 14.52 -1 1.000000
420 42 car -1 -1 -1 687 187 749 244 -1 -1 -1 3.02 1.82 20.23 -1 1.000000
420 43 car -1 -1 -1 733 184 788 223 -1 -1 -1 6.20 1.90 28.47 -1 1.000000
420 44 car -1 -1 -1 782 180 852 229 -1 -1 -1 7.06 1.87 23.95 -1 1.000000
420 45 unknown -1 -1 -1 1110 169 1150 231 -1 -1 -1 13.49 1.83 18.58 -1 1.000000
420 46 car -1 -1 -1 570 189 701 263 -1 -1 -1 0.60 1.78 14.45 -1 1.000000
421 42 car -1 -1 -1 687 187 749 244 -1 -1 -1 3.01 1.83 20.20 -1 1.000000
421 43 car -1 -1 -1 734 184 786 222 -1 -1 -1 6.17 1.93 28.34 -1 1.000000
421 44 car -1 -1 -1 781 167 856 228 -1 -1 -1 6.86 1.86 23.39 -1 1.000000
421 45 unknown -1 -1 -1 1109 169 1150 231 -1 -1 -1 13.48 1.81 18.54 -1 1.000000
421 46 car -1 -1 -1 570 189 701 262 -1 -1 -1 0.62 1.77 14.48 -1 1.000000
422 42 car -1 -1 -1 687 187 749 244 -1 -1 -1 3.04 1.86 20.20 -1 1.000000
422 43 car -1 -1 -1 733 184 785 222 -1 -1 -1 6.06 1.96 28.14 -1 1.000000
422 44 car -1 -1 -1 777 178 854 231 -1 -1 -1 6.57 1.90 22.65 -1 1.000000
422 45 unknown -1 -1 -1 1110 169 1150 231 -1 -1 -1 13.47 1.86 18.55 -1 1.000000
422 46 car -1 -1 -1 570 189 701 262 -1 -1 -1 0.60 1.79 14.52 -1 1.000000
423 42 car -1 -1 -1 687 187 749 244 -1 -1 -1 3.03 1.86 20.17 -1 1.000000
423 43 car -1 -1 -1 732 184 783 223 -1 -1 -1 5.86 1.95 27.35 -1 1.000000
423 44 car -1 -1 -1 775 178 857 234 -1 -1 -1 6.39 1.90 22.00 -1 1.000000
423 45 unknown -1 -1 -1 1110 169 1150 232 -1 -1 -1 13.45 1.90 18.53 -1 1.000000
423 46 car -1 -1 -1 570 189 701 262 -1 -1 -1 0.61 1.80 14.46 -1 1.000000
423 47 unknown -1 -1 -1 188 96 241 156 -1 -1 -1 -5.65 1.72 10.18 -1 1.000000
424 42 car -1 -1 -1 687 187 749 244 -1 -1 -1 3.03 1.89 20.17 -1 1.000000
424 43 car -1 -1 -1 727 184 783 223 -1 -1 -1 5.78 1.99 27.49 -1 1.000000
424 44 car -1 -1 -1 772 178 856 235 -1 -1 -1 6.17 1.92 21.39 -1 1.000000
424 45 unknown -1 -1 -1 1109 169 1151 231 -1 -1 -1 13.45 1.91 18.55 -1 1.000000
424 46 car -1 -1 -1 570 189 704 262 -1 -1 -1 0.63 1.81 14.53 -1 1.000000
424 47 unknown -1 -1 -1 188 96 238 156 -1 -1 -1 -5.75 1.74 10.41 -1 1.000000
425 42 car -1 -1 -1 687 187 749 243 -1 -1 -1 3.01 1.82 20.16 -1 1.000000
425 44 car -1 -1 -1 769 181 848 238 -1 -1 -1 5.84 1.84 20.64 -1 1.000000
425 45 unknown -1 -1 -1 1110 169 1150 231 -1 -1 -1 13.44 1.84 18.50 -1 1.000000
425 46 car -1 -1 -1 570 189 700 262 -1 -1 -1 0.61 1.77 14.49 -1 1.000000
425 47 unknown -1 -1 -1 188 95 240 156 -1 -1 -1 -5.82 1.72 10.59 -1 1.000000
426 42 car -1 -1 -1 687 187 749 244 -1 -1 -1 3.03 1.82 20.17 -1 1.000000
426 44 car -1 -1 -1 766 181 845 241 -1 -1 -1 5.55 1.84 20.01 -1 1.000000
426 45 unknown -1 -1 -1 1110 169 1151 231 -1 -1 -1 13.47 1.85 18.52 -1 1.000000
426 46 car -1 -1 -1 569 189 703 262 -1 -1 -1 0.60 1.77 14.57 -1 1.000000
426 47 unknown -1 -1 -1 187 97 244 163 -1 -1 -1 -5.85 1.73 10.74 -1 1.000000
427 42 car -1 -1 -1 687 187 749 244 -1 -1 -1 3.03 1.82 20.17 -1 1.000000
427 44 car -1 -1 -1 759 180 844 242 -1 -1 -1 5.29 1.82 19.39 -1 1.000000
427 45 unknown -1 -1 -1 1110 169 1150 232 -1 -1 -1 13.44 1.81 18.48 -1 1.000000
427 46 car -1 -1 -1 570 189 703 262 -1 -1 -1 0.59 1.77 14.56 -1 1.000000
427 47 unknown -1 -1 -1 188 98 241 159 -1 -1 -1 -5.88 1.74 10.69 -1 1.000000
428 42 car -1 -1 -1 687 187 750 244 -1 -1 -1 3.03 1.81 20.20 -1 1.000000
428 44 car -1 -1 -1 758 182 842 245 -1 -1 -1 5.08 1.81 18.78 -1 1.000000
428 45 unknown -1 -1 -1 1110 169 1151 231 -1 -1 -1 13.44 1.81 18.49 -1 1.000000
428 46 car -1 -1 -1 568 193 677 268 -1 -1 -1 0.29 1.77 13.82 -1 1.000000
428 47 unknown -1 -1 -1 188 96 239 156 -1 -1 -1 -5.76 1.73 10.42 -1 1.000000
429 42 car -1 -1 -1 687 187 750 243 -1 -1 -1 3.04 1.91 20.25 -1 1.000000
429 44 car -1 -1 -1 756 182 840 246 -1 -1 -1 4.88 1.89 18.29 -1 1.000000
429 45 unknown -1 -1 -1 1110 169 1150 230 -1 -1 -1 13.47 1.94 18.57 -1 1.000000
429 46 car -1 -1 -1 568 192 680 268 -1 -1 -1 0.32 1.81 13.82 -1 1.000000
429 47 unknown -1 -1 -1 188 98 244 164 -1 -1 -1 -5.71 1.74 10.47 -1 1.000000
430 42 car -1 -1 -1 687 187 751 243 -1 -1 -1 3.01 1.66 20.15 -1 1.000000
430 44 car -1 -1 -1 753 182 841 247 -1 -1 -1 4.60 1.64 17.67 -1 1.000000
430 45 unknown -1 -1 -1 1110 169 1150 230 -1 -1 -1 13.37 1.54 18.28 -1 1.000000
430 46 car -1 -1 -1 568 193 669 269 -1 -1 -1 0.28 1.69 13.77 -1 1.000000
430 47 unknown -1 -1 -1 189 97 244 159 -1 -1 -1 -5.64 1.75 10.37 -1 1.000000
431 42 car -1 -1 -1 687 187 753 243 -1 -1 -1 3.03 1.63 20.08 -1 1.000000
431 44 car -1 -1 -1 747 183 849 249 -1 -1 -1 4.65 1.58 17.51 -1 1.000000
431 45 unknown -1 -1 -1 1110 169 1150 231 -1 -1 -1 13.38 1.45 18.32 -1 1.000000
431 47 unknown -1 -1 -1 189 97 244 163 -1 -1 -1 -5.60 1.76 10.32 -1 1.000000
431 48 car -1 -1 -1 594 191 699 244 -1 -1 -1 0.97 1.66 16.02 -1 1.000000
432 42 car -1 -1 -1 689 187 753 243 -1 -1 -1 3.05 1.77 19.98 -1 1.000000
432 44 car -1 -1 -1 742 186 836 251 -1 -1 -1 4.48 1.73 17.03 -1 1.000000
432 45 unknown -1 -1 -1 1110 169 1150 231 -1 -1 -1 13.46 1.72 18.58 -1 1.000000
432 48 car -1 -1 -1 594 191 699 246 -1 -1 -1 1.01 1.75 16.01 -1 1.000000
433 42 car -1 -1 -1 689 187 750 242 -1 -1 -1 3.04 1.89 19.82 -1 1.000000
433 44 car -1 -1 -1 738 186 834 254 -1 -1 -1 4.21 1.84 16.61 -1 1.000000
433 45 unknown -1 -1 -1 1110 169 1150 231 -1 -1 -1 13.52 1.92 18.68 -1 1.000000
433 48 car -1 -1 -1 593 191 700 246 -1 -1 -1 1.01 1.82 16.01 -1 1.000000
434 42 car -1 -1 -1 687 187 747 243 -1 -1 -1 2.97 1.87 19.69 -1 1.000000
434 44 car -1 -1 -1 733 184 832 257 -1 -1 -1 4.00 1.82 16.07 -1 1.000000
434 45 unknown -1 -1 -1 1110 169 1150 231 -1 -1 -1 13.49 1.88 18.59 -1 1.000000
434 48 car -1 -1 -1 593 191 700 245 -1 -1 -1 1.01 1.82 15.92 -1 1.000000
434 49 unknown -1 -1 -1 188 97 242 161 -1 -1 -1 -5.67 1.73 10.30 -1 1.000000
435 42 car -1 -1 -1 687 187 744 243 -1 -1 -1 2.88 1.78 19.51 -1 1.000000
435 44 car -1 -1 -1 721 183 831 259 -1 -1 -1 3.78 1.75 15.61 -1 1.000000
435 45 unknown -1 -1 -1 1110 169 1150 230 -1 -1 -1 13.43 1.76 18.47 -1 1.000000
435 48 car -1 -1 -1 593 191 700 246 -1 -1 -1 1.04 1.76 15.85 -1 1.000000
435 49 unknown -1 -1 -1 188 94 237 156 -1 -1 -1 -5.67 1.73 10.25 -1 1.000000
436 44 car -1 -1 -1 721 185 830 262 -1 -1 -1 3.55 1.82 15.28 -1 1.000000
436 45 unknown -1 -1 -1 1110 169 1150 231 -1 -1 -1 13.45 1.89 18.55 -1 1.000000
436 49 unknown -1 -1 -1 187 95 236 155 -1 -1 -1 -5.83 1.75 10.61 -1 1.000000
436 50 car -1 -1 -1 570 187 735 262 -1 -1 -1 0.76 1.81 14.94 -1 1.000000
437 44 car -1 -1 -1 715 183 829 265 -1 -1 -1 3.36 1.78 14.66 -1 1.000000
437 45 unknown -1 -1 -1 1110 169 1150 230 -1 -1 -1 13.43 1.82 18.50 -1 1.000000
437 49 unknown -1 -1 -1 188 95 238 156 -1 -1 -1 -5.83 1.74 10.59 -1 1.000000
437 50 car -1 -1 -1 570 189 733 263 -1 -1 -1 0.72 1.78 14.87 -1 1.000000
438 44 car -1 -1 -1 704 181 836 266 -1 -1 -1 3.24 1.84 14.48 -1 1.000000
438 45 unknown -1 -1 -1 1110 169 1150 230 -1 -1 -1 13.47 1.96 18.60 -1 1.000000
438 49 unknown -1 -1 -1 188 94 237 156 -1 -1 -1 -5.89 1.74 10.62 -1 1.000000
438 50 car -1 -1 -1 570 189 729 264 -1 -1 -1 0.72 1.84 14.86 -1 1.000000
439 44 car -1 -1 -1 695 180 837 269 -1 -1 -1 3.12 1.78 14.20 -1 1.000000
439 45 unknown -1 -1 -1 1110 169 1150 231 -1 -1 -1 13.44 1.84 18.50 -1 1.000000
439 49 unknown -1 -1 -1 188 95 237 156 -1 -1 -1 -5.81 1.73 10.44 -1 1.000000
439 50 car -1 -1 -1 569 188 730 263 -1 -1 -1 0.67 1.79 14.78 -1 1.000000
440 44 car -1 -1 -1 691 181 819 272 -1 -1 -1 2.97 1.79 13.81 -1 1.000000
440 45 unknown -1 -1 -1 1109 169 1150 230 -1 -1 -1 13.47 1.89 18.58 -1 1.000000
440 50 car -1 -1 -1 569 188 728 263 -1 -1 -1 0.62 1.80 14.56 -1 1.000000
441 44 car -1 -1 -1 683 180 815 275 -1 -1 -1 2.80 1.78 13.32 -1 1.000000
441 45 unknown -1 -1 -1 1110 169 1150 231 -1 -1 -1 13.45 1.86 18.54 -1 1.000000
441 50 car -1 -1 -1 570 187 729 263 -1 -1 -1 0.57 1.79 14.33 -1 1.000000
441 51 car -1 -1 -1 788 180 844 234 -1 -1 -1 6.51 1.87 21.63 -1 1.000000
442 44 car -1 -1 -1 674 180 812 277 -1 -1 -1 2.40 1.72 12.74 -1 1.000000
442 45 unknown -1 -1 -1 1110 169 1150 230 -1 -1 -1 13.41 1.68 18.46 -1 1.000000
442 50 car -1 -1 -1 569 189 717 264 -1 -1 -1 0.48 1.74 14.07 -1 1.000000
442 51 car -1 -1 -1 783 163 851 236 -1 -1 -1 6.41 1.72 21.54 -1 1.000000
443 44 car -1 -1 -1 656 184 808 284 -1 -1 -1 2.15 1.79 12.18 -1 1.000000
443 45 unknown -1 -1 -1 1109 169 1151 230 -1 -1 -1 13.51 1.94 18.65 -1 1.000000
443 50 car -1 -1 -1 568 189 709 264 -1 -1 -1 0.39 1.79 13.89 -1 1.000000
443 51 car -1 -1 -1 782 181 839 239 -1 -1 -1 6.08 1.88 20.81 -1 1.000000
443 52 unknown -1 -1 -1 188 95 237 155 -1 -1 -1 -5.64 1.71 10.14 -1 1.000000
444 44 car -1 -1 -1 646 185 804 287 -1 -1 -1 1.90 1.74 11.69 -1 1.000000
444 45 unknown -1 -1 -1 1110 169 1150 230 -1 -1 -1 13.45 1.79 18.52 -1 1.000000
444 50 car -1 -1 -1 571 186 707 261 -1 -1 -1 0.24 1.76 13.95 -1 1.000000
444 51 car -1 -1 -1 780 181 838 240 -1 -1 -1 5.91 1.81 20.34 -1 1.000000
444 52 unknown -1 -1 -1 189 96 238 156 -1 -1 -1 -5.62 1.73 10.17 -1 1.000000
445 44 car -1 -1 -1 634 184 799 293 -1 -1 -1 1.70 1.78 11.41 -1 1.000000
445 45 unknown -1 -1 -1 1110 169 1150 230 -1 -1 -1 13.50 1.97 18.65 -1 1.000000
445 50 car -1 -1 -1 569 189 701 266 -1 -1 -1 0.20 1.80 13.96 -1 1.000000
445 51 car -1 -1 -1 777 181 836 242 -1 -1 -1 5.74 1.91 19.93 -1 1.000000
445 52 unknown -1 -1 -1 188 96 239 155 -1 -1 -1 -5.62 1.71 10.17 -1 1.000000
446 44 car -1 -1 -1 619 188 797 298 -1 -1 -1 1.57 1.71 10.98 -1 1.000000
446 45 unknown -1 -1 -1 1110 169 1150 230 -1 -1 -1 13.43 1.72 18.44 -1 1.000000
446 50 car -1 -1 -1 571 190 689 264 -1 -1 -1 0.12 1.74 13.96 -1 1.000000
446 51 car -1 -1 -1 785 162 850 244 -1 -1 -1 5.64 1.74 19.79 -1 1.000000
446 52 unknown -1 -1 -1 188 95 240 156 -1 -1 -1 -5.58 1.74 10.29 -1 1.000000
447 44 car -1 -1 -1 605 188 788 303 -1 -1 -1 1.39 1.75 10.62 -1 1.000000
447 45 unknown -1 -1 -1 1110 169 1150 230 -1 -1 -1 13.48 1.87 18.54 -1 1.000000
447 51 car -1 -1 -1 768 181 841 245 -1 -1 -1 5.39 1.84 19.31 -1 1.000000
447 52 unknown -1 -1 -1 188 95 239 156 -1 -1 -1 -5.64 1.72 10.34 -1 1.000000
448 44 car -1 -1 -1 578 188 781 309 -1 -1 -1 1.10 1.72 10.16 -1 1.000000
448 45 unknown -1 -1 -1 1110 169 1150 230 -1 -1 -1 13.44 1.75 18.47 -1 1.000000
448 51 car -1 -1 -1 761 182 834 247 -1 -1 -1 5.09 1.77 18.69 -1 1.000000
448 52 unknown -1 -1 -1 188 95 239 156 -1 -1 -1 -5.63 1.72 10.25 -1 1.000000
449 44 car -1 -1 -1 569 188 773 314 -1 -1 -1 0.86 1.68 9.91 -1 1.000000
449 45 unknown -1 -1 -1 1110 169 1150 230 -1 -1 -1 13.38 1.51 18.34 -1 1.000000
449 51 car -1 -1 -1 755 183 833 248 -1 -1 -1 4.79 1.62 18.04 -1 1.000000
449 52 unknown -1 -1 -1 188 95 240 156 -1 -1 -1 -5.62 1.75 10.37 -1 1.000000
450 44 car -1 -1 -1 545 186 765 321 -1 -1 -1 0.71 1.68 9.50 -1 1.000000
450 45 unknown -1 -1 -1 1110 169 1150 230 -1 -1 -1 13.40 1.52 18.43 -1 1.000000
450 51 car -1 -1 -1 749 180 836 250 -1 -1 -1 4.63 1.63 17.66 -1 1.000000
450 52 unknown -1 -1 -1 188 96 239 156 -1 -1 -1 -5.60 1.75 10.23 -1 1.000000
451 44 car -1 -1 -1 513 188 756 328 -1 -1 -1 0.55 1.68 9.09 -1 1.000000
451 45 unknown -1 -1 -1 1110 169 1150 231 -1 -1 -1 13.43 1.53 18.48 -1 1.000000
451 51 car -1 -1 -1 743 184 828 253 -1 -1 -1 4.42 1.64 17.05 -1 1.000000
451 52 unknown -1 -1 -1 189 95 239 156 -1 -1 -1 -5.74 1.76 10.58 -1 1.000000
452 44 car -1 -1 -1 494 187 750 332 -1 -1 -1 0.34 1.67 8.70 -1 1.000000
452 45 unknown -1 -1 -1 1110 169 1150 230 -1 -1 -1 13.42 1.45 18.46 -1 1.000000
452 51 car -1 -1 -1 736 185 828 255 -1 -1 -1 4.23 1.60 16.47 -1 1.000000
452 52 unknown -1 -1 -1 188 95 240 156 -1 -1 -1 -5.59 1.74 10.23 -1 1.000000
453 44 car -1 -1 -1 465 188 739 336 -1 -1 -1 0.09 1.67 8.32 -1 1.000000
453 45 unknown -1 -1 -1 1110 169 1150 230 -1 -1 -1 13.39 1.33 18.41 -1 1.000000
453 47 unknown -1 -1 -1 188 98 245 163 -1 -1 -1 -5.59 1.69 10.34 -1 1.000000
453 51 car -1 -1 -1 721 185 826 259 -1 -1 -1 3.94 1.48 16.06 -1 1.000000
454 44 car -1 -1 -1 435 189 726 341 -1 -1 -1 -0.07 1.66 7.93 -1 1.000000
454 45 unknown -1 -1 -1 1110 169 1150 230 -1 -1 -1 13.43 1.43 18.51 -1 1.000000
454 47 unknown -1 -1 -1 188 95 241 156 -1 -1 -1 -5.71 1.73 10.57 -1 1.000000
454 51 car -1 -1 -1 718 185 826 261 -1 -1 -1 3.80 1.57 15.65 -1 1.000000
455 44 car -1 -1 -1 400 192 710 349 -1 -1 -1 -0.32 1.66 7.53 -1 1.000000
455 45 unknown -1 -1 -1 1110 169 1150 230 -1 -1 -1 13.43 1.43 18.50 -1 1.000000
455 51 car -1 -1 -1 720 185 831 262 -1 -1 -1 3.63 1.59 15.24 -1 1.000000
455 52 unknown -1 -1 -1 189 93 243 156 -1 -1 -1 -5.75 1.74 10.74 -1 1.000000
456 44 car -1 -1 -1 386 192 695 356 -1 -1 -1 -0.46 1.68 7.14 -1 1.000000
456 45 unknown -1 -1 -1 1110 169 1150 230 -1 -1 -1 13.46 1.47 18.52 -1 1.000000
456 51 car -1 -1 -1 712 185 824 264 -1 -1 -1 3.50 1.60 14.84 -1 1.000000
456 52 unknown -1 -1 -1 188 94 239 156 -1 -1 -1 -5.82 1.72 10.62 -1 1.000000
456 53 car -1 -1 -1 645 189 699 243 -1 -1 -1 1.59 1.61 15.90 -1 1.000000
457 44 car -1 -1 -1 333 184 687 364 -1 -1 -1 -0.65 1.70 6.80 -1 1.000000
457 45 unknown -1 -1 -1 1110 169 1150 230 -1 -1 -1 13.43 1.43 18.49 -1 1.000000
457 51 car -1 -1 -1 709 186 820 267 -1 -1 -1 3.30 1.60 14.22 -1 1.000000
457 53 car -1 -1 -1 628 190 698 242 -1 -1 -1 1.46 1.60 15.74 -1 1.000000
458 44 car -1 -1 -1 274 186 667 371 -1 -1 -1 -0.87 1.69 6.38 -1 1.000000
458 45 unknown -1 -1 -1 1110 169 1150 230 -1 -1 -1 13.44 1.43 18.51 -1 1.000000
458 51 car -1 -1 -1 694 183 829 269 -1 -1 -1 3.03 1.59 13.88 -1 1.000000
458 53 car -1 -1 -1 612 190 707 255 -1 -1 -1 1.28 1.60 15.64 -1 1.000000
459 44 car -1 -1 -1 223 192 652 374 -1 -1 -1 -1.11 1.30 5.98 -1 1.000000
459 45 unknown -1 -1 -1 1110 169 1150 230 -1 -1 -1 13.48 1.51 18.56 -1 1.000000
459 51 car -1 -1 -1 699 186 814 272 -1 -1 -1 2.90 1.42 13.46 -1 1.000000
459 53 car -1 -1 -1 602 191 724 268 -1 -1 -1 1.04 1.45 15.33 -1 1.000000
460 44 car -1 -1 -1 157 192 636 375 -1 -1 -1 -1.34 1.27 5.59 -1 1.000000
460 45 unknown -1 -1 -1 1110 169 1150 230 -1 -1 -1 13.46 1.45 18.52 -1 1.000000
460 51 car -1 -1 -1 700 188 812 264 -1 -1 -1 2.86 1.22 13.45 -1 1.000000
460 53 car -1 -1 -1 590 192 704 261 -1 -1 -1 0.70 1.19 14.98 -1 1.000000
461 44 car -1 -1 -1 81 193 617 375 -1 -1 -1 -1.57 1.23 5.20 -1 1.000000
461 45 unknown -1 -1 -1 1109 170 1150 231 -1 -1 -1 13.46 1.47 18.54 -1 1.000000
461 51 car -1 -1 -1 699 189 808 260 -1 -1 -1 2.98 1.24 13.55 -1 1.000000
461 53 car -1 -1 -1 573 190 704 263 -1 -1 -1 0.47 1.21 14.53 -1 1.000000
462 45 unknown -1 -1 -1 1108 170 1150 230 -1 -1 -1 13.48 1.48 18.48 -1 1.000000
462 51 car -1 -1 -1 690 189 804 263 -1 -1 -1 2.79 1.21 13.19 -1 1.000000
462 53 car -1 -1 -1 565 189 709 263 -1 -1 -1 0.50 1.82 14.34 -1 1.000000
463 45 unknown -1 -1 -1 1108 170 1149 230 -1 -1 -1 13.51 1.54 18.50 -1 1.000000
463 51 car -1 -1 -1 681 190 800 265 -1 -1 -1 2.60 1.19 12.82 -1 1.000000
463 53 car -1 -1 -1 568 188 708 265 -1 -1 -1 0.40 1.88 14.13 -1 1.000000
464 45 unknown -1 -1 -1 1107 170 1148 231 -1 -1 -1 13.50 1.47 18.55 -1 1.000000
464 53 car -1 -1 -1 568 188 699 266 -1 -1 -1 0.27 1.89 14.00 -1 1.000000
464 54 car -1 -1 -1 634 188 794 292 -1 -1 -1 1.69 1.76 11.38 -1 1.000000
465 45 unknown -1 -1 -1 1106 169 1148 229 -1 -1 -1 13.53 1.62 18.69 -1 1.000000
465 54 car -1 -1 -1 616 190 791 297 -1 -1 -1 1.51 1.77 10.99 -1 1.000000
466 45 unknown -1 -1 -1 1106 170 1147 229 -1 -1 -1 13.58 1.99 18.83 -1 1.000000
466 54 car -1 -1 -1 605 189 781 297 -1 -1 -1 1.36 1.81 10.87 -1 1.000000
467 45 unknown -1 -1 -1 1104 169 1145 236 -1 -1 -1 13.42 1.86 18.64 -1 1.000000
467 54 car -1 -1 -1 562 190 779 307 -1 -1 -1 0.99 1.76 10.47 -1 1.000000
468 45 unknown -1 -1 -1 1103 169 1142 236 -1 -1 -1 13.42 1.91 18.68 -1 1.000000
468 54 car -1 -1 -1 545 190 773 314 -1 -1 -1 0.77 1.75 10.09 -1 1.000000
469 45 unknown -1 -1 -1 1100 171 1142 230 -1 -1 -1 13.28 1.69 18.51 -1 1.000000
469 54 car -1 -1 -1 522 191 754 321 -1 -1 -1 0.51 1.72 9.61 -1 1.000000
470 45 unknown -1 -1 -1 1100 170 1140 232 -1 -1 -1 13.31 1.89 18.65 -1 1.000000
470 54 car -1 -1 -1 500 187 746 326 -1 -1 -1 0.27 1.75 9.25 -1 1.000000
471 45 unknown -1 -1 -1 1096 172 1139 233 -1 -1 -1 13.13 1.53 18.37 -1 1.000000
471 54 car -1 -1 -1 465 191 743 334 -1 -1 -1 0.04 1.72 8.85 -1 1.000000
471 55 car -1 -1 -1 680 189 742 238 -1 -1 -1 3.18 1.57 21.12 -1 1.000000
472 45 unknown -1 -1 -1 1093 172 1138 232 -1 -1 -1 13.19 1.98 18.66 -1 1.000000
472 54 car -1 -1 -1 441 195 730 339 -1 -1 -1 -0.22 1.76 8.50 -1 1.000000
472 55 car -1 -1 -1 673 191 738 246 -1 -1 -1 2.96 1.96 20.74 -1 1.000000
473 45 unknown -1 -1 -1 1094 173 1138 234 -1 -1 -1 13.09 1.99 18.50 -1 1.000000
473 54 car -1 -1 -1 400 198 698 343 -1 -1 -1 -0.51 1.77 8.03 -1 1.000000
473 55 car -1 -1 -1 670 193 737 247 -1 -1 -1 2.72 1.98 20.38 -1 1.000000
474 45 unknown -1 -1 -1 1091 175 1133 237 -1 -1 -1 12.94 2.02 18.36 -1 1.000000
474 54 car -1 -1 -1 364 193 727 351 -1 -1 -1 -0.66 1.77 7.74 -1 1.000000
474 55 car -1 -1 -1 671 194 734 250 -1 -1 -1 2.57 2.02 20.15 -1 1.000000
475 45 unknown -1 -1 -1 1090 175 1130 236 -1 -1 -1 12.79 1.85 18.19 -1 1.000000
475 54 car -1 -1 -1 314 192 727 361 -1 -1 -1 -0.86 1.76 7.34 -1 1.000000
475 55 car -1 -1 -1 668 192 738 242 -1 -1 -1 2.38 1.87 20.07 -1 1.000000
476 54 car -1 -1 -1 219 187 758 367 -1 -1 -1 -1.06 1.50 6.93 -1 1.000000
476 55 car -1 -1 -1 666 193 738 251 -1 -1 -1 2.38 1.94 19.96 -1 1.000000
477 54 car -1 -1 -1 181 207 635 375 -1 -1 -1 -1.30 1.48 6.55 -1 1.000000
477 55 car -1 -1 -1 661 194 726 251 -1 -1 -1 2.26 1.84 19.73 -1 1.000000
478 54 car -1 -1 -1 137 209 616 375 -1 -1 -1 -1.53 1.46 6.15 -1 1.000000
478 56 car -1 -1 -1 558 194 719 269 -1 -1 -1 0.40 1.37 15.22 -1 1.000000
479 56 car -1 -1 -1 557 199 668 279 -1 -1 -1 0.20 1.49 14.46 -1 1.000000
480 56 car -1 -1 -1 565 199 663 278 -1 -1 -1 0.33 1.98 14.42 -1 1.000000
