1 0 car -1 -1 -1 664 177 735 232 -1 -1 -1 2.65 1.62 20.63 -1 1.000000
2 0 car -1 -1 -1 664 177 737 232 -1 -1 -1 2.61 1.60 19.93 -1 1.000000
3 0 car -1 -1 -1 665 178 740 235 -1 -1 -1 2.54 1.63 19.15 -1 1.000000
4 0 car -1 -1 -1 666 180 744 238 -1 -1 -1 2.42 1.66 18.27 -1 1.000000
4 1 car -1 -1 -1 425 185 505 238 -1 -1 -1 -4.83 1.94 24.45 -1 1.000000
5 0 car -1 -1 -1 668 184 750 246 -1 -1 -1 2.43 1.75 17.43 -1 1.000000
5 1 car -1 -1 -1 400 187 503 242 -1 -1 -1 -5.04 2.01 23.62 -1 1.000000
6 0 car -1 -1 -1 666 187 756 250 -1 -1 -1 2.37 1.76 16.69 -1 1.000000
6 1 car -1 -1 -1 386 189 497 246 -1 -1 -1 -5.13 2.10 22.60 -1 1.000000
7 0 car -1 -1 -1 670 189 763 257 -1 -1 -1 2.41 1.77 15.88 -1 1.000000
7 1 car -1 -1 -1 376 193 492 252 -1 -1 -1 -5.12 2.10 21.53 -1 1.000000
7 2 car -1 -1 -1 187 203 379 312 -1 -1 -1 -5.23 1.96 12.12 -1 1.000000
8 0 car -1 -1 -1 672 189 771 262 -1 -1 -1 2.36 1.77 14.97 -1 1.000000
8 1 car -1 -1 -1 368 192 489 252 -1 -1 -1 -5.07 2.08 20.76 -1 1.000000
8 2 car -1 -1 -1 153 205 364 309 -1 -1 -1 -5.26 1.96 11.27 -1 1.000000
9 0 car -1 -1 -1 676 190 781 265 -1 -1 -1 2.37 1.77 14.17 -1 1.000000
9 1 car -1 -1 -1 356 194 460 260 -1 -1 -1 -5.05 2.07 19.11 -1 1.000000
9 2 car -1 -1 -1 114 206 356 321 -1 -1 -1 -5.23 1.95 10.49 -1 1.000000
9 3 car -1 -1 -1 432 188 485 239 -1 -1 -1 -4.84 2.15 25.07 -1 1.000000
10 0 car -1 -1 -1 682 190 794 269 -1 -1 -1 2.45 1.75 13.31 -1 1.000000
10 1 car -1 -1 -1 346 197 456 265 -1 -1 -1 -5.15 2.11 18.28 -1 1.000000
10 2 car -1 -1 -1 71 209 340 336 -1 -1 -1 -5.17 1.99 9.68 -1 1.000000
10 3 car -1 -1 -1 426 187 483 243 -1 -1 -1 -4.78 2.19 24.24 -1 1.000000
10 4 stair -1 -1 -1 923 219 989 244 -1 -1 -1 7.52 1.59 15.45 -1 1.000000
11 0 car -1 -1 -1 687 189 810 276 -1 -1 -1 2.53 1.73 12.52 -1 1.000000
11 1 car -1 -1 -1 337 198 453 269 -1 -1 -1 -5.05 2.10 17.39 -1 1.000000
11 2 car -1 -1 -1 1 211 323 366 -1 -1 -1 -5.09 1.98 9.09 -1 1.000000
11 3 car -1 -1 -1 424 187 481 245 -1 -1 -1 -4.72 2.18 23.12 -1 1.000000
11 4 stair -1 -1 -1 942 219 1012 246 -1 -1 -1 7.53 1.56 14.53 -1 1.000000
12 0 car -1 -1 -1 693 189 827 283 -1 -1 -1 2.49 1.71 11.59 -1 1.000000
12 1 car -1 -1 -1 321 198 445 275 -1 -1 -1 -4.99 2.07 16.53 -1 1.000000
12 2 car -1 -1 -1 1 214 302 374 -1 -1 -1 -4.91 1.95 8.39 -1 1.000000
12 3 car -1 -1 -1 417 193 479 246 -1 -1 -1 -4.55 2.13 21.73 -1 1.000000
12 4 stair -1 -1 -1 965 221 1037 250 -1 -1 -1 7.52 1.54 13.60 -1 1.000000
12 5 tracking error -1 -1 -1 491 184 567 216 -1 -1 -1 -5.03 2.36 38.49 -1 1.000000
13 0 car -1 -1 -1 699 190 847 290 -1 -1 -1 2.46 1.70 10.62 -1 1.000000
13 1 car -1 -1 -1 315 199 442 278 -1 -1 -1 -4.89 2.05 15.73 -1 1.000000
13 2 car -1 -1 -1 1 214 284 374 -1 -1 -1 -4.78 1.95 7.97 -1 1.000000
13 3 car -1 -1 -1 412 192 477 246 -1 -1 -1 -4.47 2.09 20.94 -1 1.000000
13 4 stair -1 -1 -1 989 218 1080 255 -1 -1 -1 7.58 1.51 12.71 -1 1.000000
13 5 tracking error -1 -1 -1 477 186 545 216 -1 -1 -1 -5.01 2.31 37.93 -1 1.000000
13 6 window -1 -1 -1 801 142 869 196 -1 -1 -1 8.93 1.67 28.78 -1 1.000000
14 0 car -1 -1 -1 712 190 872 301 -1 -1 -1 2.45 1.67 9.69 -1 1.000000
14 1 car -1 -1 -1 298 197 438 283 -1 -1 -1 -4.90 2.00 14.85 -1 1.000000
14 2 car -1 -1 -1 1 215 260 374 -1 -1 -1 -4.69 1.92 7.41 -1 1.000000
14 3 car -1 -1 -1 420 183 478 246 -1 -1 -1 -4.39 2.02 20.27 -1 1.000000
14 5 tracking error -1 -1 -1 478 185 542 215 -1 -1 -1 -4.92 2.21 37.20 -1 1.000000
14 6 window -1 -1 -1 817 140 881 197 -1 -1 -1 9.24 1.60 28.43 -1 1.000000
15 0 car -1 -1 -1 717 189 901 309 -1 -1 -1 2.46 1.61 8.92 -1 1.000000
15 1 car -1 -1 -1 282 194 438 285 -1 -1 -1 -4.85 1.96 14.15 -1 1.000000
15 2 car -1 -1 -1 1 220 225 374 -1 -1 -1 -4.65 1.91 6.98 -1 1.000000
15 3 car -1 -1 -1 403 188 472 248 -1 -1 -1 -4.36 1.98 19.43 -1 1.000000
15 5 tracking error -1 -1 -1 489 182 545 213 -1 -1 -1 -4.81 2.10 36.78 -1 1.000000
16 0 car -1 -1 -1 731 187 934 324 -1 -1 -1 2.42 1.61 7.87 -1 1.000000
16 1 car -1 -1 -1 263 195 419 294 -1 -1 -1 -4.81 1.93 13.30 -1 1.000000
16 2 car -1 -1 -1 1 217 191 374 -1 -1 -1 -4.61 1.89 6.68 -1 1.000000
16 3 car -1 -1 -1 395 187 469 253 -1 -1 -1 -4.33 1.92 18.64 -1 1.000000
16 5 tracking error -1 -1 -1 484 181 542 213 -1 -1 -1 -4.79 2.01 35.94 -1 1.000000
17 0 car -1 -1 -1 737 187 977 337 -1 -1 -1 2.45 1.60 7.01 -1 1.000000
17 1 car -1 -1 -1 240 195 420 303 -1 -1 -1 -4.83 1.91 12.37 -1 1.000000
17 2 car -1 -1 -1 1 242 142 374 -1 -1 -1 -4.57 1.87 6.36 -1 1.000000
17 3 car -1 -1 -1 385 187 467 259 -1 -1 -1 -4.28 1.91 17.68 -1 1.000000
17 5 tracking error -1 -1 -1 487 180 546 214 -1 -1 -1 -4.59 1.99 35.04 -1 1.000000
18 0 car -1 -1 -1 758 193 1029 366 -1 -1 -1 2.45 1.60 6.15 -1 1.000000
18 1 car -1 -1 -1 216 195 436 311 -1 -1 -1 -4.66 1.90 11.56 -1 1.000000
18 2 car -1 -1 -1 1 269 81 374 -1 -1 -1 -4.56 1.86 5.97 -1 1.000000
18 3 car -1 -1 -1 379 189 463 263 -1 -1 -1 -4.23 1.92 16.79 -1 1.000000
18 5 tracking error -1 -1 -1 484 182 542 215 -1 -1 -1 -4.58 2.05 33.99 -1 1.000000
18 7 car -1 -1 -1 864 170 932 195 -1 -1 -1 16.45 1.28 41.83 -1 1.000000
19 0 car -1 -1 -1 771 190 1092 371 -1 -1 -1 2.41 1.60 5.33 -1 1.000000
19 1 car -1 -1 -1 181 197 394 324 -1 -1 -1 -4.60 1.90 10.70 -1 1.000000
19 3 car -1 -1 -1 375 190 456 270 -1 -1 -1 -4.21 1.93 15.98 -1 1.000000
19 5 tracking error -1 -1 -1 482 182 542 217 -1 -1 -1 -4.55 2.07 33.26 -1 1.000000
19 7 car -1 -1 -1 874 172 945 195 -1 -1 -1 16.54 1.32 40.93 -1 1.000000
20 0 car -1 -1 -1 788 189 1188 372 -1 -1 -1 2.36 1.59 4.59 -1 1.000000
20 1 car -1 -1 -1 143 198 398 340 -1 -1 -1 -4.59 1.92 9.91 -1 1.000000
20 3 car -1 -1 -1 352 191 448 273 -1 -1 -1 -4.23 1.94 15.34 -1 1.000000
20 5 tracking error -1 -1 -1 480 182 541 219 -1 -1 -1 -4.51 2.08 32.57 -1 1.000000
20 7 car -1 -1 -1 891 171 958 196 -1 -1 -1 16.99 1.24 40.59 -1 1.000000
21 0 car -1 -1 -1 811 194 1241 373 -1 -1 -1 2.26 1.62 4.07 -1 1.000000
21 1 car -1 -1 -1 96 202 375 356 -1 -1 -1 -4.54 1.89 9.04 -1 1.000000
21 3 car -1 -1 -1 335 192 441 277 -1 -1 -1 -4.26 1.92 14.47 -1 1.000000
21 5 tracking error -1 -1 -1 476 182 541 220 -1 -1 -1 -4.53 2.05 31.81 -1 1.000000
21 7 car -1 -1 -1 897 171 965 195 -1 -1 -1 17.23 1.29 39.13 -1 1.000000
