1 0 bicycle -1 -1 -1 906 197 980 236 -1 -1 -1 8.32 1.41 18.02 -1 1.000000
1 1 bicycle -1 -1 -1 784 267 890 375 -1 -1 -1 1.79 1.64 5.52 -1 1.000000
1 2 van -1 -1 -1 285 163 451 284 -1 -1 -1 -4.08 1.81 12.44 -1 1.000000
2 0 bicycle -1 -1 -1 924 190 1002 229 -1 -1 -1 8.51 1.46 17.36 -1 1.000000
2 1 bicycle -1 -1 -1 794 257 886 367 -1 -1 -1 1.81 1.63 5.54 -1 1.000000
2 2 van -1 -1 -1 290 154 445 275 -1 -1 -1 -4.19 1.77 12.61 -1 1.000000
2 3 bicycle -1 -1 -1 565 176 614 217 -1 -1 -1 -0.65 1.70 23.47 -1 1.000000
3 0 bicycle -1 -1 -1 940 182 1025 225 -1 -1 -1 8.83 1.17 17.06 -1 1.000000
3 1 bicycle -1 -1 -1 798 257 893 367 -1 -1 -1 1.87 1.79 5.53 -1 1.000000
3 2 van -1 -1 -1 291 149 442 268 -1 -1 -1 -4.28 1.71 12.89 -1 1.000000
3 3 bicycle -1 -1 -1 575 177 624 211 -1 -1 -1 -0.30 1.26 23.34 -1 1.000000
4 0 bicycle -1 -1 -1 962 186 1052 229 -1 -1 -1 9.08 1.26 16.53 -1 1.000000
4 1 bicycle -1 -1 -1 807 258 897 367 -1 -1 -1 1.91 1.58 5.63 -1 1.000000
4 2 van -1 -1 -1 286 150 441 263 -1 -1 -1 -4.38 1.62 13.11 -1 1.000000
4 3 bicycle -1 -1 -1 586 176 634 212 -1 -1 -1 0.03 1.39 22.83 -1 1.000000
5 0 bicycle -1 -1 -1 983 187 1076 233 -1 -1 -1 9.40 1.23 16.12 -1 1.000000
5 1 bicycle -1 -1 -1 808 253 901 354 -1 -1 -1 1.95 1.57 5.66 -1 1.000000
5 2 van -1 -1 -1 291 151 441 264 -1 -1 -1 -4.46 1.64 13.30 -1 1.000000
5 3 bicycle -1 -1 -1 594 177 643 215 -1 -1 -1 0.32 1.39 22.59 -1 1.000000
5 4 door -1 -1 -1 994 67 1053 197 -1 -1 -1 11.65 1.11 20.39 -1 1.000000
5 5 transformer -1 -1 -1 540 160 602 208 -1 -1 -1 -1.28 1.41 23.84 -1 1.000000
6 0 bicycle -1 -1 -1 1003 184 1103 235 -1 -1 -1 9.67 1.25 15.72 -1 1.000000
6 1 bicycle -1 -1 -1 817 258 908 367 -1 -1 -1 2.01 1.56 5.69 -1 1.000000
6 2 van -1 -1 -1 290 152 439 264 -1 -1 -1 -4.58 1.68 13.48 -1 1.000000
6 4 door -1 -1 -1 1013 67 1071 195 -1 -1 -1 12.05 1.16 19.98 -1 1.000000
6 5 transformer -1 -1 -1 547 160 611 211 -1 -1 -1 -0.99 1.50 23.55 -1 1.000000
7 0 bicycle -1 -1 -1 1024 187 1128 239 -1 -1 -1 9.89 1.39 15.25 -1 1.000000
7 1 bicycle -1 -1 -1 814 255 916 367 -1 -1 -1 2.05 1.58 5.75 -1 1.000000
7 2 van -1 -1 -1 291 153 433 264 -1 -1 -1 -4.73 1.74 13.66 -1 1.000000
7 5 transformer -1 -1 -1 559 163 621 212 -1 -1 -1 -0.66 1.65 23.19 -1 1.000000
7 6 door -1 -1 -1 1038 120 1083 193 -1 -1 -1 12.30 1.34 19.47 -1 1.000000
7 7 unknown -1 -1 -1 971 140 1043 196 -1 -1 -1 8.77 1.42 16.14 -1 1.000000
7 8 bicycle -1 -1 -1 875 192 932 234 -1 -1 -1 6.87 1.47 16.67 -1 1.000000
8 0 bicycle -1 -1 -1 1041 193 1156 245 -1 -1 -1 10.11 1.47 14.82 -1 1.000000
8 1 bicycle -1 -1 -1 810 253 912 356 -1 -1 -1 2.06 1.63 5.78 -1 1.000000
8 2 van -1 -1 -1 289 153 431 263 -1 -1 -1 -4.86 1.73 13.82 -1 1.000000
8 5 transformer -1 -1 -1 567 166 630 215 -1 -1 -1 -0.36 1.64 22.89 -1 1.000000
8 6 door -1 -1 -1 1058 123 1104 202 -1 -1 -1 12.50 1.42 19.09 -1 1.000000
8 7 unknown -1 -1 -1 987 136 1059 200 -1 -1 -1 8.91 1.49 15.68 -1 1.000000
8 8 bicycle -1 -1 -1 884 181 948 237 -1 -1 -1 6.97 1.52 16.37 -1 1.000000
8 9 window -1 -1 -1 770 94 817 166 -1 -1 -1 4.92 1.55 18.46 -1 1.000000
9 0 bicycle -1 -1 -1 1069 196 1182 251 -1 -1 -1 10.41 1.45 14.51 -1 1.000000
9 1 bicycle -1 -1 -1 803 249 910 367 -1 -1 -1 2.04 1.64 5.81 -1 1.000000
9 2 van -1 -1 -1 287 152 428 260 -1 -1 -1 -4.94 1.75 14.07 -1 1.000000
9 5 transformer -1 -1 -1 576 166 640 217 -1 -1 -1 -0.05 1.63 22.61 -1 1.000000
9 6 door -1 -1 -1 1079 122 1127 202 -1 -1 -1 12.68 1.40 18.56 -1 1.000000
9 7 unknown -1 -1 -1 1010 150 1072 205 -1 -1 -1 9.07 1.48 15.21 -1 1.000000
9 8 bicycle -1 -1 -1 878 186 968 241 -1 -1 -1 7.06 1.52 16.04 -1 1.000000
9 9 window -1 -1 -1 784 94 831 164 -1 -1 -1 5.01 1.54 17.97 -1 1.000000
10 0 bicycle -1 -1 -1 1089 199 1211 255 -1 -1 -1 10.67 1.49 14.11 -1 1.000000
10 1 bicycle -1 -1 -1 808 258 911 367 -1 -1 -1 2.04 1.66 5.84 -1 1.000000
10 2 van -1 -1 -1 286 155 425 264 -1 -1 -1 -4.97 1.82 14.17 -1 1.000000
10 5 transformer -1 -1 -1 582 167 648 220 -1 -1 -1 0.18 1.72 22.27 -1 1.000000
10 7 unknown -1 -1 -1 1032 153 1095 209 -1 -1 -1 9.25 1.52 14.77 -1 1.000000
10 8 bicycle -1 -1 -1 892 188 985 245 -1 -1 -1 7.13 1.57 15.60 -1 1.000000
10 9 window -1 -1 -1 796 97 845 168 -1 -1 -1 5.16 1.61 17.48 -1 1.000000
11 0 bicycle -1 -1 -1 1118 202 1240 257 -1 -1 -1 10.88 1.45 13.71 -1 1.000000
11 1 bicycle -1 -1 -1 807 260 908 359 -1 -1 -1 2.04 1.65 5.88 -1 1.000000
11 2 van -1 -1 -1 286 156 429 263 -1 -1 -1 -5.01 1.81 14.28 -1 1.000000
11 5 transformer -1 -1 -1 592 168 658 221 -1 -1 -1 0.45 1.69 21.89 -1 1.000000
11 7 unknown -1 -1 -1 1053 153 1114 210 -1 -1 -1 9.43 1.48 14.29 -1 1.000000
11 8 bicycle -1 -1 -1 907 187 1008 248 -1 -1 -1 7.27 1.53 15.20 -1 1.000000
11 9 window -1 -1 -1 808 94 860 161 -1 -1 -1 5.34 1.57 16.96 -1 1.000000
11 10 bicycle -1 -1 -1 653 187 706 231 -1 -1 -1 1.96 1.65 20.21 -1 1.000000
11 11 window -1 -1 -1 912 66 980 175 -1 -1 -1 7.68 1.53 16.44 -1 1.000000
12 0 bicycle -1 -1 -1 1144 199 1240 252 -1 -1 -1 10.92 1.36 13.36 -1 1.000000
12 1 bicycle -1 -1 -1 806 255 906 357 -1 -1 -1 2.06 1.58 5.94 -1 1.000000
12 2 van -1 -1 -1 280 157 419 259 -1 -1 -1 -5.18 1.83 14.40 -1 1.000000
12 5 transformer -1 -1 -1 601 166 668 219 -1 -1 -1 0.74 1.69 21.48 -1 1.000000
12 7 unknown -1 -1 -1 1076 147 1141 207 -1 -1 -1 9.64 1.40 13.87 -1 1.000000
12 8 bicycle -1 -1 -1 925 184 1028 246 -1 -1 -1 7.38 1.47 14.77 -1 1.000000
12 9 window -1 -1 -1 822 89 875 164 -1 -1 -1 5.50 1.53 16.66 -1 1.000000
12 10 bicycle -1 -1 -1 663 184 716 227 -1 -1 -1 2.21 1.63 19.85 -1 1.000000
12 11 window -1 -1 -1 925 60 997 175 -1 -1 -1 7.91 1.46 16.03 -1 1.000000
13 0 bicycle -1 -1 -1 1174 193 1240 251 -1 -1 -1 10.96 1.35 13.12 -1 1.000000
13 1 bicycle -1 -1 -1 790 262 888 356 -1 -1 -1 2.03 1.61 6.00 -1 1.000000
13 2 van -1 -1 -1 277 154 422 257 -1 -1 -1 -5.29 1.76 14.73 -1 1.000000
13 5 transformer -1 -1 -1 610 164 677 218 -1 -1 -1 1.01 1.58 21.26 -1 1.000000
13 8 bicycle -1 -1 -1 942 182 1050 245 -1 -1 -1 7.57 1.43 14.37 -1 1.000000
13 9 window -1 -1 -1 837 86 890 160 -1 -1 -1 5.67 1.48 16.30 -1 1.000000
13 10 bicycle -1 -1 -1 672 182 728 225 -1 -1 -1 2.45 1.55 19.48 -1 1.000000
13 11 window -1 -1 -1 945 53 1017 159 -1 -1 -1 8.19 1.42 15.70 -1 1.000000
13 12 truck -1 -1 -1 445 166 504 200 -1 -1 -1 -7.00 1.73 38.61 -1 1.000000
14 0 bicycle -1 -1 -1 1203 194 1242 254 -1 -1 -1 11.19 1.35 12.72 -1 1.000000
14 1 bicycle -1 -1 -1 798 255 906 367 -1 -1 -1 2.04 1.71 6.07 -1 1.000000
14 2 van -1 -1 -1 274 157 418 257 -1 -1 -1 -5.42 1.73 14.93 -1 1.000000
14 5 transformer -1 -1 -1 620 166 688 219 -1 -1 -1 1.30 1.47 21.04 -1 1.000000
14 8 bicycle -1 -1 -1 961 182 1074 248 -1 -1 -1 7.77 1.44 14.00 -1 1.000000
14 9 window -1 -1 -1 852 85 908 161 -1 -1 -1 6.02 1.45 16.02 -1 1.000000
14 10 bicycle -1 -1 -1 683 184 739 228 -1 -1 -1 2.72 1.47 19.28 -1 1.000000
14 11 window -1 -1 -1 957 47 1041 185 -1 -1 -1 8.36 1.41 15.31 -1 1.000000
14 12 truck -1 -1 -1 452 164 512 196 -1 -1 -1 -6.53 1.38 38.59 -1 1.000000
15 1 bicycle -1 -1 -1 796 257 902 356 -1 -1 -1 2.05 1.65 6.17 -1 1.000000
15 2 van -1 -1 -1 275 156 416 258 -1 -1 -1 -5.50 1.79 15.03 -1 1.000000
15 5 transformer -1 -1 -1 630 166 700 219 -1 -1 -1 1.59 1.66 20.46 -1 1.000000
15 8 bicycle -1 -1 -1 979 183 1099 251 -1 -1 -1 7.98 1.53 13.54 -1 1.000000
15 9 window -1 -1 -1 865 84 925 161 -1 -1 -1 6.21 1.55 15.59 -1 1.000000
15 10 bicycle -1 -1 -1 693 183 751 229 -1 -1 -1 2.93 1.62 18.77 -1 1.000000
15 11 window -1 -1 -1 976 45 1062 185 -1 -1 -1 8.56 1.51 14.92 -1 1.000000
15 12 truck -1 -1 -1 460 163 522 198 -1 -1 -1 -6.27 1.82 38.44 -1 1.000000
15 13 unknown -1 -1 -1 880 185 971 237 -1 -1 -1 6.32 1.56 14.22 -1 1.000000
16 1 bicycle -1 -1 -1 795 254 895 367 -1 -1 -1 2.06 1.62 6.25 -1 1.000000
16 2 van -1 -1 -1 278 154 413 255 -1 -1 -1 -5.56 1.72 15.13 -1 1.000000
16 5 transformer -1 -1 -1 637 163 709 219 -1 -1 -1 1.79 1.50 20.26 -1 1.000000
16 8 bicycle -1 -1 -1 1001 183 1124 251 -1 -1 -1 8.15 1.42 13.24 -1 1.000000
16 9 window -1 -1 -1 883 78 944 157 -1 -1 -1 6.39 1.44 15.10 -1 1.000000
16 10 bicycle -1 -1 -1 704 183 763 228 -1 -1 -1 3.15 1.49 18.44 -1 1.000000
16 11 window -1 -1 -1 998 41 1085 180 -1 -1 -1 8.52 1.40 14.40 -1 1.000000
16 12 truck -1 -1 -1 468 163 528 200 -1 -1 -1 -5.86 1.54 38.61 -1 1.000000
16 13 unknown -1 -1 -1 895 183 991 241 -1 -1 -1 6.44 1.45 13.88 -1 1.000000
17 1 bicycle -1 -1 -1 780 258 888 353 -1 -1 -1 2.05 1.69 6.40 -1 1.000000
17 2 van -1 -1 -1 277 155 410 255 -1 -1 -1 -5.61 1.70 15.34 -1 1.000000
17 5 transformer -1 -1 -1 646 164 719 222 -1 -1 -1 2.02 1.45 19.98 -1 1.000000
17 8 bicycle -1 -1 -1 1020 185 1152 259 -1 -1 -1 8.37 1.44 12.88 -1 1.000000
17 9 window -1 -1 -1 898 82 961 157 -1 -1 -1 6.57 1.44 14.75 -1 1.000000
17 10 bicycle -1 -1 -1 714 189 774 232 -1 -1 -1 3.27 1.45 18.29 -1 1.000000
17 12 truck -1 -1 -1 475 167 535 201 -1 -1 -1 -5.34 1.29 37.86 -1 1.000000
17 13 unknown -1 -1 -1 912 188 1011 247 -1 -1 -1 6.58 1.46 13.47 -1 1.000000
18 1 bicycle -1 -1 -1 783 261 876 367 -1 -1 -1 2.00 1.70 6.55 -1 1.000000
18 2 van -1 -1 -1 281 159 412 262 -1 -1 -1 -5.64 1.92 15.42 -1 1.000000
18 5 transformer -1 -1 -1 656 172 729 231 -1 -1 -1 2.25 1.77 19.42 -1 1.000000
18 8 bicycle -1 -1 -1 1044 193 1180 268 -1 -1 -1 8.58 1.58 12.46 -1 1.000000
18 9 window -1 -1 -1 914 84 980 168 -1 -1 -1 6.72 1.63 14.29 -1 1.000000
18 10 bicycle -1 -1 -1 725 194 785 240 -1 -1 -1 3.37 1.73 18.01 -1 1.000000
18 12 truck -1 -1 -1 479 172 542 212 -1 -1 -1 -4.84 2.02 36.90 -1 1.000000
18 13 unknown -1 -1 -1 928 193 1032 256 -1 -1 -1 6.72 1.63 13.05 -1 1.000000
19 1 bicycle -1 -1 -1 769 269 880 374 -1 -1 -1 1.99 1.75 6.64 -1 1.000000
19 2 van -1 -1 -1 279 172 409 269 -1 -1 -1 -5.61 2.02 15.55 -1 1.000000
19 8 bicycle -1 -1 -1 1066 200 1211 277 -1 -1 -1 8.76 1.56 12.09 -1 1.000000
19 9 window -1 -1 -1 932 88 1000 168 -1 -1 -1 6.85 1.62 13.75 -1 1.000000
19 10 bicycle -1 -1 -1 735 198 768 242 -1 -1 -1 3.60 1.85 17.67 -1 1.000000
19 12 truck -1 -1 -1 490 178 552 218 -1 -1 -1 -4.45 2.06 36.80 -1 1.000000
19 13 unknown -1 -1 -1 945 199 1061 263 -1 -1 -1 6.91 1.62 12.69 -1 1.000000
19 14 bicycle -1 -1 -1 505 210 565 258 -1 -1 -1 -1.82 1.90 16.16 -1 1.000000
20 1 bicycle -1 -1 -1 767 272 873 374 -1 -1 -1 1.98 1.78 6.69 -1 1.000000
20 2 van -1 -1 -1 282 178 412 274 -1 -1 -1 -5.62 2.17 15.59 -1 1.000000
20 8 bicycle -1 -1 -1 1094 198 1241 282 -1 -1 -1 8.90 1.64 11.67 -1 1.000000
20 9 window -1 -1 -1 949 84 1021 168 -1 -1 -1 7.07 1.73 13.39 -1 1.000000
20 12 truck -1 -1 -1 498 182 560 223 -1 -1 -1 -3.91 2.44 36.39 -1 1.000000
20 13 unknown -1 -1 -1 965 200 1085 268 -1 -1 -1 6.98 1.71 12.22 -1 1.000000
20 14 bicycle -1 -1 -1 516 208 570 262 -1 -1 -1 -1.58 2.04 15.69 -1 1.000000
21 1 bicycle -1 -1 -1 751 256 865 374 -1 -1 -1 1.94 1.78 6.77 -1 1.000000
21 2 van -1 -1 -1 297 176 414 277 -1 -1 -1 -5.63 2.13 15.66 -1 1.000000
21 8 bicycle -1 -1 -1 1121 203 1240 278 -1 -1 -1 8.93 1.56 11.40 -1 1.000000
21 9 window -1 -1 -1 967 81 1044 168 -1 -1 -1 7.21 1.64 12.95 -1 1.000000
21 12 truck -1 -1 -1 502 181 568 221 -1 -1 -1 -3.52 2.22 36.34 -1 1.000000
21 13 unknown -1 -1 -1 991 199 1114 261 -1 -1 -1 7.24 1.62 11.80 -1 1.000000
21 14 bicycle -1 -1 -1 522 189 579 262 -1 -1 -1 -1.53 1.97 15.65 -1 1.000000
22 1 bicycle -1 -1 -1 752 255 855 350 -1 -1 -1 1.87 1.76 6.85 -1 1.000000
22 2 van -1 -1 -1 289 174 411 269 -1 -1 -1 -5.72 1.98 15.97 -1 1.000000
22 8 bicycle -1 -1 -1 1156 202 1241 278 -1 -1 -1 9.06 1.53 11.06 -1 1.000000
22 9 window -1 -1 -1 994 75 1071 157 -1 -1 -1 7.39 1.58 12.59 -1 1.000000
22 12 truck -1 -1 -1 512 177 576 217 -1 -1 -1 -3.11 1.87 36.12 -1 1.000000
22 13 unknown -1 -1 -1 1009 197 1140 267 -1 -1 -1 7.47 1.57 11.47 -1 1.000000
22 14 bicycle -1 -1 -1 530 209 587 258 -1 -1 -1 -1.25 1.85 15.24 -1 1.000000
23 1 bicycle -1 -1 -1 740 248 846 372 -1 -1 -1 1.81 1.72 6.92 -1 1.000000
23 2 van -1 -1 -1 300 171 415 261 -1 -1 -1 -5.79 1.96 16.17 -1 1.000000
23 8 bicycle -1 -1 -1 1188 202 1240 281 -1 -1 -1 9.04 1.51 10.68 -1 1.000000
23 9 window -1 -1 -1 1013 27 1101 179 -1 -1 -1 7.63 1.55 12.19 -1 1.000000
23 12 truck -1 -1 -1 518 175 585 214 -1 -1 -1 -2.70 1.87 35.79 -1 1.000000
23 13 unknown -1 -1 -1 1038 195 1172 266 -1 -1 -1 7.67 1.54 11.10 -1 1.000000
23 14 bicycle -1 -1 -1 540 206 597 258 -1 -1 -1 -0.99 1.82 14.83 -1 1.000000
23 15 bicycle -1 -1 -1 799 196 860 249 -1 -1 -1 4.80 1.64 15.42 -1 1.000000
24 1 bicycle -1 -1 -1 733 253 836 357 -1 -1 -1 1.73 1.73 6.99 -1 1.000000
24 2 van -1 -1 -1 304 169 414 267 -1 -1 -1 -5.82 1.98 16.20 -1 1.000000
24 9 window -1 -1 -1 1042 61 1128 169 -1 -1 -1 7.87 1.56 11.84 -1 1.000000
24 12 truck -1 -1 -1 525 175 594 215 -1 -1 -1 -2.32 1.92 35.60 -1 1.000000
24 13 unknown -1 -1 -1 1062 196 1205 269 -1 -1 -1 7.86 1.56 10.66 -1 1.000000
24 14 bicycle -1 -1 -1 548 210 608 262 -1 -1 -1 -0.75 1.83 14.46 -1 1.000000
24 15 bicycle -1 -1 -1 799 197 874 251 -1 -1 -1 4.88 1.65 15.19 -1 1.000000
24 16 tracking error -1 -1 -1 1222 221 1242 277 -1 -1 -1 9.16 1.51 10.19 -1 1.000000
24 17 window -1 -1 -1 164 145 224 225 -1 -1 -1 -23.90 2.58 41.67 -1 1.000000
25 1 bicycle -1 -1 -1 722 252 827 359 -1 -1 -1 1.64 1.72 7.08 -1 1.000000
25 2 van -1 -1 -1 307 169 411 268 -1 -1 -1 -5.81 1.95 16.29 -1 1.000000
25 9 window -1 -1 -1 1065 56 1157 169 -1 -1 -1 8.00 1.51 11.39 -1 1.000000
25 12 truck -1 -1 -1 534 174 601 216 -1 -1 -1 -1.89 1.78 35.10 -1 1.000000
25 13 unknown -1 -1 -1 1086 197 1240 276 -1 -1 -1 7.91 1.51 10.30 -1 1.000000
25 14 bicycle -1 -1 -1 558 211 618 264 -1 -1 -1 -0.55 1.79 14.09 -1 1.000000
25 15 bicycle -1 -1 -1 813 198 891 253 -1 -1 -1 5.02 1.60 14.83 -1 1.000000
25 17 window -1 -1 -1 170 148 226 219 -1 -1 -1 -23.37 2.48 41.40 -1 1.000000
25 18 window -1 -1 -1 818 60 871 175 -1 -1 -1 5.44 1.59 16.24 -1 1.000000
26 1 bicycle -1 -1 -1 716 256 816 353 -1 -1 -1 1.57 1.71 7.18 -1 1.000000
26 2 van -1 -1 -1 314 155 416 257 -1 -1 -1 -5.83 1.69 16.70 -1 1.000000
26 12 truck -1 -1 -1 545 166 612 207 -1 -1 -1 -1.49 1.22 34.80 -1 1.000000
26 13 unknown -1 -1 -1 1118 194 1240 282 -1 -1 -1 7.89 1.50 9.93 -1 1.000000
26 14 bicycle -1 -1 -1 567 204 632 264 -1 -1 -1 -0.32 1.62 13.78 -1 1.000000
26 15 bicycle -1 -1 -1 826 192 909 250 -1 -1 -1 5.22 1.47 14.50 -1 1.000000
26 17 window -1 -1 -1 179 143 232 212 -1 -1 -1 -23.51 1.64 42.41 -1 1.000000
26 18 window -1 -1 -1 837 61 890 174 -1 -1 -1 5.60 1.44 15.82 -1 1.000000
27 1 bicycle -1 -1 -1 702 242 803 340 -1 -1 -1 1.48 1.64 7.31 -1 1.000000
27 2 van -1 -1 -1 319 157 419 251 -1 -1 -1 -5.77 1.68 16.78 -1 1.000000
27 12 truck -1 -1 -1 555 161 622 205 -1 -1 -1 -0.98 1.22 34.18 -1 1.000000
27 14 bicycle -1 -1 -1 573 200 635 256 -1 -1 -1 -0.15 1.58 13.38 -1 1.000000
27 15 bicycle -1 -1 -1 845 189 928 245 -1 -1 -1 5.43 1.40 14.14 -1 1.000000
27 17 window -1 -1 -1 187 135 250 213 -1 -1 -1 -22.78 1.74 41.88 -1 1.000000
27 18 window -1 -1 -1 851 43 907 159 -1 -1 -1 5.82 1.37 15.43 -1 1.000000
27 19 transformer -1 -1 -1 758 157 852 232 -1 -1 -1 4.42 1.40 15.81 -1 1.000000
28 1 bicycle -1 -1 -1 689 238 791 342 -1 -1 -1 1.37 1.63 7.41 -1 1.000000
28 2 van -1 -1 -1 326 161 422 250 -1 -1 -1 -5.68 1.75 16.88 -1 1.000000
28 12 truck -1 -1 -1 563 159 631 200 -1 -1 -1 -0.45 1.48 33.92 -1 1.000000
28 14 bicycle -1 -1 -1 581 200 644 257 -1 -1 -1 -0.02 1.63 13.04 -1 1.000000
28 15 bicycle -1 -1 -1 860 188 947 245 -1 -1 -1 5.58 1.48 13.66 -1 1.000000
28 17 window -1 -1 -1 193 136 252 210 -1 -1 -1 -22.21 1.99 41.33 -1 1.000000
28 19 transformer -1 -1 -1 772 158 867 232 -1 -1 -1 4.59 1.50 15.39 -1 1.000000
28 20 tracking error -1 -1 -1 442 144 518 183 -1 -1 -1 -7.02 1.60 41.63 -1 1.000000
29 1 bicycle -1 -1 -1 676 241 780 340 -1 -1 -1 1.25 1.63 7.53 -1 1.000000
29 2 van -1 -1 -1 337 164 420 247 -1 -1 -1 -5.68 1.80 17.11 -1 1.000000
29 12 truck -1 -1 -1 569 161 640 197 -1 -1 -1 0.04 1.39 33.79 -1 1.000000
29 14 bicycle -1 -1 -1 591 209 656 264 -1 -1 -1 0.18 1.62 12.74 -1 1.000000
29 15 bicycle -1 -1 -1 876 187 970 250 -1 -1 -1 5.75 1.40 13.31 -1 1.000000
29 17 window -1 -1 -1 201 142 257 213 -1 -1 -1 -21.60 2.17 41.12 -1 1.000000
29 19 transformer -1 -1 -1 786 158 883 233 -1 -1 -1 4.78 1.42 15.12 -1 1.000000
30 1 bicycle -1 -1 -1 665 244 766 344 -1 -1 -1 1.17 1.63 7.61 -1 1.000000
30 2 van -1 -1 -1 340 166 424 240 -1 -1 -1 -5.52 1.78 17.24 -1 1.000000
30 12 truck -1 -1 -1 577 161 649 204 -1 -1 -1 0.36 1.25 33.63 -1 1.000000
30 14 bicycle -1 -1 -1 602 204 673 267 -1 -1 -1 0.33 1.60 12.43 -1 1.000000
30 15 bicycle -1 -1 -1 893 187 991 253 -1 -1 -1 5.91 1.34 12.87 -1 1.000000
30 17 window -1 -1 -1 210 143 269 214 -1 -1 -1 -21.10 2.13 40.78 -1 1.000000
30 19 transformer -1 -1 -1 801 157 900 235 -1 -1 -1 4.98 1.35 14.77 -1 1.000000
30 21 bicycle -1 -1 -1 561 196 605 256 -1 -1 -1 -0.58 1.61 14.13 -1 1.000000
31 1 bicycle -1 -1 -1 655 244 752 339 -1 -1 -1 1.09 1.65 7.65 -1 1.000000
31 2 van -1 -1 -1 346 166 429 239 -1 -1 -1 -5.44 1.74 17.28 -1 1.000000
31 12 truck -1 -1 -1 586 163 659 206 -1 -1 -1 0.55 1.28 33.08 -1 1.000000
31 14 bicycle -1 -1 -1 615 206 668 261 -1 -1 -1 0.56 1.61 12.21 -1 1.000000
31 15 bicycle -1 -1 -1 911 190 1014 258 -1 -1 -1 6.07 1.39 12.42 -1 1.000000
31 17 window -1 -1 -1 220 141 277 214 -1 -1 -1 -20.38 1.92 40.38 -1 1.000000
31 19 transformer -1 -1 -1 817 159 919 238 -1 -1 -1 5.17 1.40 14.30 -1 1.000000
31 21 bicycle -1 -1 -1 570 195 607 258 -1 -1 -1 -0.42 1.61 13.73 -1 1.000000
32 1 bicycle -1 -1 -1 646 246 740 337 -1 -1 -1 1.00 1.66 7.71 -1 1.000000
32 2 van -1 -1 -1 351 164 440 253 -1 -1 -1 -5.28 1.68 17.26 -1 1.000000
32 12 truck -1 -1 -1 597 164 670 208 -1 -1 -1 0.89 1.07 32.77 -1 1.000000
32 15 bicycle -1 -1 -1 932 193 1040 263 -1 -1 -1 6.25 1.38 12.01 -1 1.000000
32 17 window -1 -1 -1 227 141 282 212 -1 -1 -1 -19.64 1.69 39.88 -1 1.000000
32 19 transformer -1 -1 -1 835 158 940 238 -1 -1 -1 5.36 1.37 13.84 -1 1.000000
32 21 bicycle -1 -1 -1 579 197 618 261 -1 -1 -1 -0.23 1.58 13.43 -1 1.000000
33 1 bicycle -1 -1 -1 642 243 735 335 -1 -1 -1 0.93 1.65 7.81 -1 1.000000
33 2 van -1 -1 -1 358 167 446 247 -1 -1 -1 -5.17 1.68 17.33 -1 1.000000
33 12 truck -1 -1 -1 607 163 681 203 -1 -1 -1 1.53 1.11 32.33 -1 1.000000
33 15 bicycle -1 -1 -1 953 191 1069 265 -1 -1 -1 6.44 1.37 11.55 -1 1.000000
33 17 window -1 -1 -1 235 141 289 212 -1 -1 -1 -18.97 1.73 39.43 -1 1.000000
33 19 transformer -1 -1 -1 856 162 961 243 -1 -1 -1 5.58 1.36 13.35 -1 1.000000
33 21 bicycle -1 -1 -1 589 205 631 263 -1 -1 -1 -0.04 1.57 12.99 -1 1.000000
34 1 bicycle -1 -1 -1 637 241 730 332 -1 -1 -1 0.86 1.63 7.86 -1 1.000000
34 2 van -1 -1 -1 366 166 448 247 -1 -1 -1 -5.03 1.77 17.36 -1 1.000000
34 12 truck -1 -1 -1 615 159 692 201 -1 -1 -1 1.92 1.03 31.80 -1 1.000000
34 15 bicycle -1 -1 -1 975 186 1100 264 -1 -1 -1 6.57 1.34 11.10 -1 1.000000
34 17 window -1 -1 -1 245 141 298 212 -1 -1 -1 -18.14 2.12 38.87 -1 1.000000
34 19 transformer -1 -1 -1 872 154 983 243 -1 -1 -1 5.74 1.36 12.84 -1 1.000000
34 21 bicycle -1 -1 -1 598 203 641 267 -1 -1 -1 0.03 1.60 12.69 -1 1.000000
35 2 van -1 -1 -1 380 164 469 240 -1 -1 -1 -4.80 1.71 17.50 -1 1.000000
35 15 bicycle -1 -1 -1 997 185 1133 265 -1 -1 -1 6.74 1.26 10.67 -1 1.000000
35 17 window -1 -1 -1 254 136 307 213 -1 -1 -1 -17.53 2.03 38.70 -1 1.000000
35 19 transformer -1 -1 -1 894 154 1008 241 -1 -1 -1 5.92 1.28 12.41 -1 1.000000
35 21 bicycle -1 -1 -1 606 201 633 263 -1 -1 -1 0.19 1.55 12.31 -1 1.000000
35 22 bicycle -1 -1 -1 668 201 733 280 -1 -1 -1 1.39 1.52 10.12 -1 1.000000
36 2 van -1 -1 -1 385 161 482 247 -1 -1 -1 -4.50 1.63 17.59 -1 1.000000
36 15 bicycle -1 -1 -1 1025 179 1174 269 -1 -1 -1 6.94 1.24 10.22 -1 1.000000
36 17 window -1 -1 -1 262 135 315 213 -1 -1 -1 -17.04 1.86 38.36 -1 1.000000
36 19 transformer -1 -1 -1 921 152 1036 243 -1 -1 -1 6.13 1.24 11.92 -1 1.000000
36 22 bicycle -1 -1 -1 667 203 748 282 -1 -1 -1 1.41 1.49 9.85 -1 1.000000
36 23 cyclist -1 -1 -1 616 154 716 327 -1 -1 -1 0.53 1.56 7.86 -1 1.000000
36 24 door -1 -1 -1 223 141 249 209 -1 -1 -1 -18.35 1.95 35.80 -1 1.000000
37 2 van -1 -1 -1 396 162 495 247 -1 -1 -1 -4.40 1.68 17.86 -1 1.000000
37 15 bicycle -1 -1 -1 1057 185 1215 277 -1 -1 -1 7.10 1.23 9.78 -1 1.000000
37 17 window -1 -1 -1 272 135 321 206 -1 -1 -1 -16.42 2.02 38.11 -1 1.000000
37 19 transformer -1 -1 -1 982 154 1064 236 -1 -1 -1 6.43 1.25 11.17 -1 1.000000
37 22 bicycle -1 -1 -1 678 201 768 286 -1 -1 -1 1.51 1.50 9.62 -1 1.000000
37 23 cyclist -1 -1 -1 610 164 686 328 -1 -1 -1 0.44 1.57 7.89 -1 1.000000
38 2 van -1 -1 -1 407 161 509 248 -1 -1 -1 -4.22 1.68 18.05 -1 1.000000
38 15 bicycle -1 -1 -1 1093 187 1240 280 -1 -1 -1 7.29 1.25 9.46 -1 1.000000
38 17 window -1 -1 -1 281 135 332 209 -1 -1 -1 -15.90 1.99 38.08 -1 1.000000
38 19 transformer -1 -1 -1 1016 156 1095 235 -1 -1 -1 6.65 1.26 10.65 -1 1.000000
38 22 bicycle -1 -1 -1 695 205 786 292 -1 -1 -1 1.61 1.51 9.29 -1 1.000000
38 23 cyclist -1 -1 -1 597 173 690 338 -1 -1 -1 0.39 1.58 7.91 -1 1.000000
39 2 van -1 -1 -1 419 164 511 247 -1 -1 -1 -3.88 1.64 18.03 -1 1.000000
39 15 bicycle -1 -1 -1 1133 192 1240 281 -1 -1 -1 7.40 1.24 9.11 -1 1.000000
39 17 window -1 -1 -1 291 136 341 213 -1 -1 -1 -15.28 1.86 37.82 -1 1.000000
39 19 transformer -1 -1 -1 1040 154 1140 240 -1 -1 -1 6.82 1.25 10.20 -1 1.000000
39 22 bicycle -1 -1 -1 709 210 809 302 -1 -1 -1 1.77 1.52 8.86 -1 1.000000
39 23 cyclist -1 -1 -1 596 173 701 331 -1 -1 -1 0.33 1.60 7.93 -1 1.000000
39 25 bicycle -1 -1 -1 663 212 706 281 -1 -1 -1 1.09 1.52 10.23 -1 1.000000
40 2 van -1 -1 -1 430 163 518 247 -1 -1 -1 -3.53 1.72 17.95 -1 1.000000
40 15 bicycle -1 -1 -1 1179 218 1240 284 -1 -1 -1 7.44 1.23 8.78 -1 1.000000
40 17 window -1 -1 -1 301 135 351 213 -1 -1 -1 -14.65 2.10 37.21 -1 1.000000
40 22 bicycle -1 -1 -1 732 206 832 311 -1 -1 -1 1.95 1.53 8.38 -1 1.000000
40 23 cyclist -1 -1 -1 591 169 660 316 -1 -1 -1 0.24 1.62 7.94 -1 1.000000
40 25 bicycle -1 -1 -1 674 211 726 290 -1 -1 -1 1.28 1.55 9.94 -1 1.000000
40 26 tracking error -1 -1 -1 1072 160 1105 236 -1 -1 -1 6.80 1.25 10.23 -1 1.000000
41 2 van -1 -1 -1 454 144 559 255 -1 -1 -1 -3.11 1.67 18.64 -1 1.000000
41 15 bicycle -1 -1 -1 1229 228 1242 276 -1 -1 -1 7.60 1.21 8.21 -1 1.000000
41 17 window -1 -1 -1 313 142 365 225 -1 -1 -1 -14.11 2.10 37.20 -1 1.000000
41 22 bicycle -1 -1 -1 749 212 859 310 -1 -1 -1 2.11 1.49 7.91 -1 1.000000
41 23 cyclist -1 -1 -1 593 169 659 324 -1 -1 -1 0.22 1.61 7.95 -1 1.000000
41 24 door -1 -1 -1 270 157 295 216 -1 -1 -1 -15.24 2.21 34.30 -1 1.000000
41 25 bicycle -1 -1 -1 697 213 744 293 -1 -1 -1 1.51 1.51 9.44 -1 1.000000
42 2 van -1 -1 -1 468 161 575 250 -1 -1 -1 -2.64 1.75 18.54 -1 1.000000
42 17 window -1 -1 -1 323 144 374 225 -1 -1 -1 -13.52 2.24 36.91 -1 1.000000
42 22 bicycle -1 -1 -1 768 215 896 329 -1 -1 -1 2.27 1.55 7.40 -1 1.000000
42 23 cyclist -1 -1 -1 589 173 664 320 -1 -1 -1 0.21 1.67 7.92 -1 1.000000
42 24 door -1 -1 -1 278 160 304 220 -1 -1 -1 -14.72 2.33 34.28 -1 1.000000
42 25 bicycle -1 -1 -1 705 224 763 299 -1 -1 -1 1.68 1.57 8.95 -1 1.000000
43 2 van -1 -1 -1 481 165 596 251 -1 -1 -1 -2.16 1.83 18.37 -1 1.000000
43 17 window -1 -1 -1 335 145 383 221 -1 -1 -1 -12.74 2.42 36.37 -1 1.000000
43 22 bicycle -1 -1 -1 794 215 931 340 -1 -1 -1 2.41 1.56 6.92 -1 1.000000
43 23 cyclist -1 -1 -1 583 173 656 326 -1 -1 -1 0.20 1.68 7.90 -1 1.000000
43 24 door -1 -1 -1 291 161 321 220 -1 -1 -1 -14.01 2.50 33.92 -1 1.000000
43 25 bicycle -1 -1 -1 724 231 788 310 -1 -1 -1 1.85 1.59 8.52 -1 1.000000
44 2 van -1 -1 -1 497 166 609 250 -1 -1 -1 -1.74 1.75 18.35 -1 1.000000
44 17 window -1 -1 -1 349 143 396 225 -1 -1 -1 -11.99 2.27 36.12 -1 1.000000
44 22 bicycle -1 -1 -1 826 226 979 371 -1 -1 -1 2.56 1.54 6.32 -1 1.000000
44 23 cyclist -1 -1 -1 588 169 655 318 -1 -1 -1 0.20 1.67 7.88 -1 1.000000
44 24 door -1 -1 -1 304 160 336 219 -1 -1 -1 -13.40 2.36 33.98 -1 1.000000
44 25 bicycle -1 -1 -1 747 232 812 304 -1 -1 -1 1.97 1.57 7.95 -1 1.000000
45 2 van -1 -1 -1 521 163 623 245 -1 -1 -1 -1.36 1.80 18.24 -1 1.000000
45 17 window -1 -1 -1 362 142 409 219 -1 -1 -1 -11.08 2.27 35.46 -1 1.000000
45 22 bicycle -1 -1 -1 881 230 1032 374 -1 -1 -1 2.72 1.56 5.76 -1 1.000000
45 23 cyclist -1 -1 -1 597 172 661 315 -1 -1 -1 0.22 1.68 7.82 -1 1.000000
45 24 door -1 -1 -1 316 158 341 219 -1 -1 -1 -12.84 2.35 33.70 -1 1.000000
45 25 bicycle -1 -1 -1 786 241 844 318 -1 -1 -1 2.13 1.60 7.39 -1 1.000000
46 2 van -1 -1 -1 541 166 617 247 -1 -1 -1 -1.05 1.67 18.35 -1 1.000000
46 17 window -1 -1 -1 374 141 419 219 -1 -1 -1 -10.33 2.02 35.30 -1 1.000000
46 22 bicycle -1 -1 -1 895 243 1101 373 -1 -1 -1 2.79 1.56 5.36 -1 1.000000
46 23 cyclist -1 -1 -1 608 169 664 336 -1 -1 -1 0.31 1.66 7.80 -1 1.000000
46 24 door -1 -1 -1 327 157 354 219 -1 -1 -1 -12.32 2.13 33.65 -1 1.000000
46 25 bicycle -1 -1 -1 810 235 881 345 -1 -1 -1 2.29 1.57 6.87 -1 1.000000
47 2 van -1 -1 -1 563 164 630 247 -1 -1 -1 -0.69 1.70 18.26 -1 1.000000
47 17 window -1 -1 -1 388 141 432 218 -1 -1 -1 -9.57 2.08 34.86 -1 1.000000
47 22 bicycle -1 -1 -1 923 252 1184 372 -1 -1 -1 2.87 1.55 4.85 -1 1.000000
47 23 cyclist -1 -1 -1 610 184 677 335 -1 -1 -1 0.39 1.66 7.75 -1 1.000000
47 24 door -1 -1 -1 339 157 366 220 -1 -1 -1 -11.65 2.18 33.18 -1 1.000000
47 25 bicycle -1 -1 -1 843 236 915 340 -1 -1 -1 2.43 1.57 6.37 -1 1.000000
48 2 van -1 -1 -1 581 164 649 247 -1 -1 -1 -0.20 1.67 18.24 -1 1.000000
48 17 window -1 -1 -1 399 133 450 213 -1 -1 -1 -8.89 1.92 34.56 -1 1.000000
48 22 bicycle -1 -1 -1 957 253 1239 373 -1 -1 -1 2.95 1.56 4.44 -1 1.000000
48 23 cyclist -1 -1 -1 617 181 675 338 -1 -1 -1 0.46 1.65 7.62 -1 1.000000
48 24 door -1 -1 -1 352 156 378 217 -1 -1 -1 -11.09 2.05 33.21 -1 1.000000
48 25 bicycle -1 -1 -1 855 219 962 369 -1 -1 -1 2.57 1.57 5.84 -1 1.000000
49 17 window -1 -1 -1 411 136 459 212 -1 -1 -1 -8.29 2.03 34.00 -1 1.000000
49 22 bicycle -1 -1 -1 1046 262 1173 373 -1 -1 -1 3.01 1.54 4.16 -1 1.000000
49 23 cyclist -1 -1 -1 624 180 684 340 -1 -1 -1 0.53 1.64 7.48 -1 1.000000
49 24 door -1 -1 -1 364 154 390 221 -1 -1 -1 -10.29 2.12 32.25 -1 1.000000
49 25 bicycle -1 -1 -1 893 219 1011 374 -1 -1 -1 2.69 1.55 5.39 -1 1.000000
50 17 window -1 -1 -1 422 134 474 203 -1 -1 -1 -7.69 2.12 33.61 -1 1.000000
50 22 bicycle -1 -1 -1 1117 293 1240 371 -1 -1 -1 3.08 1.52 3.78 -1 1.000000
50 24 door -1 -1 -1 374 152 402 215 -1 -1 -1 -9.60 2.19 31.71 -1 1.000000
50 25 bicycle -1 -1 -1 953 245 1090 373 -1 -1 -1 2.82 1.53 5.08 -1 1.000000
50 27 van -1 -1 -1 990 150 1027 225 -1 -1 -1 12.83 1.21 23.82 -1 1.000000
50 28 bicycle -1 -1 -1 288 196 354 232 -1 -1 -1 -10.71 2.21 25.89 -1 1.000000
51 17 window -1 -1 -1 434 132 489 212 -1 -1 -1 -6.95 1.57 33.50 -1 1.000000
51 24 door -1 -1 -1 385 151 413 215 -1 -1 -1 -9.14 1.70 31.92 -1 1.000000
51 25 bicycle -1 -1 -1 1001 248 1136 374 -1 -1 -1 2.93 1.56 4.75 -1 1.000000
51 27 van -1 -1 -1 1014 148 1063 225 -1 -1 -1 13.84 0.72 23.93 -1 1.000000
51 28 bicycle -1 -1 -1 298 197 370 232 -1 -1 -1 -10.33 1.88 25.93 -1 1.000000
51 29 tracking error -1 -1 -1 1200 306 1242 375 -1 -1 -1 3.16 1.52 3.29 -1 1.000000
52 17 window -1 -1 -1 445 133 498 213 -1 -1 -1 -6.48 1.87 32.91 -1 1.000000
52 24 door -1 -1 -1 398 150 424 216 -1 -1 -1 -8.57 1.96 31.46 -1 1.000000
52 25 bicycle -1 -1 -1 1070 259 1239 373 -1 -1 -1 3.01 1.55 4.33 -1 1.000000
52 27 van -1 -1 -1 1042 146 1103 225 -1 -1 -1 14.22 1.07 22.81 -1 1.000000
52 28 bicycle -1 -1 -1 309 195 372 232 -1 -1 -1 -9.72 2.01 25.33 -1 1.000000
52 30 truck -1 -1 -1 888 158 983 225 -1 -1 -1 9.98 1.25 22.34 -1 1.000000
53 17 window -1 -1 -1 456 131 511 210 -1 -1 -1 -5.78 1.68 32.44 -1 1.000000
53 24 door -1 -1 -1 409 150 434 215 -1 -1 -1 -8.12 1.80 31.35 -1 1.000000
53 25 bicycle -1 -1 -1 1141 271 1242 375 -1 -1 -1 3.10 1.55 3.85 -1 1.000000
53 27 van -1 -1 -1 1064 146 1144 225 -1 -1 -1 14.75 0.84 22.13 -1 1.000000
53 28 bicycle -1 -1 -1 319 196 383 231 -1 -1 -1 -9.27 1.92 25.09 -1 1.000000
53 30 truck -1 -1 -1 913 158 1003 224 -1 -1 -1 10.46 1.06 21.67 -1 1.000000
53 31 cyclist -1 -1 -1 659 164 723 306 -1 -1 -1 0.92 1.62 7.80 -1 1.000000
54 17 window -1 -1 -1 466 131 519 213 -1 -1 -1 -5.16 1.90 31.73 -1 1.000000
54 24 door -1 -1 -1 418 149 443 215 -1 -1 -1 -7.64 1.98 30.90 -1 1.000000
54 25 bicycle -1 -1 -1 1227 285 1242 375 -1 -1 -1 3.15 1.55 3.34 -1 1.000000
54 27 van -1 -1 -1 1095 144 1185 230 -1 -1 -1 15.19 1.18 21.30 -1 1.000000
54 28 bicycle -1 -1 -1 324 198 386 233 -1 -1 -1 -8.81 2.00 24.40 -1 1.000000
54 30 truck -1 -1 -1 931 154 1040 228 -1 -1 -1 10.89 1.33 20.88 -1 1.000000
54 31 cyclist -1 -1 -1 676 181 727 306 -1 -1 -1 0.99 1.63 7.72 -1 1.000000
54 32 van -1 -1 -1 715 147 835 239 -1 -1 -1 4.05 1.56 18.29 -1 1.000000
55 17 window -1 -1 -1 474 129 524 213 -1 -1 -1 -4.77 1.88 31.29 -1 1.000000
55 24 door -1 -1 -1 428 149 454 212 -1 -1 -1 -7.16 1.94 30.40 -1 1.000000
55 27 van -1 -1 -1 1120 144 1232 231 -1 -1 -1 15.57 1.17 20.70 -1 1.000000
55 28 bicycle -1 -1 -1 329 196 394 232 -1 -1 -1 -8.48 1.96 24.11 -1 1.000000
55 31 cyclist -1 -1 -1 690 162 741 314 -1 -1 -1 1.16 1.63 7.74 -1 1.000000
55 32 van -1 -1 -1 737 146 859 239 -1 -1 -1 4.54 1.56 18.23 -1 1.000000
56 17 window -1 -1 -1 482 130 541 213 -1 -1 -1 -4.33 1.78 31.47 -1 1.000000
56 24 door -1 -1 -1 433 147 459 214 -1 -1 -1 -6.82 1.86 30.03 -1 1.000000
56 28 bicycle -1 -1 -1 335 196 400 233 -1 -1 -1 -8.14 1.90 23.91 -1 1.000000
56 31 cyclist -1 -1 -1 697 160 759 343 -1 -1 -1 1.31 1.62 7.76 -1 1.000000
56 32 van -1 -1 -1 755 145 887 237 -1 -1 -1 5.11 1.50 18.27 -1 1.000000
57 24 door -1 -1 -1 442 147 467 213 -1 -1 -1 -6.42 1.90 29.70 -1 1.000000
57 28 bicycle -1 -1 -1 343 196 407 233 -1 -1 -1 -7.79 1.91 23.53 -1 1.000000
57 31 cyclist -1 -1 -1 720 171 772 317 -1 -1 -1 1.47 1.63 7.69 -1 1.000000
57 32 van -1 -1 -1 771 142 907 237 -1 -1 -1 5.68 1.57 18.22 -1 1.000000
57 33 unknown -1 -1 -1 494 187 566 212 -1 -1 -1 -3.08 1.82 30.20 -1 1.000000
58 24 door -1 -1 -1 449 146 492 212 -1 -1 -1 -5.88 1.84 29.41 -1 1.000000
58 28 bicycle -1 -1 -1 347 196 411 233 -1 -1 -1 -7.56 1.87 23.14 -1 1.000000
58 31 cyclist -1 -1 -1 739 171 789 313 -1 -1 -1 1.65 1.62 7.70 -1 1.000000
58 32 van -1 -1 -1 766 145 931 244 -1 -1 -1 6.22 1.54 18.20 -1 1.000000
58 33 unknown -1 -1 -1 499 185 573 210 -1 -1 -1 -2.84 1.77 29.88 -1 1.000000
59 24 door -1 -1 -1 453 144 479 212 -1 -1 -1 -5.73 1.75 29.12 -1 1.000000
59 28 bicycle -1 -1 -1 350 196 416 232 -1 -1 -1 -7.35 1.81 22.79 -1 1.000000
59 31 cyclist -1 -1 -1 754 171 805 325 -1 -1 -1 1.83 1.61 7.71 -1 1.000000
59 32 van -1 -1 -1 819 151 960 236 -1 -1 -1 6.85 1.48 18.17 -1 1.000000
59 33 unknown -1 -1 -1 509 185 579 210 -1 -1 -1 -2.68 1.67 29.84 -1 1.000000
60 24 door -1 -1 -1 457 145 482 213 -1 -1 -1 -5.54 1.73 28.68 -1 1.000000
60 28 bicycle -1 -1 -1 351 195 419 235 -1 -1 -1 -7.14 1.80 22.41 -1 1.000000
60 31 cyclist -1 -1 -1 773 171 822 327 -1 -1 -1 2.01 1.61 7.73 -1 1.000000
60 32 van -1 -1 -1 841 153 989 237 -1 -1 -1 7.39 1.43 18.20 -1 1.000000
60 33 unknown -1 -1 -1 510 186 584 211 -1 -1 -1 -2.66 1.66 29.50 -1 1.000000
61 24 door -1 -1 -1 460 144 487 214 -1 -1 -1 -5.36 1.76 28.10 -1 1.000000
61 28 bicycle -1 -1 -1 353 196 420 237 -1 -1 -1 -6.97 1.81 21.99 -1 1.000000
61 31 cyclist -1 -1 -1 791 169 843 323 -1 -1 -1 2.22 1.61 7.70 -1 1.000000
61 32 van -1 -1 -1 868 149 1017 239 -1 -1 -1 8.05 1.47 18.06 -1 1.000000
61 33 unknown -1 -1 -1 512 188 587 213 -1 -1 -1 -2.56 1.69 29.11 -1 1.000000
61 34 truck -1 -1 -1 1065 147 1188 236 -1 -1 -1 12.49 1.38 16.89 -1 1.000000
62 24 door -1 -1 -1 461 143 488 216 -1 -1 -1 -5.22 1.75 27.64 -1 1.000000
62 28 bicycle -1 -1 -1 353 195 419 236 -1 -1 -1 -6.87 1.79 21.53 -1 1.000000
62 31 cyclist -1 -1 -1 808 166 863 314 -1 -1 -1 2.42 1.61 7.71 -1 1.000000
62 32 van -1 -1 -1 891 148 1041 239 -1 -1 -1 8.66 1.46 18.03 -1 1.000000
62 33 unknown -1 -1 -1 516 187 592 215 -1 -1 -1 -2.37 1.68 28.76 -1 1.000000
62 34 truck -1 -1 -1 1083 151 1209 241 -1 -1 -1 12.30 1.39 16.62 -1 1.000000
62 35 umbrella -1 -1 -1 838 139 898 157 -1 -1 -1 9.19 1.44 25.75 -1 1.000000
63 24 door -1 -1 -1 461 142 488 215 -1 -1 -1 -5.13 1.76 27.28 -1 1.000000
63 28 bicycle -1 -1 -1 353 196 416 237 -1 -1 -1 -6.70 1.80 21.05 -1 1.000000
63 31 cyclist -1 -1 -1 831 168 883 329 -1 -1 -1 2.63 1.60 7.74 -1 1.000000
63 33 unknown -1 -1 -1 516 186 594 215 -1 -1 -1 -2.12 1.70 28.31 -1 1.000000
63 34 truck -1 -1 -1 1098 153 1226 246 -1 -1 -1 12.10 1.41 16.30 -1 1.000000
63 35 umbrella -1 -1 -1 843 136 905 155 -1 -1 -1 9.29 1.46 25.18 -1 1.000000
63 36 van -1 -1 -1 912 154 990 236 -1 -1 -1 8.46 1.48 17.75 -1 1.000000
64 24 door -1 -1 -1 459 142 488 216 -1 -1 -1 -5.09 1.73 26.93 -1 1.000000
64 28 bicycle -1 -1 -1 342 198 413 239 -1 -1 -1 -6.78 1.80 20.65 -1 1.000000
64 31 cyclist -1 -1 -1 848 162 901 311 -1 -1 -1 2.85 1.58 7.77 -1 1.000000
64 32 van -1 -1 -1 928 150 1089 238 -1 -1 -1 9.75 1.39 17.95 -1 1.000000
64 33 unknown -1 -1 -1 515 186 596 216 -1 -1 -1 -1.97 1.66 27.95 -1 1.000000
64 34 truck -1 -1 -1 1112 149 1241 252 -1 -1 -1 12.06 1.35 15.78 -1 1.000000
64 35 umbrella -1 -1 -1 850 136 913 155 -1 -1 -1 9.35 1.38 24.75 -1 1.000000
65 24 door -1 -1 -1 456 143 484 217 -1 -1 -1 -5.17 1.81 26.51 -1 1.000000
65 28 bicycle -1 -1 -1 341 196 408 241 -1 -1 -1 -6.79 1.83 20.19 -1 1.000000
65 31 cyclist -1 -1 -1 866 164 919 312 -1 -1 -1 3.07 1.60 7.78 -1 1.000000
65 32 van -1 -1 -1 949 151 1113 240 -1 -1 -1 10.19 1.48 17.83 -1 1.000000
65 33 unknown -1 -1 -1 512 186 568 217 -1 -1 -1 -2.84 1.76 26.80 -1 1.000000
65 34 truck -1 -1 -1 1128 152 1241 244 -1 -1 -1 12.06 1.42 15.64 -1 1.000000
65 35 umbrella -1 -1 -1 854 137 917 157 -1 -1 -1 9.42 1.50 24.36 -1 1.000000
65 37 advertising -1 -1 -1 767 153 824 224 -1 -1 -1 5.91 1.57 22.36 -1 1.000000
66 24 door -1 -1 -1 452 143 480 225 -1 -1 -1 -5.23 1.84 26.00 -1 1.000000
66 28 bicycle -1 -1 -1 330 197 399 241 -1 -1 -1 -6.89 1.86 19.77 -1 1.000000
66 31 cyclist -1 -1 -1 878 169 938 322 -1 -1 -1 3.25 1.60 7.80 -1 1.000000
66 32 van -1 -1 -1 969 152 1136 243 -1 -1 -1 10.70 1.47 17.81 -1 1.000000
66 33 unknown -1 -1 -1 512 188 590 214 -1 -1 -1 -2.03 1.77 27.14 -1 1.000000
66 34 truck -1 -1 -1 1138 151 1241 239 -1 -1 -1 12.14 1.43 15.42 -1 1.000000
66 35 umbrella -1 -1 -1 856 138 920 158 -1 -1 -1 9.48 1.51 24.49 -1 1.000000
66 37 advertising -1 -1 -1 786 154 826 222 -1 -1 -1 6.11 1.58 21.83 -1 1.000000
67 24 door -1 -1 -1 446 144 483 225 -1 -1 -1 -5.25 1.94 25.57 -1 1.000000
67 28 bicycle -1 -1 -1 319 202 392 244 -1 -1 -1 -7.00 1.93 19.28 -1 1.000000
67 31 cyclist -1 -1 -1 897 170 958 328 -1 -1 -1 3.45 1.62 7.80 -1 1.000000
67 32 van -1 -1 -1 989 154 1151 243 -1 -1 -1 11.20 1.54 17.77 -1 1.000000
67 33 unknown -1 -1 -1 504 192 590 222 -1 -1 -1 -2.43 1.87 26.25 -1 1.000000
67 34 truck -1 -1 -1 1157 156 1241 234 -1 -1 -1 12.18 1.49 15.04 -1 1.000000
67 35 umbrella -1 -1 -1 857 139 923 160 -1 -1 -1 9.43 1.60 24.05 -1 1.000000
67 37 advertising -1 -1 -1 787 156 827 222 -1 -1 -1 6.09 1.67 21.34 -1 1.000000
67 38 door -1 -1 -1 586 145 616 214 -1 -1 -1 -0.37 1.86 28.69 -1 1.000000
68 24 door -1 -1 -1 438 146 469 219 -1 -1 -1 -5.42 2.01 25.05 -1 1.000000
68 28 bicycle -1 -1 -1 307 204 380 249 -1 -1 -1 -7.14 1.98 18.78 -1 1.000000
68 31 cyclist -1 -1 -1 915 172 975 338 -1 -1 -1 3.61 1.65 7.82 -1 1.000000
68 32 van -1 -1 -1 1008 153 1166 245 -1 -1 -1 11.71 1.58 17.80 -1 1.000000
68 33 unknown -1 -1 -1 497 195 580 224 -1 -1 -1 -2.66 1.96 25.87 -1 1.000000
68 34 truck -1 -1 -1 1162 157 1241 233 -1 -1 -1 12.01 1.54 14.83 -1 1.000000
68 35 umbrella -1 -1 -1 858 140 922 161 -1 -1 -1 9.24 1.68 23.64 -1 1.000000
68 37 advertising -1 -1 -1 784 156 829 227 -1 -1 -1 5.92 1.73 20.88 -1 1.000000
68 38 door -1 -1 -1 579 148 609 218 -1 -1 -1 -0.57 1.94 27.99 -1 1.000000
69 24 door -1 -1 -1 428 146 458 225 -1 -1 -1 -5.66 2.01 24.45 -1 1.000000
69 28 bicycle -1 -1 -1 295 206 370 251 -1 -1 -1 -7.28 1.98 18.31 -1 1.000000
69 31 cyclist -1 -1 -1 933 171 991 338 -1 -1 -1 3.78 1.65 7.81 -1 1.000000
69 32 van -1 -1 -1 1019 156 1180 244 -1 -1 -1 12.07 1.58 17.83 -1 1.000000
69 33 unknown -1 -1 -1 490 195 571 225 -1 -1 -1 -2.95 1.96 25.42 -1 1.000000
69 34 truck -1 -1 -1 1166 157 1241 249 -1 -1 -1 11.78 1.55 14.45 -1 1.000000
69 35 umbrella -1 -1 -1 853 142 920 162 -1 -1 -1 8.97 1.68 23.20 -1 1.000000
69 37 advertising -1 -1 -1 780 156 822 228 -1 -1 -1 5.73 1.74 20.41 -1 1.000000
69 38 door -1 -1 -1 576 148 604 225 -1 -1 -1 -0.78 1.94 27.46 -1 1.000000
69 39 motorcycle -1 -1 -1 600 188 678 237 -1 -1 -1 0.33 1.84 20.22 -1 1.000000
70 24 door -1 -1 -1 417 144 449 225 -1 -1 -1 -5.89 1.94 23.97 -1 1.000000
70 28 bicycle -1 -1 -1 279 203 355 253 -1 -1 -1 -7.55 1.92 17.89 -1 1.000000
70 31 cyclist -1 -1 -1 951 167 1003 329 -1 -1 -1 3.96 1.64 7.81 -1 1.000000
70 32 van -1 -1 -1 1037 156 1190 245 -1 -1 -1 12.49 1.58 17.91 -1 1.000000
70 33 unknown -1 -1 -1 479 194 547 224 -1 -1 -1 -3.38 1.91 24.89 -1 1.000000
70 34 truck -1 -1 -1 1171 146 1241 244 -1 -1 -1 11.50 1.56 14.17 -1 1.000000
70 35 umbrella -1 -1 -1 850 140 918 161 -1 -1 -1 8.44 1.69 22.15 -1 1.000000
70 37 advertising -1 -1 -1 778 145 824 225 -1 -1 -1 5.57 1.71 20.09 -1 1.000000
70 38 door -1 -1 -1 558 137 599 220 -1 -1 -1 -1.12 1.89 27.08 -1 1.000000
70 39 motorcycle -1 -1 -1 594 188 645 235 -1 -1 -1 0.19 1.80 19.83 -1 1.000000
70 40 person -1 -1 -1 852 147 901 235 -1 -1 -1 8.09 1.68 21.42 -1 1.000000
71 28 bicycle -1 -1 -1 261 203 340 251 -1 -1 -1 -7.74 1.90 17.36 -1 1.000000
71 31 cyclist -1 -1 -1 960 165 1012 319 -1 -1 -1 4.10 1.61 7.88 -1 1.000000
71 32 van -1 -1 -1 1053 154 1200 244 -1 -1 -1 12.78 1.58 18.06 -1 1.000000
71 33 unknown -1 -1 -1 465 192 535 223 -1 -1 -1 -3.80 1.91 24.17 -1 1.000000
71 34 truck -1 -1 -1 1177 159 1241 271 -1 -1 -1 11.30 1.56 13.96 -1 1.000000
71 35 umbrella -1 -1 -1 845 138 915 160 -1 -1 -1 8.26 1.70 22.01 -1 1.000000
71 37 advertising -1 -1 -1 772 154 817 225 -1 -1 -1 5.29 1.72 19.66 -1 1.000000
71 38 door -1 -1 -1 557 144 585 217 -1 -1 -1 -1.44 1.90 26.61 -1 1.000000
71 39 motorcycle -1 -1 -1 585 189 632 234 -1 -1 -1 0.02 1.80 19.31 -1 1.000000
71 40 person -1 -1 -1 872 173 895 235 -1 -1 -1 7.78 1.69 20.83 -1 1.000000
72 28 bicycle -1 -1 -1 241 201 320 251 -1 -1 -1 -8.01 1.83 16.85 -1 1.000000
72 31 cyclist -1 -1 -1 975 166 1025 313 -1 -1 -1 4.25 1.60 7.90 -1 1.000000
72 32 van -1 -1 -1 1066 155 1209 244 -1 -1 -1 13.06 1.52 18.28 -1 1.000000
72 33 unknown -1 -1 -1 456 191 521 219 -1 -1 -1 -4.16 1.80 23.80 -1 1.000000
72 34 truck -1 -1 -1 1173 158 1241 268 -1 -1 -1 11.11 1.53 13.69 -1 1.000000
72 35 umbrella -1 -1 -1 838 135 908 157 -1 -1 -1 7.93 1.62 21.73 -1 1.000000
72 37 advertising -1 -1 -1 764 144 810 225 -1 -1 -1 5.06 1.64 19.35 -1 1.000000
72 38 door -1 -1 -1 548 143 573 216 -1 -1 -1 -1.82 1.78 26.19 -1 1.000000
72 39 motorcycle -1 -1 -1 574 187 619 235 -1 -1 -1 -0.29 1.72 18.89 -1 1.000000
72 40 person -1 -1 -1 865 173 891 231 -1 -1 -1 7.47 1.62 20.44 -1 1.000000
73 28 bicycle -1 -1 -1 217 204 300 253 -1 -1 -1 -8.28 1.80 16.37 -1 1.000000
73 31 cyclist -1 -1 -1 983 165 1035 311 -1 -1 -1 4.40 1.61 7.98 -1 1.000000
73 32 van -1 -1 -1 1078 153 1209 238 -1 -1 -1 13.22 1.55 18.41 -1 1.000000
73 33 unknown -1 -1 -1 444 191 508 221 -1 -1 -1 -4.37 1.77 23.27 -1 1.000000
73 34 truck -1 -1 -1 1174 157 1241 269 -1 -1 -1 10.80 1.56 13.31 -1 1.000000
73 35 umbrella -1 -1 -1 830 135 901 156 -1 -1 -1 7.56 1.62 21.14 -1 1.000000
73 37 advertising -1 -1 -1 755 143 801 223 -1 -1 -1 4.74 1.65 19.01 -1 1.000000
73 38 door -1 -1 -1 531 140 562 215 -1 -1 -1 -2.24 1.76 25.66 -1 1.000000
73 39 motorcycle -1 -1 -1 560 189 646 237 -1 -1 -1 -0.58 1.71 18.39 -1 1.000000
73 40 person -1 -1 -1 860 170 883 234 -1 -1 -1 7.13 1.62 20.03 -1 1.000000
74 28 bicycle -1 -1 -1 185 204 279 257 -1 -1 -1 -8.59 1.76 15.90 -1 1.000000
74 31 cyclist -1 -1 -1 988 166 1040 318 -1 -1 -1 4.52 1.63 8.10 -1 1.000000
74 32 van -1 -1 -1 1089 157 1208 241 -1 -1 -1 13.48 1.55 18.62 -1 1.000000
74 33 unknown -1 -1 -1 424 192 488 224 -1 -1 -1 -4.87 1.74 22.94 -1 1.000000
74 34 truck -1 -1 -1 1173 158 1241 271 -1 -1 -1 10.57 1.58 12.99 -1 1.000000
74 35 umbrella -1 -1 -1 823 136 893 158 -1 -1 -1 7.11 1.61 20.60 -1 1.000000
74 37 advertising -1 -1 -1 748 152 792 224 -1 -1 -1 4.40 1.64 18.54 -1 1.000000
74 38 door -1 -1 -1 515 139 550 220 -1 -1 -1 -2.69 1.71 25.27 -1 1.000000
74 40 person -1 -1 -1 852 171 874 236 -1 -1 -1 6.79 1.61 19.80 -1 1.000000
75 28 bicycle -1 -1 -1 162 208 252 262 -1 -1 -1 -8.77 1.82 15.27 -1 1.000000
75 31 cyclist -1 -1 -1 991 165 1045 314 -1 -1 -1 4.62 1.64 8.22 -1 1.000000
75 32 van -1 -1 -1 1094 158 1209 236 -1 -1 -1 13.69 1.65 18.93 -1 1.000000
75 33 unknown -1 -1 -1 402 169 470 229 -1 -1 -1 -5.35 1.86 22.24 -1 1.000000
75 34 truck -1 -1 -1 1169 157 1241 271 -1 -1 -1 10.28 1.63 12.76 -1 1.000000
75 35 umbrella -1 -1 -1 811 137 883 159 -1 -1 -1 6.85 1.73 20.51 -1 1.000000
75 37 advertising -1 -1 -1 736 149 781 225 -1 -1 -1 3.97 1.74 18.04 -1 1.000000
75 40 person -1 -1 -1 842 172 866 232 -1 -1 -1 6.39 1.72 19.36 -1 1.000000
75 41 motorcycle -1 -1 -1 532 179 589 242 -1 -1 -1 -1.41 1.78 17.73 -1 1.000000
75 42 unknown -1 -1 -1 713 161 740 236 -1 -1 -1 3.06 1.75 18.91 -1 1.000000
76 28 bicycle -1 -1 -1 143 215 222 264 -1 -1 -1 -8.44 1.80 14.72 -1 1.000000
76 31 cyclist -1 -1 -1 990 167 1048 293 -1 -1 -1 4.71 1.65 8.34 -1 1.000000
76 32 van -1 -1 -1 1099 160 1206 237 -1 -1 -1 13.93 1.60 19.32 -1 1.000000
76 33 unknown -1 -1 -1 382 193 459 231 -1 -1 -1 -5.60 1.79 21.50 -1 1.000000
76 35 umbrella -1 -1 -1 798 137 871 161 -1 -1 -1 6.45 1.67 20.39 -1 1.000000
76 37 advertising -1 -1 -1 722 150 769 226 -1 -1 -1 3.52 1.69 17.63 -1 1.000000
76 40 person -1 -1 -1 829 173 853 233 -1 -1 -1 5.99 1.68 19.03 -1 1.000000
76 41 motorcycle -1 -1 -1 513 191 570 244 -1 -1 -1 -1.88 1.75 17.29 -1 1.000000
76 42 unknown -1 -1 -1 698 170 721 237 -1 -1 -1 2.61 1.71 18.50 -1 1.000000
76 43 truck -1 -1 -1 1165 157 1240 285 -1 -1 -1 10.06 1.61 12.53 -1 1.000000
77 28 bicycle -1 -1 -1 103 208 191 269 -1 -1 -1 -8.84 1.79 14.11 -1 1.000000
77 31 cyclist -1 -1 -1 991 168 1050 296 -1 -1 -1 4.77 1.67 8.46 -1 1.000000
77 32 van -1 -1 -1 1101 161 1202 229 -1 -1 -1 14.01 1.65 19.64 -1 1.000000
77 33 unknown -1 -1 -1 363 193 437 229 -1 -1 -1 -6.03 1.79 21.12 -1 1.000000
77 35 umbrella -1 -1 -1 786 137 859 162 -1 -1 -1 6.05 1.70 20.32 -1 1.000000
77 37 advertising -1 -1 -1 709 140 757 216 -1 -1 -1 3.06 1.72 17.19 -1 1.000000
77 40 person -1 -1 -1 816 173 840 235 -1 -1 -1 5.59 1.70 18.81 -1 1.000000
77 41 motorcycle -1 -1 -1 495 189 551 245 -1 -1 -1 -2.29 1.75 16.85 -1 1.000000
77 42 unknown -1 -1 -1 683 172 708 241 -1 -1 -1 2.20 1.73 18.19 -1 1.000000
77 43 truck -1 -1 -1 1158 158 1241 292 -1 -1 -1 9.82 1.65 12.35 -1 1.000000
78 28 bicycle -1 -1 -1 73 216 157 264 -1 -1 -1 -9.07 1.78 13.53 -1 1.000000
78 31 cyclist -1 -1 -1 994 170 1047 321 -1 -1 -1 4.84 1.70 8.56 -1 1.000000
78 32 van -1 -1 -1 1104 165 1189 242 -1 -1 -1 14.06 1.80 19.78 -1 1.000000
78 33 unknown -1 -1 -1 311 196 416 234 -1 -1 -1 -6.65 1.85 20.34 -1 1.000000
78 35 umbrella -1 -1 -1 773 136 846 160 -1 -1 -1 5.65 1.79 20.09 -1 1.000000
78 37 advertising -1 -1 -1 694 155 751 227 -1 -1 -1 2.76 1.79 16.87 -1 1.000000
78 40 person -1 -1 -1 803 175 829 237 -1 -1 -1 5.24 1.80 18.55 -1 1.000000
78 41 motorcycle -1 -1 -1 475 193 533 249 -1 -1 -1 -2.67 1.80 16.35 -1 1.000000
78 42 unknown -1 -1 -1 670 167 695 240 -1 -1 -1 1.81 1.80 17.61 -1 1.000000
78 43 truck -1 -1 -1 1152 159 1240 300 -1 -1 -1 9.46 1.73 11.96 -1 1.000000
78 44 road sign -1 -1 -1 354 82 373 141 -1 -1 -1 -3.61 1.74 10.53 -1 1.000000
79 28 bicycle -1 -1 -1 27 215 115 268 -1 -1 -1 -9.43 1.80 12.98 -1 1.000000
79 31 cyclist -1 -1 -1 994 170 1041 320 -1 -1 -1 4.89 1.71 8.66 -1 1.000000
79 33 unknown -1 -1 -1 318 195 391 237 -1 -1 -1 -6.95 1.84 20.43 -1 1.000000
79 35 umbrella -1 -1 -1 759 135 832 160 -1 -1 -1 5.07 1.77 19.50 -1 1.000000
79 37 advertising -1 -1 -1 680 155 734 222 -1 -1 -1 2.34 1.77 16.52 -1 1.000000
79 40 person -1 -1 -1 790 176 816 247 -1 -1 -1 4.81 1.78 18.33 -1 1.000000
79 41 motorcycle -1 -1 -1 451 192 515 251 -1 -1 -1 -3.08 1.79 16.02 -1 1.000000
79 42 unknown -1 -1 -1 658 177 683 249 -1 -1 -1 1.42 1.78 17.32 -1 1.000000
79 43 truck -1 -1 -1 1147 159 1240 301 -1 -1 -1 9.20 1.72 11.72 -1 1.000000
79 44 road sign -1 -1 -1 323 80 342 143 -1 -1 -1 -3.84 1.75 9.97 -1 1.000000
80 28 bicycle -1 -1 -1 1 220 73 278 -1 -1 -1 -9.78 1.82 12.44 -1 1.000000
80 31 cyclist -1 -1 -1 987 171 1038 315 -1 -1 -1 4.92 1.72 8.81 -1 1.000000
80 35 umbrella -1 -1 -1 744 139 819 163 -1 -1 -1 4.52 1.83 18.89 -1 1.000000
80 37 advertising -1 -1 -1 661 156 717 224 -1 -1 -1 1.90 1.81 16.05 -1 1.000000
80 40 person -1 -1 -1 777 177 802 244 -1 -1 -1 4.37 1.82 17.95 -1 1.000000
80 41 motorcycle -1 -1 -1 436 192 497 250 -1 -1 -1 -3.41 1.82 15.61 -1 1.000000
80 42 unknown -1 -1 -1 638 177 661 249 -1 -1 -1 0.98 1.82 16.78 -1 1.000000
80 43 truck -1 -1 -1 1112 157 1241 304 -1 -1 -1 8.87 1.74 11.28 -1 1.000000
80 44 road sign -1 -1 -1 284 72 312 142 -1 -1 -1 -4.08 1.76 9.51 -1 1.000000
80 45 unknown -1 -1 -1 285 200 362 239 -1 -1 -1 -7.47 1.88 19.29 -1 1.000000
81 28 bicycle -1 -1 -1 0 233 26 282 -1 -1 -1 -10.03 1.83 11.86 -1 1.000000
81 31 cyclist -1 -1 -1 979 173 1036 296 -1 -1 -1 4.95 1.73 9.03 -1 1.000000
81 35 umbrella -1 -1 -1 730 139 804 165 -1 -1 -1 4.05 1.77 18.30 -1 1.000000
81 37 advertising -1 -1 -1 638 156 699 255 -1 -1 -1 1.42 1.77 15.67 -1 1.000000
81 40 person -1 -1 -1 761 181 786 244 -1 -1 -1 3.88 1.77 17.61 -1 1.000000
81 41 motorcycle -1 -1 -1 406 201 459 261 -1 -1 -1 -3.75 1.81 14.88 -1 1.000000
81 42 unknown -1 -1 -1 619 178 643 251 -1 -1 -1 0.54 1.78 16.48 -1 1.000000
81 43 truck -1 -1 -1 1109 157 1241 315 -1 -1 -1 8.55 1.72 11.09 -1 1.000000
81 44 road sign -1 -1 -1 250 69 275 135 -1 -1 -1 -4.31 1.78 8.98 -1 1.000000
81 45 unknown -1 -1 -1 257 200 334 242 -1 -1 -1 -8.02 1.84 18.95 -1 1.000000
82 31 cyclist -1 -1 -1 977 177 1027 325 -1 -1 -1 4.94 1.76 9.13 -1 1.000000
82 35 umbrella -1 -1 -1 713 141 788 164 -1 -1 -1 3.53 1.87 17.87 -1 1.000000
82 37 advertising -1 -1 -1 623 156 683 260 -1 -1 -1 1.05 1.84 15.27 -1 1.000000
82 40 person -1 -1 -1 745 182 771 247 -1 -1 -1 3.47 1.85 17.30 -1 1.000000
82 41 motorcycle -1 -1 -1 379 201 436 265 -1 -1 -1 -4.08 1.85 14.36 -1 1.000000
82 42 unknown -1 -1 -1 603 179 626 255 -1 -1 -1 0.15 1.85 16.00 -1 1.000000
82 43 truck -1 -1 -1 1113 160 1241 315 -1 -1 -1 8.21 1.77 10.75 -1 1.000000
82 44 road sign -1 -1 -1 207 65 241 133 -1 -1 -1 -4.55 1.78 8.53 -1 1.000000
82 45 unknown -1 -1 -1 226 202 322 247 -1 -1 -1 -8.42 1.91 18.35 -1 1.000000
83 31 cyclist -1 -1 -1 967 176 1021 321 -1 -1 -1 4.93 1.73 9.33 -1 1.000000
83 35 umbrella -1 -1 -1 696 140 773 164 -1 -1 -1 3.03 1.76 17.42 -1 1.000000
83 37 advertising -1 -1 -1 612 156 668 228 -1 -1 -1 0.64 1.77 14.80 -1 1.000000
83 40 person -1 -1 -1 728 181 754 248 -1 -1 -1 3.00 1.76 17.00 -1 1.000000
83 41 motorcycle -1 -1 -1 346 205 411 268 -1 -1 -1 -4.47 1.81 13.97 -1 1.000000
83 42 unknown -1 -1 -1 583 180 607 259 -1 -1 -1 -0.28 1.78 15.57 -1 1.000000
83 43 truck -1 -1 -1 1109 159 1241 315 -1 -1 -1 7.85 1.70 10.48 -1 1.000000
83 46 unknown -1 -1 -1 222 201 290 222 -1 -1 -1 -8.87 1.86 18.28 -1 1.000000
84 31 cyclist -1 -1 -1 962 174 1012 317 -1 -1 -1 4.93 1.74 9.50 -1 1.000000
84 35 umbrella -1 -1 -1 677 139 755 164 -1 -1 -1 2.59 1.83 17.16 -1 1.000000
84 37 advertising -1 -1 -1 590 156 648 222 -1 -1 -1 0.21 1.82 14.31 -1 1.000000
84 40 person -1 -1 -1 713 181 738 249 -1 -1 -1 2.58 1.82 16.58 -1 1.000000
84 41 motorcycle -1 -1 -1 318 209 382 274 -1 -1 -1 -4.80 1.84 13.48 -1 1.000000
84 42 unknown -1 -1 -1 564 178 592 259 -1 -1 -1 -0.66 1.83 15.14 -1 1.000000
84 43 truck -1 -1 -1 1103 156 1241 312 -1 -1 -1 7.60 1.73 9.97 -1 1.000000
84 45 unknown -1 -1 -1 149 210 247 256 -1 -1 -1 -9.58 1.92 16.93 -1 1.000000
84 47 bicycle -1 -1 -1 458 205 501 264 -1 -1 -1 -2.58 1.83 12.85 -1 1.000000
85 31 cyclist -1 -1 -1 951 172 1003 315 -1 -1 -1 4.93 1.73 9.72 -1 1.000000
85 35 umbrella -1 -1 -1 657 137 739 164 -1 -1 -1 2.14 1.83 16.82 -1 1.000000
85 37 advertising -1 -1 -1 570 155 625 229 -1 -1 -1 -0.22 1.82 13.88 -1 1.000000
85 40 person -1 -1 -1 694 179 721 249 -1 -1 -1 2.14 1.82 16.15 -1 1.000000
85 41 motorcycle -1 -1 -1 282 210 353 278 -1 -1 -1 -5.13 1.85 12.93 -1 1.000000
85 42 unknown -1 -1 -1 542 178 569 259 -1 -1 -1 -1.07 1.83 14.66 -1 1.000000
85 43 truck -1 -1 -1 1101 153 1241 308 -1 -1 -1 7.37 1.70 9.62 -1 1.000000
85 47 bicycle -1 -1 -1 434 206 477 268 -1 -1 -1 -2.82 1.82 12.33 -1 1.000000
86 31 cyclist -1 -1 -1 945 177 995 287 -1 -1 -1 4.93 1.70 9.91 -1 1.000000
86 35 umbrella -1 -1 -1 640 137 721 164 -1 -1 -1 1.66 1.77 16.42 -1 1.000000
86 37 advertising -1 -1 -1 550 154 608 234 -1 -1 -1 -0.61 1.78 13.46 -1 1.000000
86 40 person -1 -1 -1 677 179 704 252 -1 -1 -1 1.69 1.77 15.93 -1 1.000000
86 41 motorcycle -1 -1 -1 249 217 322 272 -1 -1 -1 -5.45 1.84 12.33 -1 1.000000
86 42 unknown -1 -1 -1 520 178 549 259 -1 -1 -1 -1.47 1.80 14.19 -1 1.000000
86 43 truck -1 -1 -1 1082 151 1241 295 -1 -1 -1 7.05 1.67 9.46 -1 1.000000
86 47 bicycle -1 -1 -1 383 206 452 273 -1 -1 -1 -3.11 1.81 11.81 -1 1.000000
86 48 car -1 -1 -1 1015 179 1076 216 -1 -1 -1 22.48 1.62 38.44 -1 1.000000
87 31 cyclist -1 -1 -1 940 181 982 283 -1 -1 -1 4.90 1.75 10.08 -1 1.000000
87 35 umbrella -1 -1 -1 621 137 703 163 -1 -1 -1 1.24 1.86 16.02 -1 1.000000
87 37 advertising -1 -1 -1 530 154 590 230 -1 -1 -1 -0.96 1.83 12.95 -1 1.000000
87 40 person -1 -1 -1 660 180 687 252 -1 -1 -1 1.30 1.84 15.55 -1 1.000000
87 41 motorcycle -1 -1 -1 216 220 288 280 -1 -1 -1 -5.78 1.84 11.67 -1 1.000000
87 42 unknown -1 -1 -1 496 177 526 259 -1 -1 -1 -1.85 1.84 13.64 -1 1.000000
87 43 truck -1 -1 -1 1068 155 1241 339 -1 -1 -1 6.70 1.73 9.15 -1 1.000000
87 47 bicycle -1 -1 -1 374 212 424 277 -1 -1 -1 -3.42 1.82 11.26 -1 1.000000
87 48 car -1 -1 -1 998 179 1062 216 -1 -1 -1 21.86 1.99 38.05 -1 1.000000
88 31 cyclist -1 -1 -1 932 190 972 285 -1 -1 -1 4.84 1.76 10.17 -1 1.000000
88 35 umbrella -1 -1 -1 601 135 687 163 -1 -1 -1 0.79 1.87 15.50 -1 1.000000
88 37 advertising -1 -1 -1 502 153 566 236 -1 -1 -1 -1.31 1.82 12.41 -1 1.000000
88 40 person -1 -1 -1 642 179 671 253 -1 -1 -1 0.92 1.86 15.19 -1 1.000000
88 41 motorcycle -1 -1 -1 170 223 252 288 -1 -1 -1 -6.11 1.82 10.98 -1 1.000000
88 42 unknown -1 -1 -1 473 177 504 259 -1 -1 -1 -2.23 1.84 13.25 -1 1.000000
88 43 truck -1 -1 -1 1064 153 1241 351 -1 -1 -1 6.42 1.73 8.86 -1 1.000000
88 47 bicycle -1 -1 -1 343 211 395 283 -1 -1 -1 -3.70 1.80 10.69 -1 1.000000
88 48 car -1 -1 -1 967 189 1040 221 -1 -1 -1 20.45 2.15 37.74 -1 1.000000
89 31 cyclist -1 -1 -1 921 177 967 280 -1 -1 -1 4.78 1.75 10.39 -1 1.000000
89 35 umbrella -1 -1 -1 582 134 670 163 -1 -1 -1 0.34 1.76 15.07 -1 1.000000
89 37 advertising -1 -1 -1 476 153 543 236 -1 -1 -1 -1.70 1.74 11.95 -1 1.000000
89 41 motorcycle -1 -1 -1 118 219 214 297 -1 -1 -1 -6.47 1.74 10.44 -1 1.000000
89 42 unknown -1 -1 -1 445 173 478 272 -1 -1 -1 -2.62 1.75 12.75 -1 1.000000
89 43 truck -1 -1 -1 1057 151 1241 357 -1 -1 -1 6.03 1.74 8.36 -1 1.000000
89 47 bicycle -1 -1 -1 305 212 364 293 -1 -1 -1 -4.00 1.74 10.17 -1 1.000000
89 48 car -1 -1 -1 953 184 1021 216 -1 -1 -1 19.75 1.85 38.03 -1 1.000000
89 49 advertising -1 -1 -1 648 213 701 286 -1 -1 -1 0.93 1.75 11.32 -1 1.000000
89 50 person -1 -1 -1 622 179 653 252 -1 -1 -1 0.50 1.76 14.70 -1 1.000000
90 31 cyclist -1 -1 -1 915 179 956 282 -1 -1 -1 4.75 1.75 10.56 -1 1.000000
90 35 umbrella -1 -1 -1 563 133 653 162 -1 -1 -1 -0.02 1.82 14.62 -1 1.000000
90 37 advertising -1 -1 -1 454 152 521 236 -1 -1 -1 -1.97 1.79 11.46 -1 1.000000
90 41 motorcycle -1 -1 -1 61 221 173 306 -1 -1 -1 -6.76 1.78 9.83 -1 1.000000
90 42 unknown -1 -1 -1 420 175 457 278 -1 -1 -1 -2.91 1.80 12.16 -1 1.000000
90 43 truck -1 -1 -1 1051 150 1241 374 -1 -1 -1 5.84 1.71 8.05 -1 1.000000
90 47 bicycle -1 -1 -1 272 214 331 295 -1 -1 -1 -4.25 1.77 9.61 -1 1.000000
90 49 advertising -1 -1 -1 631 219 663 290 -1 -1 -1 0.59 1.77 10.85 -1 1.000000
90 50 person -1 -1 -1 608 180 654 258 -1 -1 -1 0.21 1.81 14.20 -1 1.000000
91 31 cyclist -1 -1 -1 906 180 949 277 -1 -1 -1 4.70 1.79 10.70 -1 1.000000
91 35 umbrella -1 -1 -1 542 131 636 161 -1 -1 -1 -0.41 1.84 14.01 -1 1.000000
91 37 advertising -1 -1 -1 428 149 498 257 -1 -1 -1 -2.34 1.78 11.08 -1 1.000000
91 41 motorcycle -1 -1 -1 1 241 101 317 -1 -1 -1 -7.00 1.73 9.25 -1 1.000000
91 43 truck -1 -1 -1 1047 149 1241 374 -1 -1 -1 5.56 1.73 7.67 -1 1.000000
91 47 bicycle -1 -1 -1 196 204 293 303 -1 -1 -1 -4.57 1.73 9.06 -1 1.000000
91 49 advertising -1 -1 -1 611 219 643 294 -1 -1 -1 0.28 1.77 10.38 -1 1.000000
91 50 person -1 -1 -1 587 179 620 260 -1 -1 -1 -0.15 1.84 13.78 -1 1.000000
92 31 cyclist -1 -1 -1 899 180 939 302 -1 -1 -1 4.63 1.79 10.84 -1 1.000000
92 35 umbrella -1 -1 -1 519 128 616 158 -1 -1 -1 -0.82 1.80 13.43 -1 1.000000
92 37 advertising -1 -1 -1 395 144 474 255 -1 -1 -1 -2.60 1.75 10.42 -1 1.000000
92 41 motorcycle -1 -1 -1 0 250 46 304 -1 -1 -1 -7.27 1.71 8.63 -1 1.000000
92 43 truck -1 -1 -1 1048 146 1241 374 -1 -1 -1 5.39 1.74 7.30 -1 1.000000
92 47 bicycle -1 -1 -1 109 197 255 310 -1 -1 -1 -4.88 1.71 8.54 -1 1.000000
92 49 advertising -1 -1 -1 591 222 627 304 -1 -1 -1 -0.01 1.75 9.89 -1 1.000000
92 50 person -1 -1 -1 561 178 598 267 -1 -1 -1 -0.54 1.80 13.20 -1 1.000000
93 31 cyclist -1 -1 -1 877 182 943 302 -1 -1 -1 4.57 1.79 10.98 -1 1.000000
93 35 umbrella -1 -1 -1 498 126 598 157 -1 -1 -1 -1.15 1.80 12.92 -1 1.000000
93 37 advertising -1 -1 -1 362 144 449 255 -1 -1 -1 -2.84 1.74 9.93 -1 1.000000
93 43 truck -1 -1 -1 1049 145 1241 374 -1 -1 -1 5.29 1.72 7.08 -1 1.000000
93 47 bicycle -1 -1 -1 54 229 206 317 -1 -1 -1 -5.12 1.69 7.99 -1 1.000000
93 50 person -1 -1 -1 543 176 582 270 -1 -1 -1 -0.86 1.79 12.73 -1 1.000000
94 31 cyclist -1 -1 -1 883 185 928 288 -1 -1 -1 4.55 1.75 11.21 -1 1.000000
94 35 umbrella -1 -1 -1 475 123 580 157 -1 -1 -1 -1.47 1.74 12.46 -1 1.000000
94 37 advertising -1 -1 -1 327 141 427 255 -1 -1 -1 -3.09 1.70 9.36 -1 1.000000
94 43 truck -1 -1 -1 1051 148 1241 374 -1 -1 -1 5.07 1.72 6.82 -1 1.000000
94 47 bicycle -1 -1 -1 0 230 155 327 -1 -1 -1 -5.33 1.67 7.40 -1 1.000000
94 50 person -1 -1 -1 520 176 557 271 -1 -1 -1 -1.22 1.74 12.18 -1 1.000000
94 51 car -1 -1 -1 121 182 194 210 -1 -1 -1 -30.20 1.91 47.95 -1 1.000000
94 52 rubbish bin -1 -1 -1 583 218 618 290 -1 -1 -1 -0.15 1.73 10.44 -1 1.000000
95 31 cyclist -1 -1 -1 878 183 921 285 -1 -1 -1 4.54 1.79 11.35 -1 1.000000
95 35 umbrella -1 -1 -1 451 121 558 153 -1 -1 -1 -1.81 1.75 11.93 -1 1.000000
95 37 advertising -1 -1 -1 288 138 400 255 -1 -1 -1 -3.33 1.69 8.86 -1 1.000000
95 43 truck -1 -1 -1 1050 143 1241 374 -1 -1 -1 4.74 1.72 6.53 -1 1.000000
95 50 person -1 -1 -1 497 174 535 275 -1 -1 -1 -1.52 1.75 11.65 -1 1.000000
95 51 car -1 -1 -1 90 177 169 206 -1 -1 -1 -32.10 2.03 47.67 -1 1.000000
95 52 rubbish bin -1 -1 -1 566 215 597 293 -1 -1 -1 -0.39 1.73 9.93 -1 1.000000
95 53 window -1 -1 -1 636 133 702 213 -1 -1 -1 2.06 2.09 32.39 -1 1.000000
96 31 cyclist -1 -1 -1 872 189 913 289 -1 -1 -1 4.48 1.80 11.51 -1 1.000000
96 35 umbrella -1 -1 -1 423 118 539 158 -1 -1 -1 -2.11 1.73 11.34 -1 1.000000
96 37 advertising -1 -1 -1 254 135 371 255 -1 -1 -1 -3.53 1.68 8.27 -1 1.000000
96 43 truck -1 -1 -1 1050 144 1241 374 -1 -1 -1 4.54 1.74 6.37 -1 1.000000
96 50 person -1 -1 -1 475 174 520 282 -1 -1 -1 -1.76 1.73 11.12 -1 1.000000
96 51 car -1 -1 -1 55 181 129 205 -1 -1 -1 -33.90 1.82 46.95 -1 1.000000
96 52 rubbish bin -1 -1 -1 545 216 579 286 -1 -1 -1 -0.66 1.72 9.46 -1 1.000000
96 53 window -1 -1 -1 618 130 687 214 -1 -1 -1 1.23 2.03 31.88 -1 1.000000
96 54 van -1 -1 -1 941 170 1002 229 -1 -1 -1 13.69 2.11 28.23 -1 1.000000
97 31 cyclist -1 -1 -1 866 193 907 291 -1 -1 -1 4.42 1.81 11.62 -1 1.000000
97 35 umbrella -1 -1 -1 393 114 517 157 -1 -1 -1 -2.43 1.71 10.81 -1 1.000000
97 37 advertising -1 -1 -1 208 135 318 255 -1 -1 -1 -3.74 1.66 7.68 -1 1.000000
97 43 truck -1 -1 -1 1052 154 1241 374 -1 -1 -1 4.36 1.75 6.03 -1 1.000000
97 50 person -1 -1 -1 448 175 489 280 -1 -1 -1 -1.98 1.72 10.49 -1 1.000000
97 51 car -1 -1 -1 19 180 95 205 -1 -1 -1 -35.86 1.63 45.98 -1 1.000000
97 52 rubbish bin -1 -1 -1 520 220 551 301 -1 -1 -1 -0.93 1.71 8.95 -1 1.000000
97 54 van -1 -1 -1 926 173 999 230 -1 -1 -1 13.47 2.12 28.68 -1 1.000000
97 55 tracking error -1 -1 -1 637 130 669 212 -1 -1 -1 1.78 2.00 31.59 -1 1.000000
98 31 cyclist -1 -1 -1 862 188 901 287 -1 -1 -1 4.37 1.84 11.70 -1 1.000000
98 35 umbrella -1 -1 -1 361 109 492 151 -1 -1 -1 -2.71 1.70 10.31 -1 1.000000
98 43 truck -1 -1 -1 969 143 1241 374 -1 -1 -1 4.28 1.77 5.97 -1 1.000000
98 50 person -1 -1 -1 420 175 465 282 -1 -1 -1 -2.27 1.70 10.00 -1 1.000000
98 52 rubbish bin -1 -1 -1 493 222 534 299 -1 -1 -1 -1.17 1.70 8.45 -1 1.000000
98 53 window -1 -1 -1 580 129 651 218 -1 -1 -1 -0.27 1.97 30.57 -1 1.000000
98 54 van -1 -1 -1 911 173 969 228 -1 -1 -1 13.18 2.21 29.27 -1 1.000000
99 31 cyclist -1 -1 -1 852 190 896 294 -1 -1 -1 4.29 1.83 11.81 -1 1.000000
99 35 umbrella -1 -1 -1 322 104 464 149 -1 -1 -1 -2.96 1.68 9.68 -1 1.000000
99 43 truck -1 -1 -1 965 144 1241 374 -1 -1 -1 4.10 1.76 5.88 -1 1.000000
99 50 person -1 -1 -1 389 175 434 265 -1 -1 -1 -2.61 1.68 9.51 -1 1.000000
99 52 rubbish bin -1 -1 -1 466 220 514 321 -1 -1 -1 -1.41 1.68 7.94 -1 1.000000
99 53 window -1 -1 -1 559 128 623 217 -1 -1 -1 -0.99 1.94 30.06 -1 1.000000
99 54 van -1 -1 -1 894 173 964 228 -1 -1 -1 12.95 2.18 30.04 -1 1.000000
100 31 cyclist -1 -1 -1 848 186 913 292 -1 -1 -1 4.26 1.82 12.02 -1 1.000000
100 35 umbrella -1 -1 -1 282 98 435 146 -1 -1 -1 -3.21 1.64 9.10 -1 1.000000
100 43 truck -1 -1 -1 962 133 1241 374 -1 -1 -1 3.93 1.75 5.67 -1 1.000000
100 50 person -1 -1 -1 356 171 400 262 -1 -1 -1 -2.88 1.65 8.94 -1 1.000000
100 52 rubbish bin -1 -1 -1 435 240 476 333 -1 -1 -1 -1.59 1.66 7.38 -1 1.000000
100 53 window -1 -1 -1 540 126 601 220 -1 -1 -1 -1.81 1.85 29.60 -1 1.000000
100 54 van -1 -1 -1 879 173 935 225 -1 -1 -1 12.64 2.16 30.32 -1 1.000000
101 31 cyclist -1 -1 -1 843 187 885 291 -1 -1 -1 4.13 1.76 12.01 -1 1.000000
101 35 umbrella -1 -1 -1 238 92 402 142 -1 -1 -1 -3.42 1.61 8.48 -1 1.000000
101 43 truck -1 -1 -1 955 146 1241 374 -1 -1 -1 3.75 1.76 5.45 -1 1.000000
101 50 person -1 -1 -1 315 166 366 253 -1 -1 -1 -3.12 1.62 8.34 -1 1.000000
101 52 rubbish bin -1 -1 -1 398 233 452 330 -1 -1 -1 -1.78 1.64 6.83 -1 1.000000
101 53 window -1 -1 -1 516 140 568 218 -1 -1 -1 -2.75 1.60 29.19 -1 1.000000
102 31 cyclist -1 -1 -1 838 176 892 292 -1 -1 -1 4.08 1.80 11.85 -1 1.000000
102 35 umbrella -1 -1 -1 193 83 372 143 -1 -1 -1 -3.63 1.58 7.90 -1 1.000000
102 43 truck -1 -1 -1 948 143 1241 374 -1 -1 -1 3.66 1.74 5.35 -1 1.000000
102 50 person -1 -1 -1 258 162 329 264 -1 -1 -1 -3.40 1.58 7.78 -1 1.000000
102 52 rubbish bin -1 -1 -1 360 250 413 351 -1 -1 -1 -1.97 1.61 6.26 -1 1.000000
102 53 window -1 -1 -1 493 137 553 216 -1 -1 -1 -3.48 1.78 28.76 -1 1.000000
103 31 cyclist -1 -1 -1 834 176 877 290 -1 -1 -1 4.06 1.80 12.04 -1 1.000000
103 35 umbrella -1 -1 -1 131 75 333 134 -1 -1 -1 -3.81 1.55 7.24 -1 1.000000
103 50 person -1 -1 -1 216 157 284 275 -1 -1 -1 -3.55 1.56 7.10 -1 1.000000
103 53 window -1 -1 -1 466 110 561 211 -1 -1 -1 -3.46 1.68 27.35 -1 1.000000
103 56 advertising -1 -1 -1 359 225 404 296 -1 -1 -1 -2.80 1.59 9.03 -1 1.000000
103 57 truck -1 -1 -1 945 137 1139 353 -1 -1 -1 3.93 1.77 7.00 -1 1.000000
104 31 cyclist -1 -1 -1 832 181 880 289 -1 -1 -1 4.05 1.82 12.21 -1 1.000000
104 35 umbrella -1 -1 -1 63 64 293 137 -1 -1 -1 -3.98 1.55 6.62 -1 1.000000
104 50 person -1 -1 -1 165 159 240 283 -1 -1 -1 -3.71 1.55 6.49 -1 1.000000
104 53 window -1 -1 -1 439 108 539 212 -1 -1 -1 -4.32 1.73 26.88 -1 1.000000
104 56 advertising -1 -1 -1 319 230 374 308 -1 -1 -1 -3.06 1.59 8.41 -1 1.000000
104 57 truck -1 -1 -1 938 84 1238 374 -1 -1 -1 3.77 1.76 6.65 -1 1.000000
104 58 car -1 -1 -1 904 183 971 228 -1 -1 -1 12.36 2.20 28.87 -1 1.000000
105 31 cyclist -1 -1 -1 829 188 873 291 -1 -1 -1 4.01 1.81 12.32 -1 1.000000
105 50 person -1 -1 -1 95 164 174 273 -1 -1 -1 -3.88 1.56 5.84 -1 1.000000
105 53 window -1 -1 -1 417 106 518 223 -1 -1 -1 -5.18 1.64 26.38 -1 1.000000
105 56 advertising -1 -1 -1 272 234 333 315 -1 -1 -1 -3.31 1.58 7.81 -1 1.000000
105 57 truck -1 -1 -1 959 87 1241 373 -1 -1 -1 3.54 1.76 5.99 -1 1.000000
105 58 car -1 -1 -1 891 184 969 223 -1 -1 -1 11.67 2.12 28.47 -1 1.000000
105 59 van -1 -1 -1 793 171 842 219 -1 -1 -1 8.86 2.05 32.73 -1 1.000000
106 31 cyclist -1 -1 -1 827 182 884 291 -1 -1 -1 3.98 1.77 12.40 -1 1.000000
106 50 person -1 -1 -1 2 185 97 281 -1 -1 -1 -4.33 1.54 5.88 -1 1.000000
106 57 truck -1 -1 -1 960 128 1240 374 -1 -1 -1 3.37 1.79 5.34 -1 1.000000
106 58 car -1 -1 -1 874 184 939 225 -1 -1 -1 11.00 1.93 28.21 -1 1.000000
106 59 van -1 -1 -1 776 172 836 219 -1 -1 -1 8.36 1.83 33.43 -1 1.000000
106 60 building -1 -1 -1 1 33 446 373 -1 -1 -1 -3.94 1.56 7.36 -1 1.000000
106 61 door -1 -1 -1 519 102 591 212 -1 -1 -1 -2.42 1.51 27.60 -1 1.000000
107 31 cyclist -1 -1 -1 810 184 869 292 -1 -1 -1 3.96 1.83 12.40 -1 1.000000
107 50 person -1 -1 -1 0 207 23 282 -1 -1 -1 -4.49 1.53 5.24 -1 1.000000
107 57 truck -1 -1 -1 962 126 1240 374 -1 -1 -1 3.21 1.76 4.87 -1 1.000000
107 58 car -1 -1 -1 864 185 923 226 -1 -1 -1 10.47 2.12 27.74 -1 1.000000
107 59 van -1 -1 -1 760 172 811 220 -1 -1 -1 8.10 2.08 33.85 -1 1.000000
107 60 building -1 -1 -1 1 25 472 373 -1 -1 -1 -4.10 1.54 7.15 -1 1.000000
107 61 door -1 -1 -1 498 102 573 215 -1 -1 -1 -2.90 1.69 27.02 -1 1.000000
107 62 car -1 -1 -1 893 186 981 243 -1 -1 -1 9.54 2.07 22.71 -1 1.000000
107 63 car -1 -1 -1 647 162 714 225 -1 -1 -1 3.21 1.91 33.27 -1 1.000000
108 31 cyclist -1 -1 -1 822 184 864 292 -1 -1 -1 3.94 1.93 12.41 -1 1.000000
108 53 window -1 -1 -1 313 86 451 219 -1 -1 -1 -7.23 1.78 24.50 -1 1.000000
108 57 truck -1 -1 -1 973 125 1240 374 -1 -1 -1 3.05 1.72 4.41 -1 1.000000
108 58 car -1 -1 -1 854 185 914 229 -1 -1 -1 9.84 2.47 26.81 -1 1.000000
108 59 van -1 -1 -1 744 173 821 218 -1 -1 -1 7.83 2.55 34.37 -1 1.000000
108 61 door -1 -1 -1 480 101 555 212 -1 -1 -1 -3.50 1.95 26.50 -1 1.000000
108 62 car -1 -1 -1 888 189 969 241 -1 -1 -1 9.27 2.34 22.00 -1 1.000000
108 63 car -1 -1 -1 632 165 698 233 -1 -1 -1 2.39 2.29 31.97 -1 1.000000
109 31 cyclist -1 -1 -1 811 185 863 292 -1 -1 -1 3.87 1.86 12.53 -1 1.000000
109 57 truck -1 -1 -1 996 119 1241 374 -1 -1 -1 2.95 1.75 3.95 -1 1.000000
109 59 van -1 -1 -1 727 172 797 219 -1 -1 -1 7.01 2.19 35.21 -1 1.000000
109 62 car -1 -1 -1 877 181 976 240 -1 -1 -1 9.00 2.13 21.56 -1 1.000000
109 63 car -1 -1 -1 615 170 681 234 -1 -1 -1 1.36 1.96 31.73 -1 1.000000
110 31 cyclist -1 -1 -1 815 188 860 291 -1 -1 -1 3.87 2.03 12.52 -1 1.000000
110 57 truck -1 -1 -1 1016 119 1241 374 -1 -1 -1 2.96 1.88 4.32 -1 1.000000
110 59 van -1 -1 -1 710 171 774 216 -1 -1 -1 6.55 2.50 35.50 -1 1.000000
110 62 car -1 -1 -1 865 183 965 242 -1 -1 -1 8.71 2.43 20.92 -1 1.000000
110 63 car -1 -1 -1 599 172 664 235 -1 -1 -1 0.69 2.10 30.83 -1 1.000000
110 64 car -1 -1 -1 784 179 836 215 -1 -1 -1 8.71 2.66 35.12 -1 1.000000
111 31 cyclist -1 -1 -1 809 186 855 288 -1 -1 -1 3.71 1.85 12.68 -1 1.000000
111 57 truck -1 -1 -1 1038 113 1241 374 -1 -1 -1 2.84 1.72 4.28 -1 1.000000
111 59 van -1 -1 -1 695 170 760 215 -1 -1 -1 5.63 2.17 36.13 -1 1.000000
111 62 car -1 -1 -1 852 181 953 243 -1 -1 -1 8.25 2.08 20.95 -1 1.000000
111 63 car -1 -1 -1 583 170 650 228 -1 -1 -1 -0.03 1.92 30.41 -1 1.000000
111 64 car -1 -1 -1 777 179 831 213 -1 -1 -1 7.83 2.22 33.80 -1 1.000000
111 65 car -1 -1 -1 174 197 269 260 -1 -1 -1 -6.98 1.51 13.00 -1 1.000000
112 31 cyclist -1 -1 -1 804 180 848 287 -1 -1 -1 3.65 1.81 12.73 -1 1.000000
112 57 truck -1 -1 -1 1076 112 1241 351 -1 -1 -1 2.73 1.70 3.75 -1 1.000000
112 59 van -1 -1 -1 678 169 726 212 -1 -1 -1 4.83 2.06 36.40 -1 1.000000
112 62 car -1 -1 -1 843 179 949 243 -1 -1 -1 7.93 2.01 20.54 -1 1.000000
112 63 car -1 -1 -1 566 169 636 224 -1 -1 -1 -0.61 1.84 29.86 -1 1.000000
112 64 car -1 -1 -1 747 178 807 213 -1 -1 -1 7.30 2.10 34.24 -1 1.000000
112 65 car -1 -1 -1 111 180 250 266 -1 -1 -1 -7.32 1.47 12.28 -1 1.000000
113 31 cyclist -1 -1 -1 797 181 843 287 -1 -1 -1 3.60 1.80 12.81 -1 1.000000
113 57 truck -1 -1 -1 1119 108 1240 374 -1 -1 -1 2.65 1.69 3.43 -1 1.000000
113 59 van -1 -1 -1 666 168 740 210 -1 -1 -1 4.22 2.03 36.75 -1 1.000000
113 62 car -1 -1 -1 832 180 933 243 -1 -1 -1 7.54 1.97 20.14 -1 1.000000
113 63 car -1 -1 -1 549 168 614 233 -1 -1 -1 -1.17 1.83 29.08 -1 1.000000
113 64 car -1 -1 -1 727 178 794 214 -1 -1 -1 6.75 2.07 34.16 -1 1.000000
113 65 car -1 -1 -1 47 176 235 277 -1 -1 -1 -7.41 1.50 11.41 -1 1.000000
114 31 cyclist -1 -1 -1 791 182 838 287 -1 -1 -1 3.53 1.79 12.87 -1 1.000000
114 57 truck -1 -1 -1 1176 124 1241 374 -1 -1 -1 2.57 1.69 2.98 -1 1.000000
114 59 van -1 -1 -1 648 167 715 213 -1 -1 -1 3.51 1.98 37.32 -1 1.000000
114 62 car -1 -1 -1 825 176 925 245 -1 -1 -1 7.14 1.93 19.63 -1 1.000000
114 63 car -1 -1 -1 533 169 600 234 -1 -1 -1 -1.73 1.80 28.42 -1 1.000000
114 64 car -1 -1 -1 729 178 783 215 -1 -1 -1 6.36 2.03 33.37 -1 1.000000
114 65 car -1 -1 -1 1 180 211 290 -1 -1 -1 -7.43 1.53 10.50 -1 1.000000
115 31 cyclist -1 -1 -1 781 181 829 287 -1 -1 -1 3.40 1.78 12.89 -1 1.000000
115 62 car -1 -1 -1 815 177 918 245 -1 -1 -1 6.78 1.89 19.18 -1 1.000000
115 63 car -1 -1 -1 518 170 586 232 -1 -1 -1 -2.22 1.74 27.74 -1 1.000000
115 64 car -1 -1 -1 720 178 772 216 -1 -1 -1 5.89 1.95 32.92 -1 1.000000
115 65 car -1 -1 -1 1 186 145 316 -1 -1 -1 -7.29 1.55 9.70 -1 1.000000
116 31 cyclist -1 -1 -1 772 182 817 284 -1 -1 -1 3.24 1.78 12.91 -1 1.000000
116 62 car -1 -1 -1 801 186 913 251 -1 -1 -1 6.29 1.89 18.55 -1 1.000000
116 63 car -1 -1 -1 501 171 571 236 -1 -1 -1 -2.67 1.77 27.17 -1 1.000000
116 64 car -1 -1 -1 708 179 761 218 -1 -1 -1 5.29 1.95 31.83 -1 1.000000
116 65 car -1 -1 -1 11 197 121 305 -1 -1 -1 -7.15 1.56 9.02 -1 1.000000
117 62 car -1 -1 -1 797 188 905 253 -1 -1 -1 5.92 1.89 17.93 -1 1.000000
117 63 car -1 -1 -1 487 168 557 237 -1 -1 -1 -3.14 1.77 26.41 -1 1.000000
117 64 car -1 -1 -1 695 181 753 220 -1 -1 -1 4.70 1.95 31.17 -1 1.000000
117 65 car -1 -1 -1 0 201 95 314 -1 -1 -1 -7.00 1.58 8.34 -1 1.000000
117 66 transformer -1 -1 -1 1050 194 1110 270 -1 -1 -1 9.43 1.93 14.47 -1 1.000000
117 67 car -1 -1 -1 737 183 807 231 -1 -1 -1 4.47 1.88 21.85 -1 1.000000
118 62 car -1 -1 -1 785 188 900 256 -1 -1 -1 5.56 1.88 17.37 -1 1.000000
118 63 car -1 -1 -1 469 168 544 239 -1 -1 -1 -3.70 1.74 25.86 -1 1.000000
118 64 car -1 -1 -1 684 181 740 221 -1 -1 -1 4.10 1.94 30.46 -1 1.000000
118 66 transformer -1 -1 -1 1046 194 1111 270 -1 -1 -1 9.12 1.93 13.97 -1 1.000000
118 67 car -1 -1 -1 726 184 797 233 -1 -1 -1 4.05 1.86 21.65 -1 1.000000
119 62 car -1 -1 -1 782 189 891 260 -1 -1 -1 5.20 1.87 16.80 -1 1.000000
119 63 car -1 -1 -1 452 172 528 232 -1 -1 -1 -4.19 1.73 25.06 -1 1.000000
119 64 car -1 -1 -1 671 181 728 222 -1 -1 -1 3.53 1.91 29.74 -1 1.000000
119 66 transformer -1 -1 -1 1044 194 1113 270 -1 -1 -1 8.84 1.92 13.56 -1 1.000000
119 67 car -1 -1 -1 715 184 791 233 -1 -1 -1 3.65 1.86 21.20 -1 1.000000
119 68 tracking error -1 -1 -1 579 173 677 211 -1 -1 -1 0.07 1.88 38.51 -1 1.000000
120 62 car -1 -1 -1 769 188 886 262 -1 -1 -1 4.78 1.89 16.18 -1 1.000000
120 63 car -1 -1 -1 432 169 515 233 -1 -1 -1 -4.66 1.83 24.38 -1 1.000000
120 64 car -1 -1 -1 658 181 716 223 -1 -1 -1 2.98 2.00 28.81 -1 1.000000
120 66 transformer -1 -1 -1 1043 194 1115 266 -1 -1 -1 8.58 1.91 13.08 -1 1.000000
120 67 car -1 -1 -1 705 183 784 234 -1 -1 -1 3.48 1.92 20.34 -1 1.000000
121 62 car -1 -1 -1 765 189 878 264 -1 -1 -1 4.44 1.85 15.67 -1 1.000000
121 63 car -1 -1 -1 411 173 492 233 -1 -1 -1 -5.12 1.71 23.52 -1 1.000000
121 64 car -1 -1 -1 646 181 704 224 -1 -1 -1 2.38 1.89 28.09 -1 1.000000
121 66 transformer -1 -1 -1 1053 196 1121 269 -1 -1 -1 8.30 1.92 12.57 -1 1.000000
121 67 car -1 -1 -1 693 183 775 236 -1 -1 -1 3.53 1.87 19.73 -1 1.000000
122 62 car -1 -1 -1 753 188 873 265 -1 -1 -1 4.16 1.89 15.06 -1 1.000000
122 63 car -1 -1 -1 391 173 493 252 -1 -1 -1 -5.41 1.80 22.55 -1 1.000000
122 64 car -1 -1 -1 632 181 691 223 -1 -1 -1 1.84 1.99 27.38 -1 1.000000
122 66 transformer -1 -1 -1 1052 200 1124 281 -1 -1 -1 8.03 1.92 12.05 -1 1.000000
122 67 car -1 -1 -1 682 183 766 237 -1 -1 -1 3.39 1.93 19.17 -1 1.000000
123 62 car -1 -1 -1 745 188 867 268 -1 -1 -1 3.88 1.84 14.53 -1 1.000000
123 63 car -1 -1 -1 372 173 457 238 -1 -1 -1 -5.92 1.72 22.20 -1 1.000000
123 64 car -1 -1 -1 620 181 698 223 -1 -1 -1 1.25 1.87 26.72 -1 1.000000
123 66 transformer -1 -1 -1 1064 201 1131 281 -1 -1 -1 7.78 1.89 11.51 -1 1.000000
123 67 car -1 -1 -1 665 182 756 238 -1 -1 -1 2.99 1.85 18.66 -1 1.000000
124 62 car -1 -1 -1 739 188 861 270 -1 -1 -1 3.59 1.81 14.00 -1 1.000000
124 63 car -1 -1 -1 348 179 436 238 -1 -1 -1 -6.22 1.76 21.21 -1 1.000000
124 64 car -1 -1 -1 607 181 673 223 -1 -1 -1 0.70 1.86 26.09 -1 1.000000
124 66 transformer -1 -1 -1 1066 200 1138 281 -1 -1 -1 7.56 1.83 11.04 -1 1.000000
124 67 car -1 -1 -1 657 182 749 244 -1 -1 -1 2.57 1.83 17.92 -1 1.000000
125 62 car -1 -1 -1 729 187 854 269 -1 -1 -1 3.38 1.79 13.41 -1 1.000000
125 63 car -1 -1 -1 326 181 410 242 -1 -1 -1 -6.49 1.78 20.22 -1 1.000000
125 64 car -1 -1 -1 592 180 650 225 -1 -1 -1 0.12 1.86 25.42 -1 1.000000
125 66 transformer -1 -1 -1 1075 198 1146 281 -1 -1 -1 7.34 1.80 10.56 -1 1.000000
125 67 car -1 -1 -1 645 180 742 241 -1 -1 -1 2.21 1.81 17.45 -1 1.000000
125 69 bicycle -1 -1 -1 647 216 682 279 -1 -1 -1 0.97 1.76 13.31 -1 1.000000
126 62 car -1 -1 -1 727 186 850 268 -1 -1 -1 3.20 1.77 12.82 -1 1.000000
126 63 car -1 -1 -1 305 182 387 240 -1 -1 -1 -6.72 1.82 19.55 -1 1.000000
126 64 car -1 -1 -1 580 179 639 226 -1 -1 -1 -0.36 1.87 24.91 -1 1.000000
126 66 transformer -1 -1 -1 1078 195 1158 303 -1 -1 -1 7.13 1.75 10.09 -1 1.000000
126 67 car -1 -1 -1 650 185 732 247 -1 -1 -1 1.90 1.80 16.98 -1 1.000000
126 69 bicycle -1 -1 -1 629 215 665 278 -1 -1 -1 0.63 1.76 13.25 -1 1.000000
127 62 car -1 -1 -1 718 185 845 274 -1 -1 -1 2.93 1.72 12.16 -1 1.000000
127 63 car -1 -1 -1 287 184 366 242 -1 -1 -1 -7.00 1.79 18.89 -1 1.000000
127 64 car -1 -1 -1 568 179 626 227 -1 -1 -1 -0.89 1.77 24.52 -1 1.000000
127 66 transformer -1 -1 -1 1089 192 1173 303 -1 -1 -1 6.96 1.69 9.61 -1 1.000000
127 67 car -1 -1 -1 631 185 727 252 -1 -1 -1 1.49 1.73 16.51 -1 1.000000
127 69 bicycle -1 -1 -1 610 216 643 277 -1 -1 -1 0.24 1.73 13.40 -1 1.000000
127 70 tracking error -1 -1 -1 513 178 577 217 -1 -1 -1 -3.40 1.86 35.24 -1 1.000000
127 71 car -1 -1 -1 334 173 392 236 -1 -1 -1 -8.08 1.81 24.42 -1 1.000000
128 62 car -1 -1 -1 710 182 844 283 -1 -1 -1 2.73 1.71 11.54 -1 1.000000
128 63 car -1 -1 -1 253 185 354 258 -1 -1 -1 -7.16 1.89 18.00 -1 1.000000
128 64 car -1 -1 -1 558 179 622 224 -1 -1 -1 -1.30 1.84 24.25 -1 1.000000
128 66 transformer -1 -1 -1 1106 189 1197 303 -1 -1 -1 6.86 1.63 9.11 -1 1.000000
128 67 car -1 -1 -1 621 185 722 255 -1 -1 -1 1.29 1.75 15.97 -1 1.000000
128 71 car -1 -1 -1 313 174 376 236 -1 -1 -1 -8.47 1.94 24.07 -1 1.000000
128 72 bicycle -1 -1 -1 595 220 629 276 -1 -1 -1 -0.03 1.75 13.43 -1 1.000000
129 62 car -1 -1 -1 710 182 849 287 -1 -1 -1 2.61 1.70 10.96 -1 1.000000
129 63 car -1 -1 -1 236 188 361 268 -1 -1 -1 -7.33 1.95 17.44 -1 1.000000
129 64 car -1 -1 -1 548 178 615 226 -1 -1 -1 -1.54 1.86 23.72 -1 1.000000
129 67 car -1 -1 -1 608 186 720 259 -1 -1 -1 1.08 1.76 15.40 -1 1.000000
129 71 car -1 -1 -1 302 177 364 238 -1 -1 -1 -8.60 2.03 23.51 -1 1.000000
129 72 bicycle -1 -1 -1 574 215 610 278 -1 -1 -1 -0.34 1.78 13.43 -1 1.000000
130 62 car -1 -1 -1 714 182 858 281 -1 -1 -1 2.56 1.68 10.26 -1 1.000000
130 63 car -1 -1 -1 224 193 336 268 -1 -1 -1 -7.44 1.98 17.08 -1 1.000000
130 67 car -1 -1 -1 605 187 720 264 -1 -1 -1 0.98 1.75 14.82 -1 1.000000
130 71 car -1 -1 -1 306 181 356 244 -1 -1 -1 -8.73 2.05 23.04 -1 1.000000
130 72 bicycle -1 -1 -1 559 214 596 279 -1 -1 -1 -0.60 1.79 13.46 -1 1.000000
130 73 car -1 -1 -1 569 180 619 228 -1 -1 -1 -0.35 1.82 21.76 -1 1.000000
131 62 car -1 -1 -1 717 184 863 284 -1 -1 -1 2.52 1.69 9.63 -1 1.000000
131 63 car -1 -1 -1 198 197 318 263 -1 -1 -1 -7.52 2.08 16.52 -1 1.000000
131 67 car -1 -1 -1 598 187 727 267 -1 -1 -1 0.93 1.79 14.19 -1 1.000000
131 71 car -1 -1 -1 263 186 349 247 -1 -1 -1 -8.89 2.19 22.39 -1 1.000000
131 73 car -1 -1 -1 562 182 616 239 -1 -1 -1 -0.52 1.91 20.97 -1 1.000000
132 62 car -1 -1 -1 723 183 876 282 -1 -1 -1 2.45 1.68 8.96 -1 1.000000
132 63 car -1 -1 -1 214 197 310 279 -1 -1 -1 -7.44 2.14 15.86 -1 1.000000
132 67 car -1 -1 -1 598 188 732 271 -1 -1 -1 0.94 1.79 13.52 -1 1.000000
132 71 car -1 -1 -1 270 186 343 253 -1 -1 -1 -8.83 2.26 21.70 -1 1.000000
132 73 car -1 -1 -1 553 183 614 243 -1 -1 -1 -0.70 1.94 20.26 -1 1.000000
132 74 cyclist -1 -1 -1 536 213 572 293 -1 -1 -1 -1.10 1.87 13.47 -1 1.000000
133 62 car -1 -1 -1 725 185 896 316 -1 -1 -1 2.38 1.66 8.24 -1 1.000000
133 63 car -1 -1 -1 156 200 310 303 -1 -1 -1 -7.43 2.16 14.99 -1 1.000000
133 67 car -1 -1 -1 601 188 744 276 -1 -1 -1 1.00 1.76 12.96 -1 1.000000
133 71 car -1 -1 -1 260 187 337 256 -1 -1 -1 -8.72 2.26 21.03 -1 1.000000
133 73 car -1 -1 -1 548 183 616 246 -1 -1 -1 -0.78 1.90 19.63 -1 1.000000
133 74 cyclist -1 -1 -1 521 187 566 286 -1 -1 -1 -1.26 1.86 13.53 -1 1.000000
134 62 car -1 -1 -1 742 187 924 330 -1 -1 -1 2.42 1.63 7.56 -1 1.000000
134 63 car -1 -1 -1 138 199 299 295 -1 -1 -1 -7.34 2.13 14.28 -1 1.000000
134 67 car -1 -1 -1 605 187 753 280 -1 -1 -1 1.08 1.71 12.35 -1 1.000000
134 71 car -1 -1 -1 250 187 335 255 -1 -1 -1 -8.59 2.21 20.33 -1 1.000000
134 73 car -1 -1 -1 546 182 621 247 -1 -1 -1 -0.73 1.82 19.07 -1 1.000000
134 74 cyclist -1 -1 -1 507 185 561 285 -1 -1 -1 -1.36 1.83 13.53 -1 1.000000
135 62 car -1 -1 -1 758 183 960 338 -1 -1 -1 2.44 1.60 6.88 -1 1.000000
135 63 car -1 -1 -1 132 199 289 294 -1 -1 -1 -7.18 2.08 13.56 -1 1.000000
135 67 car -1 -1 -1 611 183 762 282 -1 -1 -1 1.22 1.67 11.57 -1 1.000000
135 71 car -1 -1 -1 249 185 324 257 -1 -1 -1 -8.39 2.16 19.59 -1 1.000000
135 73 car -1 -1 -1 549 179 628 247 -1 -1 -1 -0.58 1.78 18.43 -1 1.000000
135 74 cyclist -1 -1 -1 501 183 558 282 -1 -1 -1 -1.42 1.80 13.52 -1 1.000000
136 62 car -1 -1 -1 786 179 1004 353 -1 -1 -1 2.51 1.56 6.22 -1 1.000000
136 63 car -1 -1 -1 130 197 285 299 -1 -1 -1 -7.00 2.04 13.08 -1 1.000000
136 67 car -1 -1 -1 618 181 780 285 -1 -1 -1 1.35 1.62 10.92 -1 1.000000
136 71 car -1 -1 -1 252 183 325 258 -1 -1 -1 -8.15 2.11 18.89 -1 1.000000
136 73 car -1 -1 -1 563 176 638 247 -1 -1 -1 -0.35 1.71 17.74 -1 1.000000
136 74 cyclist -1 -1 -1 508 179 551 283 -1 -1 -1 -1.44 1.76 13.53 -1 1.000000
136 75 window -1 -1 -1 86 87 139 232 -1 -1 -1 -12.27 2.31 18.20 -1 1.000000
137 62 car -1 -1 -1 813 174 1064 374 -1 -1 -1 2.61 1.52 5.57 -1 1.000000
137 63 car -1 -1 -1 102 198 300 312 -1 -1 -1 -6.84 2.04 12.49 -1 1.000000
137 67 car -1 -1 -1 647 177 803 287 -1 -1 -1 1.60 1.56 10.22 -1 1.000000
137 71 car -1 -1 -1 252 182 325 242 -1 -1 -1 -7.97 2.09 18.64 -1 1.000000
137 73 car -1 -1 -1 560 173 654 247 -1 -1 -1 -0.15 1.65 17.22 -1 1.000000
137 74 cyclist -1 -1 -1 507 177 558 287 -1 -1 -1 -1.43 1.73 13.50 -1 1.000000
137 75 window -1 -1 -1 76 80 138 233 -1 -1 -1 -12.07 2.33 17.64 -1 1.000000
137 76 car -1 -1 -1 533 176 579 227 -1 -1 -1 -1.78 1.73 22.22 -1 1.000000
137 77 car -1 -1 -1 293 179 352 240 -1 -1 -1 -9.19 2.15 24.03 -1 1.000000
138 62 car -1 -1 -1 847 174 1142 374 -1 -1 -1 2.72 1.51 4.89 -1 1.000000
138 63 car -1 -1 -1 90 196 302 312 -1 -1 -1 -6.66 2.01 11.87 -1 1.000000
138 67 car -1 -1 -1 641 177 829 299 -1 -1 -1 1.67 1.55 9.48 -1 1.000000
138 71 car -1 -1 -1 250 180 327 247 -1 -1 -1 -7.67 2.05 18.01 -1 1.000000
138 73 car -1 -1 -1 569 172 663 247 -1 -1 -1 0.05 1.62 16.63 -1 1.000000
138 74 cyclist -1 -1 -1 514 176 557 287 -1 -1 -1 -1.39 1.71 13.48 -1 1.000000
138 75 window -1 -1 -1 71 80 136 234 -1 -1 -1 -11.79 2.28 17.27 -1 1.000000
138 76 car -1 -1 -1 539 176 585 224 -1 -1 -1 -1.49 1.68 21.78 -1 1.000000
138 77 car -1 -1 -1 316 184 357 239 -1 -1 -1 -8.85 2.08 23.64 -1 1.000000
139 62 car -1 -1 -1 906 177 1225 349 -1 -1 -1 2.71 1.56 4.18 -1 1.000000
139 63 car -1 -1 -1 73 196 283 318 -1 -1 -1 -6.46 1.97 11.24 -1 1.000000
139 67 car -1 -1 -1 656 176 858 295 -1 -1 -1 1.86 1.56 8.81 -1 1.000000
139 71 car -1 -1 -1 257 181 335 258 -1 -1 -1 -7.34 1.97 17.43 -1 1.000000
139 73 car -1 -1 -1 578 172 677 250 -1 -1 -1 0.32 1.59 15.99 -1 1.000000
139 74 cyclist -1 -1 -1 496 174 557 287 -1 -1 -1 -1.37 1.69 13.55 -1 1.000000
139 75 window -1 -1 -1 66 80 141 247 -1 -1 -1 -11.51 2.18 16.73 -1 1.000000
139 76 car -1 -1 -1 540 176 602 232 -1 -1 -1 -1.23 1.62 21.22 -1 1.000000
139 77 car -1 -1 -1 319 184 363 240 -1 -1 -1 -8.52 1.98 23.16 -1 1.000000
140 62 car -1 -1 -1 959 176 1241 374 -1 -1 -1 2.64 1.55 3.74 -1 1.000000
140 63 car -1 -1 -1 59 196 275 308 -1 -1 -1 -6.29 1.96 10.71 -1 1.000000
140 67 car -1 -1 -1 667 181 895 318 -1 -1 -1 1.93 1.57 8.08 -1 1.000000
140 71 car -1 -1 -1 260 183 332 259 -1 -1 -1 -7.00 1.98 16.58 -1 1.000000
140 73 car -1 -1 -1 590 173 693 253 -1 -1 -1 0.56 1.59 15.33 -1 1.000000
140 74 cyclist -1 -1 -1 514 176 560 287 -1 -1 -1 -1.30 1.70 13.56 -1 1.000000
140 75 window -1 -1 -1 62 77 145 247 -1 -1 -1 -11.23 2.18 16.12 -1 1.000000
140 76 car -1 -1 -1 550 178 607 233 -1 -1 -1 -0.97 1.63 20.69 -1 1.000000
140 77 car -1 -1 -1 326 184 371 237 -1 -1 -1 -8.21 1.97 22.96 -1 1.000000
140 78 window -1 -1 -1 140 112 188 204 -1 -1 -1 -11.70 2.18 19.16 -1 1.000000
141 62 car -1 -1 -1 1021 178 1241 374 -1 -1 -1 2.48 1.59 3.21 -1 1.000000
141 63 car -1 -1 -1 4 189 338 338 -1 -1 -1 -6.13 1.97 10.24 -1 1.000000
141 67 car -1 -1 -1 688 181 933 336 -1 -1 -1 1.99 1.57 7.29 -1 1.000000
141 71 car -1 -1 -1 263 184 335 257 -1 -1 -1 -6.73 1.95 16.10 -1 1.000000
141 73 car -1 -1 -1 600 173 711 254 -1 -1 -1 0.85 1.56 14.71 -1 1.000000
141 74 cyclist -1 -1 -1 521 176 564 281 -1 -1 -1 -1.23 1.68 13.64 -1 1.000000
141 75 window -1 -1 -1 51 73 148 247 -1 -1 -1 -10.96 2.18 15.52 -1 1.000000
141 76 car -1 -1 -1 568 175 636 233 -1 -1 -1 -0.66 1.59 20.13 -1 1.000000
141 77 car -1 -1 -1 328 188 377 244 -1 -1 -1 -7.88 1.97 22.36 -1 1.000000
141 78 window -1 -1 -1 137 111 190 206 -1 -1 -1 -11.38 2.18 18.71 -1 1.000000
142 62 car -1 -1 -1 1152 184 1242 375 -1 -1 -1 2.54 1.59 2.55 -1 1.000000
142 63 car -1 -1 -1 1 202 289 350 -1 -1 -1 -5.88 1.99 9.52 -1 1.000000
142 67 car -1 -1 -1 700 183 984 366 -1 -1 -1 2.09 1.58 6.59 -1 1.000000
142 71 car -1 -1 -1 272 201 339 264 -1 -1 -1 -6.43 1.99 15.49 -1 1.000000
142 73 car -1 -1 -1 612 174 726 256 -1 -1 -1 1.06 1.60 14.09 -1 1.000000
142 74 cyclist -1 -1 -1 528 179 567 278 -1 -1 -1 -1.16 1.72 13.63 -1 1.000000
142 76 car -1 -1 -1 572 180 633 233 -1 -1 -1 -0.40 1.65 19.54 -1 1.000000
142 77 car -1 -1 -1 336 186 385 229 -1 -1 -1 -8.20 2.02 24.97 -1 1.000000
142 78 window -1 -1 -1 132 111 198 207 -1 -1 -1 -11.07 2.23 18.20 -1 1.000000
143 63 car -1 -1 -1 1 204 291 370 -1 -1 -1 -5.68 1.97 9.22 -1 1.000000
143 67 car -1 -1 -1 721 183 1039 374 -1 -1 -1 2.15 1.58 5.85 -1 1.000000
143 71 car -1 -1 -1 274 198 341 265 -1 -1 -1 -6.18 1.99 15.01 -1 1.000000
143 73 car -1 -1 -1 624 175 745 275 -1 -1 -1 1.25 1.61 13.30 -1 1.000000
143 74 cyclist -1 -1 -1 536 179 572 279 -1 -1 -1 -1.07 1.72 13.61 -1 1.000000
143 76 car -1 -1 -1 579 177 652 235 -1 -1 -1 -0.09 1.65 19.08 -1 1.000000
143 77 car -1 -1 -1 342 186 391 230 -1 -1 -1 -7.91 2.04 24.78 -1 1.000000
143 78 window -1 -1 -1 128 106 199 221 -1 -1 -1 -10.76 2.23 17.82 -1 1.000000
144 63 car -1 -1 -1 1 204 293 374 -1 -1 -1 -5.46 1.96 8.92 -1 1.000000
144 67 car -1 -1 -1 740 178 1119 372 -1 -1 -1 2.28 1.58 5.15 -1 1.000000
144 71 car -1 -1 -1 256 209 342 280 -1 -1 -1 -5.90 2.00 13.68 -1 1.000000
144 73 car -1 -1 -1 634 173 764 272 -1 -1 -1 1.49 1.63 12.54 -1 1.000000
144 74 cyclist -1 -1 -1 543 181 581 279 -1 -1 -1 -0.96 1.75 13.52 -1 1.000000
144 76 car -1 -1 -1 587 181 653 247 -1 -1 -1 0.18 1.69 18.39 -1 1.000000
144 77 car -1 -1 -1 345 187 398 231 -1 -1 -1 -7.80 2.09 25.04 -1 1.000000
144 78 window -1 -1 -1 123 104 199 223 -1 -1 -1 -10.47 2.21 17.32 -1 1.000000
144 79 car -1 -1 -1 333 190 381 251 -1 -1 -1 -6.65 2.04 19.50 -1 1.000000
145 63 car -1 -1 -1 1 201 293 374 -1 -1 -1 -5.35 1.94 8.73 -1 1.000000
145 67 car -1 -1 -1 772 130 1240 366 -1 -1 -1 2.41 1.59 4.56 -1 1.000000
145 71 car -1 -1 -1 234 182 346 282 -1 -1 -1 -5.72 1.94 13.23 -1 1.000000
145 73 car -1 -1 -1 647 172 786 278 -1 -1 -1 1.68 1.60 11.75 -1 1.000000
145 74 cyclist -1 -1 -1 546 176 583 279 -1 -1 -1 -0.86 1.71 13.43 -1 1.000000
145 76 car -1 -1 -1 603 180 674 248 -1 -1 -1 0.45 1.64 17.64 -1 1.000000
145 77 car -1 -1 -1 355 184 404 229 -1 -1 -1 -7.47 1.98 24.77 -1 1.000000
145 78 window -1 -1 -1 114 97 178 207 -1 -1 -1 -10.27 2.14 16.50 -1 1.000000
145 79 car -1 -1 -1 332 187 386 245 -1 -1 -1 -6.39 1.95 19.02 -1 1.000000
146 67 car -1 -1 -1 796 178 1241 374 -1 -1 -1 2.28 1.59 4.03 -1 1.000000
146 71 car -1 -1 -1 206 176 347 284 -1 -1 -1 -5.60 1.90 13.16 -1 1.000000
146 73 car -1 -1 -1 656 171 805 283 -1 -1 -1 1.83 1.59 11.03 -1 1.000000
146 74 cyclist -1 -1 -1 550 178 587 279 -1 -1 -1 -0.76 1.69 13.40 -1 1.000000
146 76 car -1 -1 -1 616 179 687 250 -1 -1 -1 0.67 1.63 16.87 -1 1.000000
146 77 car -1 -1 -1 357 181 408 221 -1 -1 -1 -7.13 1.93 24.48 -1 1.000000
146 78 window -1 -1 -1 105 92 176 207 -1 -1 -1 -10.05 2.08 15.84 -1 1.000000
146 79 car -1 -1 -1 336 190 395 251 -1 -1 -1 -6.09 1.91 18.31 -1 1.000000
146 80 person -1 -1 -1 882 147 941 211 -1 -1 -1 5.15 1.44 12.36 -1 1.000000
147 67 car -1 -1 -1 821 156 1241 374 -1 -1 -1 2.25 1.57 3.54 -1 1.000000
147 71 car -1 -1 -1 197 172 347 289 -1 -1 -1 -5.42 1.86 12.51 -1 1.000000
147 73 car -1 -1 -1 672 170 830 287 -1 -1 -1 2.00 1.56 10.28 -1 1.000000
147 74 cyclist -1 -1 -1 556 176 598 273 -1 -1 -1 -0.65 1.66 13.38 -1 1.000000
147 76 car -1 -1 -1 626 176 700 254 -1 -1 -1 0.90 1.59 16.10 -1 1.000000
147 77 car -1 -1 -1 362 179 414 228 -1 -1 -1 -6.80 1.89 23.56 -1 1.000000
147 79 car -1 -1 -1 336 188 393 246 -1 -1 -1 -5.84 1.86 17.70 -1 1.000000
147 80 person -1 -1 -1 920 145 971 234 -1 -1 -1 5.29 1.42 11.45 -1 1.000000
148 67 car -1 -1 -1 857 194 1241 374 -1 -1 -1 2.23 1.56 3.15 -1 1.000000
148 71 car -1 -1 -1 175 172 344 291 -1 -1 -1 -5.27 1.82 11.88 -1 1.000000
148 73 car -1 -1 -1 682 167 862 299 -1 -1 -1 2.10 1.51 9.60 -1 1.000000
148 74 cyclist -1 -1 -1 560 172 596 272 -1 -1 -1 -0.55 1.59 13.35 -1 1.000000
148 76 car -1 -1 -1 638 175 716 257 -1 -1 -1 1.10 1.51 15.40 -1 1.000000
148 77 car -1 -1 -1 363 178 418 223 -1 -1 -1 -6.62 1.79 23.40 -1 1.000000
148 79 car -1 -1 -1 335 186 407 248 -1 -1 -1 -5.62 1.79 17.19 -1 1.000000
148 80 person -1 -1 -1 955 134 1004 224 -1 -1 -1 5.44 1.34 10.60 -1 1.000000
149 71 car -1 -1 -1 150 170 422 319 -1 -1 -1 -5.18 1.80 11.58 -1 1.000000
149 73 car -1 -1 -1 700 163 889 301 -1 -1 -1 2.28 1.49 8.85 -1 1.000000
149 74 cyclist -1 -1 -1 565 174 601 273 -1 -1 -1 -0.45 1.56 13.32 -1 1.000000
149 76 car -1 -1 -1 649 176 731 252 -1 -1 -1 1.28 1.46 14.77 -1 1.000000
149 77 car -1 -1 -1 367 177 423 232 -1 -1 -1 -6.23 1.71 22.40 -1 1.000000
149 80 person -1 -1 -1 991 133 1048 279 -1 -1 -1 5.55 1.33 9.72 -1 1.000000
149 81 car -1 -1 -1 907 214 1242 375 -1 -1 -1 2.28 1.57 2.47 -1 1.000000
149 82 car -1 -1 -1 615 173 681 228 -1 -1 -1 0.76 1.38 21.23 -1 1.000000
150 71 car -1 -1 -1 127 177 346 322 -1 -1 -1 -5.02 1.85 10.43 -1 1.000000
150 73 car -1 -1 -1 713 147 921 310 -1 -1 -1 2.40 1.52 8.17 -1 1.000000
150 74 cyclist -1 -1 -1 570 171 609 275 -1 -1 -1 -0.35 1.61 13.25 -1 1.000000
150 76 car -1 -1 -1 659 177 752 247 -1 -1 -1 1.45 1.53 14.08 -1 1.000000
150 77 car -1 -1 -1 368 180 425 234 -1 -1 -1 -5.94 1.82 21.60 -1 1.000000
150 79 car -1 -1 -1 327 189 404 256 -1 -1 -1 -5.26 1.82 15.97 -1 1.000000
150 80 person -1 -1 -1 1036 137 1098 292 -1 -1 -1 5.65 1.37 8.88 -1 1.000000
150 81 car -1 -1 -1 965 250 1242 375 -1 -1 -1 2.31 1.57 1.78 -1 1.000000
150 82 car -1 -1 -1 624 175 690 222 -1 -1 -1 0.98 1.50 20.72 -1 1.000000
151 71 car -1 -1 -1 102 171 340 318 -1 -1 -1 -4.91 1.87 9.81 -1 1.000000
151 73 car -1 -1 -1 728 174 962 336 -1 -1 -1 2.48 1.55 7.34 -1 1.000000
151 74 cyclist -1 -1 -1 574 176 610 287 -1 -1 -1 -0.27 1.68 13.21 -1 1.000000
151 76 car -1 -1 -1 669 182 749 269 -1 -1 -1 1.60 1.60 13.47 -1 1.000000
151 77 car -1 -1 -1 367 183 427 234 -1 -1 -1 -5.73 1.94 20.78 -1 1.000000
151 79 car -1 -1 -1 322 191 408 257 -1 -1 -1 -5.10 1.89 15.49 -1 1.000000
151 80 person -1 -1 -1 1088 153 1154 306 -1 -1 -1 5.75 1.41 8.04 -1 1.000000
151 82 car -1 -1 -1 634 178 700 244 -1 -1 -1 1.22 1.66 19.53 -1 1.000000
151 83 truck -1 -1 -1 396 150 519 211 -1 -1 -1 -8.31 2.12 42.51 -1 1.000000
152 71 car -1 -1 -1 53 178 319 352 -1 -1 -1 -4.79 1.89 8.83 -1 1.000000
152 73 car -1 -1 -1 732 175 1006 360 -1 -1 -1 2.43 1.57 6.63 -1 1.000000
152 74 cyclist -1 -1 -1 589 184 614 255 -1 -1 -1 -0.12 1.72 13.09 -1 1.000000
152 76 car -1 -1 -1 676 184 783 271 -1 -1 -1 1.72 1.64 12.53 -1 1.000000
152 77 car -1 -1 -1 368 186 429 244 -1 -1 -1 -5.51 2.00 20.15 -1 1.000000
152 79 car -1 -1 -1 312 195 394 272 -1 -1 -1 -4.95 1.94 14.68 -1 1.000000
152 80 person -1 -1 -1 1148 155 1218 315 -1 -1 -1 5.84 1.43 7.23 -1 1.000000
152 82 car -1 -1 -1 638 180 710 248 -1 -1 -1 1.37 1.70 18.96 -1 1.000000
152 83 truck -1 -1 -1 397 152 523 213 -1 -1 -1 -7.88 2.26 41.64 -1 1.000000
153 71 car -1 -1 -1 1 181 308 374 -1 -1 -1 -4.69 1.92 8.32 -1 1.000000
153 73 car -1 -1 -1 759 174 1064 374 -1 -1 -1 2.51 1.56 5.91 -1 1.000000
153 74 cyclist -1 -1 -1 588 182 619 243 -1 -1 -1 -0.04 1.72 13.08 -1 1.000000
153 76 car -1 -1 -1 682 181 808 280 -1 -1 -1 1.83 1.63 11.79 -1 1.000000
153 77 car -1 -1 -1 364 187 429 246 -1 -1 -1 -5.36 2.01 19.46 -1 1.000000
153 79 car -1 -1 -1 299 198 387 269 -1 -1 -1 -4.85 1.96 13.89 -1 1.000000
153 80 person -1 -1 -1 1210 154 1242 332 -1 -1 -1 5.94 1.43 6.46 -1 1.000000
153 82 car -1 -1 -1 647 182 720 253 -1 -1 -1 1.52 1.69 17.97 -1 1.000000
153 83 truck -1 -1 -1 400 153 527 214 -1 -1 -1 -7.67 2.24 41.41 -1 1.000000
