2 0 car -1 -1 -1 863 191 1242 373 -1 -1 -1 2.74 1.66 4.39 -1 1.000000
3 0 car -1 -1 -1 850 188 1241 373 -1 -1 -1 2.73 1.75 4.50 -1 1.000000
4 0 car -1 -1 -1 840 194 1241 374 -1 -1 -1 2.73 1.69 4.61 -1 1.000000
5 0 car -1 -1 -1 834 192 1241 374 -1 -1 -1 2.75 1.64 4.71 -1 1.000000
6 0 car -1 -1 -1 822 175 1241 374 -1 -1 -1 2.77 1.68 4.87 -1 1.000000
7 0 car -1 -1 -1 814 172 1239 374 -1 -1 -1 2.82 1.69 5.05 -1 1.000000
8 0 car -1 -1 -1 803 177 1201 373 -1 -1 -1 2.86 1.69 5.27 -1 1.000000
8 1 license plate -1 -1 -1 1060 294 1141 313 -1 -1 -1 3.38 1.71 5.01 -1 1.000000
9 0 car -1 -1 -1 796 190 1162 373 -1 -1 -1 2.84 1.73 5.62 -1 1.000000
9 1 license plate -1 -1 -1 1029 283 1107 305 -1 -1 -1 3.35 1.75 5.33 -1 1.000000
10 0 car -1 -1 -1 791 192 1129 366 -1 -1 -1 2.86 1.69 5.96 -1 1.000000
10 1 license plate -1 -1 -1 1005 265 1082 295 -1 -1 -1 3.33 1.71 5.65 -1 1.000000
11 0 car -1 -1 -1 770 191 1099 357 -1 -1 -1 2.87 1.68 6.28 -1 1.000000
11 1 license plate -1 -1 -1 982 271 1053 289 -1 -1 -1 3.32 1.70 5.97 -1 1.000000
12 0 car -1 -1 -1 774 193 1074 348 -1 -1 -1 2.88 1.66 6.58 -1 1.000000
12 1 license plate -1 -1 -1 962 267 1030 285 -1 -1 -1 3.30 1.68 6.27 -1 1.000000
13 0 car -1 -1 -1 772 190 1053 347 -1 -1 -1 2.90 1.72 6.87 -1 1.000000
14 0 car -1 -1 -1 769 189 1035 338 -1 -1 -1 2.97 1.62 7.19 -1 1.000000
15 0 car -1 -1 -1 794 191 1016 331 -1 -1 -1 3.04 1.63 7.44 -1 1.000000
16 0 car -1 -1 -1 793 190 1000 321 -1 -1 -1 3.07 1.59 7.78 -1 1.000000
17 0 car -1 -1 -1 756 187 983 312 -1 -1 -1 3.05 1.65 8.17 -1 1.000000
18 0 car -1 -1 -1 752 187 967 310 -1 -1 -1 3.04 1.62 8.51 -1 1.000000
19 0 car -1 -1 -1 748 160 954 303 -1 -1 -1 3.03 1.64 8.92 -1 1.000000
20 0 car -1 -1 -1 745 184 939 298 -1 -1 -1 3.05 1.67 9.32 -1 1.000000
21 0 car -1 -1 -1 741 184 927 295 -1 -1 -1 3.07 1.67 9.68 -1 1.000000
22 0 car -1 -1 -1 738 182 916 292 -1 -1 -1 3.07 1.68 10.06 -1 1.000000
23 0 car -1 -1 -1 735 187 903 285 -1 -1 -1 3.05 1.67 10.42 -1 1.000000
24 0 car -1 -1 -1 725 184 892 281 -1 -1 -1 3.01 1.69 10.74 -1 1.000000
24 2 car -1 -1 -1 1120 277 1242 375 -1 -1 -1 3.15 1.66 4.24 -1 1.000000
25 0 car -1 -1 -1 724 184 880 276 -1 -1 -1 2.98 1.70 11.10 -1 1.000000
25 2 car -1 -1 -1 1087 250 1241 374 -1 -1 -1 3.07 1.63 3.84 -1 1.000000
26 0 car -1 -1 -1 719 186 869 274 -1 -1 -1 2.97 1.69 11.60 -1 1.000000
26 2 car -1 -1 -1 1051 222 1241 374 -1 -1 -1 3.05 1.66 3.80 -1 1.000000
27 0 car -1 -1 -1 715 184 862 271 -1 -1 -1 2.95 1.68 12.05 -1 1.000000
27 2 car -1 -1 -1 1041 201 1241 374 -1 -1 -1 3.04 1.65 4.15 -1 1.000000
28 0 car -1 -1 -1 710 186 848 268 -1 -1 -1 2.92 1.74 12.48 -1 1.000000
28 3 car -1 -1 -1 993 187 1241 374 -1 -1 -1 3.03 1.68 4.50 -1 1.000000
29 0 car -1 -1 -1 704 187 839 265 -1 -1 -1 2.88 1.77 12.80 -1 1.000000
29 3 car -1 -1 -1 972 181 1241 374 -1 -1 -1 3.04 1.65 4.63 -1 1.000000
30 0 car -1 -1 -1 700 186 829 262 -1 -1 -1 2.85 1.75 13.18 -1 1.000000
30 3 car -1 -1 -1 954 179 1241 374 -1 -1 -1 3.05 1.69 4.79 -1 1.000000
31 0 car -1 -1 -1 693 185 818 261 -1 -1 -1 2.75 1.74 13.63 -1 1.000000
31 4 car -1 -1 -1 935 178 1242 375 -1 -1 -1 3.02 1.66 5.10 -1 1.000000
32 0 car -1 -1 -1 700 186 807 259 -1 -1 -1 2.72 1.75 14.00 -1 1.000000
32 4 car -1 -1 -1 922 178 1241 374 -1 -1 -1 2.98 1.68 4.84 -1 1.000000
33 0 car -1 -1 -1 683 186 796 255 -1 -1 -1 2.61 1.75 14.48 -1 1.000000
33 4 car -1 -1 -1 940 179 1241 374 -1 -1 -1 2.97 1.66 4.85 -1 1.000000
34 0 car -1 -1 -1 673 184 785 253 -1 -1 -1 2.52 1.72 14.97 -1 1.000000
34 4 car -1 -1 -1 882 174 1241 374 -1 -1 -1 2.90 1.68 4.67 -1 1.000000
35 0 car -1 -1 -1 670 177 774 249 -1 -1 -1 2.39 1.77 15.39 -1 1.000000
35 4 car -1 -1 -1 858 169 1241 374 -1 -1 -1 2.84 1.66 4.71 -1 1.000000
36 0 car -1 -1 -1 662 177 763 246 -1 -1 -1 2.24 1.72 15.81 -1 1.000000
36 4 car -1 -1 -1 837 157 1241 374 -1 -1 -1 2.76 1.69 4.89 -1 1.000000
37 0 car -1 -1 -1 656 178 753 245 -1 -1 -1 2.11 1.77 16.25 -1 1.000000
37 4 car -1 -1 -1 819 161 1241 374 -1 -1 -1 2.71 1.69 5.00 -1 1.000000
37 5 unknown -1 -1 -1 1023 193 1080 261 -1 -1 -1 2.78 1.69 4.60 -1 1.000000
38 0 car -1 -1 -1 650 181 742 243 -1 -1 -1 1.98 1.72 16.74 -1 1.000000
38 4 car -1 -1 -1 802 160 1225 374 -1 -1 -1 2.70 1.70 5.18 -1 1.000000
38 5 unknown -1 -1 -1 984 191 1034 254 -1 -1 -1 2.67 1.70 4.92 -1 1.000000
38 6 wheel -1 -1 -1 925 300 982 374 -1 -1 -1 2.50 1.69 5.33 -1 1.000000
39 0 car -1 -1 -1 642 182 732 243 -1 -1 -1 1.81 1.74 17.09 -1 1.000000
39 4 car -1 -1 -1 786 162 1159 374 -1 -1 -1 2.67 1.70 5.39 -1 1.000000
39 5 unknown -1 -1 -1 944 192 984 251 -1 -1 -1 2.55 1.70 5.26 -1 1.000000
39 6 wheel -1 -1 -1 895 305 945 374 -1 -1 -1 2.39 1.70 5.64 -1 1.000000
40 0 car -1 -1 -1 634 182 722 241 -1 -1 -1 1.64 1.77 17.53 -1 1.000000
40 4 car -1 -1 -1 772 156 1125 374 -1 -1 -1 2.65 1.69 5.73 -1 1.000000
40 5 unknown -1 -1 -1 910 195 947 252 -1 -1 -1 2.44 1.68 5.61 -1 1.000000
40 6 wheel -1 -1 -1 866 297 902 372 -1 -1 -1 2.26 1.68 6.00 -1 1.000000
41 0 car -1 -1 -1 629 178 711 239 -1 -1 -1 1.48 1.78 17.99 -1 1.000000
41 4 car -1 -1 -1 753 155 1067 367 -1 -1 -1 2.56 1.74 6.07 -1 1.000000
41 5 unknown -1 -1 -1 878 193 914 255 -1 -1 -1 2.31 1.73 5.95 -1 1.000000
41 6 wheel -1 -1 -1 837 288 882 363 -1 -1 -1 2.13 1.72 6.29 -1 1.000000
42 0 car -1 -1 -1 630 183 703 240 -1 -1 -1 1.37 1.79 18.40 -1 1.000000
42 4 car -1 -1 -1 735 172 1025 359 -1 -1 -1 2.44 1.72 6.37 -1 1.000000
42 6 wheel -1 -1 -1 812 280 851 360 -1 -1 -1 2.01 1.71 6.63 -1 1.000000
43 0 car -1 -1 -1 611 183 693 238 -1 -1 -1 1.23 1.72 18.81 -1 1.000000
43 4 car -1 -1 -1 723 163 990 349 -1 -1 -1 2.36 1.62 6.73 -1 1.000000
44 0 car -1 -1 -1 608 181 684 236 -1 -1 -1 0.99 1.82 19.14 -1 1.000000
44 4 car -1 -1 -1 715 162 958 343 -1 -1 -1 2.23 1.72 7.08 -1 1.000000
45 0 car -1 -1 -1 601 181 677 235 -1 -1 -1 0.84 1.84 19.45 -1 1.000000
45 4 car -1 -1 -1 697 164 927 336 -1 -1 -1 2.12 1.71 7.50 -1 1.000000
46 0 car -1 -1 -1 597 182 669 235 -1 -1 -1 0.71 1.74 19.91 -1 1.000000
46 4 car -1 -1 -1 686 166 900 329 -1 -1 -1 2.01 1.64 7.85 -1 1.000000
47 0 car -1 -1 -1 588 183 661 234 -1 -1 -1 0.48 1.76 20.30 -1 1.000000
47 4 car -1 -1 -1 669 163 877 324 -1 -1 -1 1.93 1.64 8.20 -1 1.000000
48 0 car -1 -1 -1 585 186 654 235 -1 -1 -1 0.29 1.79 20.64 -1 1.000000
48 4 car -1 -1 -1 695 179 850 322 -1 -1 -1 1.89 1.68 8.50 -1 1.000000
49 0 car -1 -1 -1 580 183 648 232 -1 -1 -1 0.13 1.78 21.19 -1 1.000000
49 4 car -1 -1 -1 676 178 830 312 -1 -1 -1 1.83 1.67 8.85 -1 1.000000
50 0 car -1 -1 -1 577 181 642 228 -1 -1 -1 -0.03 1.72 21.64 -1 1.000000
50 4 car -1 -1 -1 679 167 811 315 -1 -1 -1 1.81 1.64 9.28 -1 1.000000
51 0 car -1 -1 -1 572 179 643 225 -1 -1 -1 -0.22 1.66 21.91 -1 1.000000
51 4 car -1 -1 -1 651 167 794 297 -1 -1 -1 1.68 1.61 9.67 -1 1.000000
52 0 car -1 -1 -1 569 178 635 223 -1 -1 -1 -0.36 1.63 22.26 -1 1.000000
52 4 car -1 -1 -1 628 159 778 302 -1 -1 -1 1.49 1.59 10.04 -1 1.000000
53 0 car -1 -1 -1 566 177 629 222 -1 -1 -1 -0.51 1.54 22.56 -1 1.000000
53 4 car -1 -1 -1 622 160 763 295 -1 -1 -1 1.36 1.57 10.39 -1 1.000000
54 0 car -1 -1 -1 562 179 621 223 -1 -1 -1 -0.72 1.68 22.81 -1 1.000000
54 4 car -1 -1 -1 614 169 751 283 -1 -1 -1 1.19 1.61 10.78 -1 1.000000
55 0 car -1 -1 -1 559 178 617 224 -1 -1 -1 -0.87 1.74 23.15 -1 1.000000
55 4 car -1 -1 -1 609 163 743 280 -1 -1 -1 1.09 1.64 11.16 -1 1.000000
56 0 car -1 -1 -1 556 177 611 225 -1 -1 -1 -1.05 1.78 23.28 -1 1.000000
56 4 car -1 -1 -1 619 177 727 287 -1 -1 -1 1.01 1.66 11.52 -1 1.000000
57 0 car -1 -1 -1 554 172 607 224 -1 -1 -1 -1.16 1.80 23.67 -1 1.000000
57 4 car -1 -1 -1 599 177 717 287 -1 -1 -1 0.89 1.68 11.93 -1 1.000000
58 0 car -1 -1 -1 553 170 619 223 -1 -1 -1 -1.20 1.79 24.12 -1 1.000000
58 4 car -1 -1 -1 593 176 709 273 -1 -1 -1 0.79 1.68 12.30 -1 1.000000
59 0 car -1 -1 -1 550 177 600 222 -1 -1 -1 -1.34 1.67 24.72 -1 1.000000
59 4 car -1 -1 -1 604 175 702 270 -1 -1 -1 0.75 1.65 12.66 -1 1.000000
60 0 car -1 -1 -1 549 184 592 222 -1 -1 -1 -1.34 1.68 24.95 -1 1.000000
60 4 car -1 -1 -1 588 175 695 269 -1 -1 -1 0.65 1.68 13.00 -1 1.000000
61 4 car -1 -1 -1 586 178 689 266 -1 -1 -1 0.58 1.69 13.43 -1 1.000000
62 4 car -1 -1 -1 584 175 682 271 -1 -1 -1 0.42 1.70 13.78 -1 1.000000
62 7 unknown -1 -1 -1 787 211 868 252 -1 -1 -1 4.04 1.63 13.95 -1 1.000000
63 4 car -1 -1 -1 581 174 674 271 -1 -1 -1 0.33 1.71 14.17 -1 1.000000
63 7 unknown -1 -1 -1 806 216 883 258 -1 -1 -1 4.05 1.64 12.79 -1 1.000000
64 4 car -1 -1 -1 578 175 668 271 -1 -1 -1 0.24 1.71 14.54 -1 1.000000
64 7 unknown -1 -1 -1 827 222 891 269 -1 -1 -1 4.03 1.63 11.58 -1 1.000000
65 4 car -1 -1 -1 572 177 663 271 -1 -1 -1 0.12 1.72 15.01 -1 1.000000
65 7 unknown -1 -1 -1 852 225 922 279 -1 -1 -1 4.02 1.62 10.39 -1 1.000000
66 4 car -1 -1 -1 570 170 657 271 -1 -1 -1 0.04 1.79 15.27 -1 1.000000
66 7 unknown -1 -1 -1 884 235 962 293 -1 -1 -1 4.02 1.65 9.18 -1 1.000000
67 4 car -1 -1 -1 565 182 652 269 -1 -1 -1 -0.02 1.79 15.65 -1 1.000000
67 7 unknown -1 -1 -1 919 245 1016 316 -1 -1 -1 3.99 1.64 8.00 -1 1.000000
67 8 car -1 -1 -1 65 187 147 222 -1 -1 -1 -29.30 2.78 42.89 -1 1.000000
68 4 car -1 -1 -1 564 180 644 259 -1 -1 -1 -0.14 1.79 15.98 -1 1.000000
68 7 unknown -1 -1 -1 974 251 1085 334 -1 -1 -1 3.98 1.59 6.83 -1 1.000000
68 9 advertising -1 -1 -1 724 157 792 210 -1 -1 -1 3.12 1.69 15.19 -1 1.000000
69 4 car -1 -1 -1 560 176 642 249 -1 -1 -1 -0.22 1.70 16.32 -1 1.000000
69 7 unknown -1 -1 -1 1036 262 1184 362 -1 -1 -1 3.98 1.51 5.69 -1 1.000000
69 9 advertising -1 -1 -1 725 150 814 210 -1 -1 -1 3.15 1.57 13.84 -1 1.000000
70 4 car -1 -1 -1 552 173 639 245 -1 -1 -1 -0.28 1.66 16.60 -1 1.000000
70 7 unknown -1 -1 -1 1151 283 1241 374 -1 -1 -1 3.89 1.50 4.64 -1 1.000000
70 9 advertising -1 -1 -1 737 143 838 209 -1 -1 -1 3.16 1.54 12.78 -1 1.000000
71 4 car -1 -1 -1 554 172 632 245 -1 -1 -1 -0.36 1.67 16.99 -1 1.000000
71 9 advertising -1 -1 -1 771 134 871 217 -1 -1 -1 3.22 1.56 10.97 -1 1.000000
72 4 car -1 -1 -1 553 174 627 244 -1 -1 -1 -0.45 1.67 17.24 -1 1.000000
73 4 car -1 -1 -1 552 175 624 246 -1 -1 -1 -0.53 1.73 17.50 -1 1.000000
73 10 car -1 -1 -1 95 176 175 225 -1 -1 -1 -26.76 2.44 41.41 -1 1.000000
74 4 car -1 -1 -1 551 176 622 247 -1 -1 -1 -0.60 1.76 17.78 -1 1.000000
74 10 car -1 -1 -1 81 177 164 210 -1 -1 -1 -26.33 2.56 39.81 -1 1.000000
75 4 car -1 -1 -1 550 176 620 247 -1 -1 -1 -0.62 1.74 18.05 -1 1.000000
75 10 car -1 -1 -1 68 175 155 209 -1 -1 -1 -26.43 2.60 38.35 -1 1.000000
76 4 car -1 -1 -1 552 175 619 243 -1 -1 -1 -0.63 1.73 18.36 -1 1.000000
76 10 car -1 -1 -1 54 176 144 209 -1 -1 -1 -26.85 2.45 37.69 -1 1.000000
77 4 car -1 -1 -1 553 176 619 247 -1 -1 -1 -0.65 1.74 18.59 -1 1.000000
77 10 car -1 -1 -1 38 176 133 210 -1 -1 -1 -26.61 2.53 37.13 -1 1.000000
78 4 car -1 -1 -1 552 177 620 247 -1 -1 -1 -0.68 1.76 18.90 -1 1.000000
78 10 car -1 -1 -1 23 176 120 212 -1 -1 -1 -26.78 2.33 36.15 -1 1.000000
78 11 van -1 -1 -1 232 158 299 199 -1 -1 -1 -23.97 2.36 49.64 -1 1.000000
79 4 car -1 -1 -1 550 176 622 238 -1 -1 -1 -0.67 1.73 19.17 -1 1.000000
79 10 car -1 -1 -1 1 175 108 211 -1 -1 -1 -26.64 2.36 35.11 -1 1.000000
79 11 van -1 -1 -1 218 158 287 199 -1 -1 -1 -23.48 2.35 47.49 -1 1.000000
80 4 car -1 -1 -1 541 176 615 236 -1 -1 -1 -0.70 1.72 19.44 -1 1.000000
80 10 car -1 -1 -1 1 173 96 214 -1 -1 -1 -26.06 2.61 34.04 -1 1.000000
80 11 van -1 -1 -1 199 156 274 200 -1 -1 -1 -22.94 2.57 43.85 -1 1.000000
81 4 car -1 -1 -1 543 176 616 235 -1 -1 -1 -0.71 1.71 19.67 -1 1.000000
81 10 car -1 -1 -1 1 173 81 210 -1 -1 -1 -26.02 2.43 33.41 -1 1.000000
81 11 van -1 -1 -1 175 153 259 202 -1 -1 -1 -23.10 2.39 41.99 -1 1.000000
82 4 car -1 -1 -1 551 176 617 238 -1 -1 -1 -0.67 1.75 19.90 -1 1.000000
82 10 car -1 -1 -1 1 172 68 212 -1 -1 -1 -26.08 2.15 33.02 -1 1.000000
82 11 van -1 -1 -1 151 153 244 205 -1 -1 -1 -23.05 2.15 39.34 -1 1.000000
83 4 car -1 -1 -1 552 177 618 238 -1 -1 -1 -0.66 1.74 20.20 -1 1.000000
83 10 car -1 -1 -1 1 168 64 212 -1 -1 -1 -25.81 2.14 32.44 -1 1.000000
83 11 van -1 -1 -1 121 152 224 208 -1 -1 -1 -22.69 2.11 36.57 -1 1.000000
84 4 car -1 -1 -1 552 177 619 236 -1 -1 -1 -0.62 1.78 20.40 -1 1.000000
84 10 car -1 -1 -1 1 175 58 214 -1 -1 -1 -24.99 2.41 30.81 -1 1.000000
84 11 van -1 -1 -1 84 149 202 209 -1 -1 -1 -21.89 2.37 33.40 -1 1.000000
85 4 car -1 -1 -1 553 176 620 233 -1 -1 -1 -0.64 1.71 20.76 -1 1.000000
85 10 car -1 -1 -1 0 172 45 211 -1 -1 -1 -24.85 2.30 29.64 -1 1.000000
85 12 van -1 -1 -1 40 146 121 211 -1 -1 -1 -22.34 2.12 30.02 -1 1.000000
86 4 car -1 -1 -1 553 174 622 231 -1 -1 -1 -0.62 1.68 21.03 -1 1.000000
86 12 van -1 -1 -1 1 143 73 213 -1 -1 -1 -22.17 2.00 27.76 -1 1.000000
87 4 car -1 -1 -1 556 173 620 229 -1 -1 -1 -0.61 1.69 21.22 -1 1.000000
87 13 van -1 -1 -1 1 139 88 214 -1 -1 -1 -21.03 2.20 27.29 -1 1.000000
88 4 car -1 -1 -1 554 173 622 228 -1 -1 -1 -0.64 1.64 21.53 -1 1.000000
89 4 car -1 -1 -1 554 173 624 227 -1 -1 -1 -0.62 1.66 21.72 -1 1.000000
90 4 car -1 -1 -1 556 174 623 226 -1 -1 -1 -0.61 1.67 21.94 -1 1.000000
91 4 car -1 -1 -1 557 174 623 225 -1 -1 -1 -0.61 1.64 22.28 -1 1.000000
92 4 car -1 -1 -1 559 174 620 227 -1 -1 -1 -0.60 1.70 22.64 -1 1.000000
93 4 car -1 -1 -1 560 175 619 227 -1 -1 -1 -0.69 1.52 23.16 -1 1.000000
94 4 car -1 -1 -1 560 175 619 226 -1 -1 -1 -0.58 1.70 23.18 -1 1.000000
95 4 car -1 -1 -1 563 173 619 224 -1 -1 -1 -0.60 1.70 23.48 -1 1.000000
96 4 car -1 -1 -1 563 171 619 222 -1 -1 -1 -0.64 1.63 23.82 -1 1.000000
97 4 car -1 -1 -1 562 169 618 219 -1 -1 -1 -0.64 1.54 24.19 -1 1.000000
98 4 car -1 -1 -1 562 168 619 219 -1 -1 -1 -0.60 1.62 24.56 -1 1.000000
99 4 car -1 -1 -1 562 166 621 222 -1 -1 -1 -0.67 1.60 24.93 -1 1.000000
100 4 car -1 -1 -1 560 173 619 223 -1 -1 -1 -0.58 1.81 25.22 -1 1.000000
101 4 car -1 -1 -1 561 175 621 222 -1 -1 -1 -0.59 1.84 25.44 -1 1.000000
102 4 car -1 -1 -1 560 171 621 222 -1 -1 -1 -0.59 1.88 25.77 -1 1.000000
103 4 car -1 -1 -1 557 178 624 223 -1 -1 -1 -0.59 1.86 26.07 -1 1.000000
104 4 car -1 -1 -1 564 178 627 222 -1 -1 -1 -0.54 1.89 26.12 -1 1.000000
105 4 car -1 -1 -1 567 171 633 219 -1 -1 -1 -0.48 1.85 26.49 -1 1.000000
106 4 car -1 -1 -1 569 169 632 219 -1 -1 -1 -0.49 1.79 26.86 -1 1.000000
107 4 car -1 -1 -1 569 170 631 218 -1 -1 -1 -0.51 1.81 27.14 -1 1.000000
108 4 car -1 -1 -1 568 171 619 217 -1 -1 -1 -0.56 1.81 27.41 -1 1.000000
109 4 car -1 -1 -1 571 166 617 217 -1 -1 -1 -0.60 1.83 27.90 -1 1.000000
109 14 car -1 -1 -1 176 171 241 200 -1 -1 -1 -26.29 2.18 48.04 -1 1.000000
110 4 car -1 -1 -1 570 176 618 217 -1 -1 -1 -0.59 1.82 28.23 -1 1.000000
110 14 car -1 -1 -1 163 172 230 200 -1 -1 -1 -26.17 2.20 46.60 -1 1.000000
111 4 car -1 -1 -1 571 176 618 216 -1 -1 -1 -0.58 1.83 28.55 -1 1.000000
111 14 car -1 -1 -1 149 172 221 201 -1 -1 -1 -26.43 2.13 45.29 -1 1.000000
112 14 car -1 -1 -1 136 174 227 205 -1 -1 -1 -26.21 2.22 43.73 -1 1.000000
113 14 car -1 -1 -1 118 173 208 208 -1 -1 -1 -26.23 2.32 42.40 -1 1.000000
114 14 car -1 -1 -1 103 175 198 209 -1 -1 -1 -26.35 2.31 41.33 -1 1.000000
115 14 car -1 -1 -1 85 174 188 210 -1 -1 -1 -26.05 2.46 39.76 -1 1.000000
116 14 car -1 -1 -1 64 173 159 209 -1 -1 -1 -26.50 2.04 38.92 -1 1.000000
117 14 car -1 -1 -1 41 171 148 208 -1 -1 -1 -26.23 2.19 36.82 -1 1.000000
118 14 car -1 -1 -1 16 172 120 209 -1 -1 -1 -26.11 2.19 35.18 -1 1.000000
119 14 car -1 -1 -1 1 178 100 216 -1 -1 -1 -25.78 2.37 33.73 -1 1.000000
120 14 car -1 -1 -1 1 180 77 219 -1 -1 -1 -25.46 2.41 32.28 -1 1.000000
121 14 car -1 -1 -1 1 175 60 222 -1 -1 -1 -25.54 2.46 31.52 -1 1.000000
121 15 car -1 -1 -1 158 171 224 208 -1 -1 -1 -25.29 2.61 43.99 -1 1.000000
122 14 car -1 -1 -1 0 174 44 220 -1 -1 -1 -25.49 2.36 29.98 -1 1.000000
122 15 car -1 -1 -1 134 172 230 209 -1 -1 -1 -25.61 2.43 43.08 -1 1.000000
123 15 car -1 -1 -1 117 172 200 209 -1 -1 -1 -25.64 2.43 41.58 -1 1.000000
124 15 car -1 -1 -1 97 177 189 209 -1 -1 -1 -25.57 2.38 39.87 -1 1.000000
125 15 car -1 -1 -1 74 174 165 211 -1 -1 -1 -25.37 2.41 38.06 -1 1.000000
126 15 car -1 -1 -1 51 173 148 213 -1 -1 -1 -25.54 2.23 36.28 -1 1.000000
127 15 car -1 -1 -1 44 172 123 214 -1 -1 -1 -25.65 1.22 34.69 -1 1.000000
128 15 car -1 -1 -1 1 179 83 216 -1 -1 -1 -24.46 2.24 31.84 -1 1.000000
129 15 car -1 -1 -1 0 177 47 215 -1 -1 -1 -24.50 2.18 30.41 -1 1.000000
135 16 car -1 -1 -1 585 171 626 208 -1 -1 -1 -0.20 1.74 34.83 -1 1.000000
136 16 car -1 -1 -1 586 171 626 206 -1 -1 -1 -0.15 1.68 34.95 -1 1.000000
137 16 car -1 -1 -1 560 169 626 202 -1 -1 -1 -0.14 1.53 35.38 -1 1.000000
138 16 car -1 -1 -1 562 168 626 201 -1 -1 -1 -0.14 1.52 35.50 -1 1.000000
139 16 car -1 -1 -1 586 173 630 207 -1 -1 -1 -0.10 1.74 35.56 -1 1.000000
140 16 car -1 -1 -1 587 161 625 212 -1 -1 -1 -0.11 2.03 35.47 -1 1.000000
141 16 car -1 -1 -1 587 161 625 213 -1 -1 -1 -0.15 2.07 35.42 -1 1.000000
142 16 car -1 -1 -1 586 164 625 210 -1 -1 -1 -0.18 1.79 35.42 -1 1.000000
143 16 car -1 -1 -1 584 177 625 210 -1 -1 -1 -0.19 1.76 35.43 -1 1.000000
