1 0 tracking error -1 -1 -1 403 150 470 167 -1 -1 -1 -9.17 -0.20 37.09 -1 1.000000
1 1 car -1 -1 -1 752 151 876 198 -1 -1 -1 7.61 0.65 27.43 -1 1.000000
2 0 tracking error -1 -1 -1 321 154 389 170 -1 -1 -1 -11.59 0.07 34.46 -1 1.000000
2 1 car -1 -1 -1 780 152 909 203 -1 -1 -1 8.33 0.79 25.80 -1 1.000000
3 0 tracking error -1 -1 -1 228 159 301 177 -1 -1 -1 -14.01 0.12 31.52 -1 1.000000
3 1 car -1 -1 -1 813 154 950 206 -1 -1 -1 9.33 0.87 24.98 -1 1.000000
4 0 tracking error -1 -1 -1 120 159 205 180 -1 -1 -1 -17.45 0.19 29.25 -1 1.000000
4 1 car -1 -1 -1 848 152 987 208 -1 -1 -1 10.49 1.00 24.69 -1 1.000000
5 0 tracking error -1 -1 -1 1 157 95 196 -1 -1 -1 -20.42 0.24 26.74 -1 1.000000
5 1 car -1 -1 -1 881 155 1024 210 -1 -1 -1 11.68 1.00 24.62 -1 1.000000
6 1 car -1 -1 -1 916 156 1062 210 -1 -1 -1 13.04 1.02 24.82 -1 1.000000
7 1 car -1 -1 -1 946 157 1088 212 -1 -1 -1 14.28 1.09 25.06 -1 1.000000
8 1 car -1 -1 -1 977 157 1113 211 -1 -1 -1 15.65 1.17 25.39 -1 1.000000
9 1 car -1 -1 -1 1001 157 1134 210 -1 -1 -1 16.52 1.30 26.34 -1 1.000000
10 1 car -1 -1 -1 1023 158 1150 209 -1 -1 -1 17.52 1.11 27.05 -1 1.000000
10 2 pole -1 -1 -1 1156 215 1196 281 -1 -1 -1 8.65 1.52 11.11 -1 1.000000
11 1 car -1 -1 -1 1038 158 1160 209 -1 -1 -1 18.56 1.14 27.73 -1 1.000000
11 2 pole -1 -1 -1 1152 221 1208 282 -1 -1 -1 8.07 1.52 10.42 -1 1.000000
12 1 car -1 -1 -1 1048 158 1159 207 -1 -1 -1 19.79 1.04 28.88 -1 1.000000
12 2 pole -1 -1 -1 1150 224 1193 304 -1 -1 -1 7.57 1.52 9.81 -1 1.000000
13 1 car -1 -1 -1 1054 159 1158 205 -1 -1 -1 20.70 1.01 30.12 -1 1.000000
14 1 car -1 -1 -1 1055 162 1137 201 -1 -1 -1 21.41 0.93 31.62 -1 1.000000
15 1 car -1 -1 -1 1052 163 1139 202 -1 -1 -1 22.30 1.01 32.76 -1 1.000000
16 1 car -1 -1 -1 1041 162 1128 200 -1 -1 -1 22.79 0.82 34.27 -1 1.000000
17 1 car -1 -1 -1 1035 163 1114 200 -1 -1 -1 23.32 0.88 35.72 -1 1.000000
18 1 car -1 -1 -1 1020 164 1097 200 -1 -1 -1 23.39 0.89 37.68 -1 1.000000
19 1 car -1 -1 -1 1007 164 1072 198 -1 -1 -1 23.65 0.91 39.57 -1 1.000000
20 1 car -1 -1 -1 989 166 1049 199 -1 -1 -1 23.12 0.93 40.86 -1 1.000000
21 1 car -1 -1 -1 970 168 1041 200 -1 -1 -1 23.03 0.96 42.59 -1 1.000000
22 1 car -1 -1 -1 949 170 1000 201 -1 -1 -1 22.58 1.08 44.41 -1 1.000000
23 1 car -1 -1 -1 928 171 975 201 -1 -1 -1 21.73 1.11 45.90 -1 1.000000
24 1 car -1 -1 -1 904 159 952 198 -1 -1 -1 20.97 1.11 47.10 -1 1.000000
25 1 car -1 -1 -1 882 172 927 198 -1 -1 -1 20.47 1.06 49.17 -1 1.000000
27 3 pole -1 -1 -1 922 206 937 267 -1 -1 -1 5.91 1.55 13.25 -1 1.000000
28 3 pole -1 -1 -1 915 206 928 274 -1 -1 -1 5.44 1.53 12.50 -1 1.000000
29 3 pole -1 -1 -1 909 212 923 282 -1 -1 -1 5.01 1.54 11.64 -1 1.000000
30 3 pole -1 -1 -1 908 218 922 293 -1 -1 -1 4.63 1.59 10.87 -1 1.000000
31 3 pole -1 -1 -1 907 222 925 304 -1 -1 -1 4.30 1.61 10.05 -1 1.000000
32 3 pole -1 -1 -1 912 225 930 315 -1 -1 -1 3.97 1.63 9.15 -1 1.000000
33 3 pole -1 -1 -1 923 231 942 331 -1 -1 -1 3.68 1.64 8.19 -1 1.000000
34 3 pole -1 -1 -1 939 239 961 351 -1 -1 -1 3.43 1.65 7.24 -1 1.000000
35 3 pole -1 -1 -1 963 247 990 375 -1 -1 -1 3.21 1.66 6.28 -1 1.000000
40 4 tracking error -1 -1 -1 417 184 475 226 -1 -1 -1 -7.80 1.31 37.07 -1 1.000000
40 5 pole -1 -1 -1 761 200 774 239 -1 -1 -1 4.34 1.50 19.66 -1 1.000000
41 4 tracking error -1 -1 -1 391 186 447 211 -1 -1 -1 -8.82 1.32 34.52 -1 1.000000
41 5 pole -1 -1 -1 758 204 769 240 -1 -1 -1 3.96 1.53 18.45 -1 1.000000
42 4 tracking error -1 -1 -1 347 187 418 207 -1 -1 -1 -9.73 1.30 31.87 -1 1.000000
42 5 pole -1 -1 -1 757 203 768 242 -1 -1 -1 3.81 1.44 17.41 -1 1.000000
43 4 tracking error -1 -1 -1 313 189 384 207 -1 -1 -1 -10.40 1.35 28.98 -1 1.000000
43 5 pole -1 -1 -1 756 204 770 245 -1 -1 -1 3.52 1.43 16.15 -1 1.000000
44 4 tracking error -1 -1 -1 263 189 347 211 -1 -1 -1 -11.08 1.41 25.89 -1 1.000000
44 5 pole -1 -1 -1 761 206 775 254 -1 -1 -1 3.34 1.44 15.10 -1 1.000000
45 4 tracking error -1 -1 -1 190 190 308 221 -1 -1 -1 -11.58 1.50 22.96 -1 1.000000
45 5 pole -1 -1 -1 763 211 778 260 -1 -1 -1 3.18 1.47 13.95 -1 1.000000
46 4 tracking error -1 -1 -1 126 196 244 224 -1 -1 -1 -11.78 1.57 19.86 -1 1.000000
46 5 pole -1 -1 -1 769 215 786 270 -1 -1 -1 2.99 1.56 12.74 -1 1.000000
46 6 tracking error -1 -1 -1 442 183 488 200 -1 -1 -1 -9.55 1.47 48.02 -1 1.000000
47 4 tracking error -1 -1 -1 29 204 167 239 -1 -1 -1 -11.81 1.65 16.43 -1 1.000000
47 5 pole -1 -1 -1 778 221 797 280 -1 -1 -1 2.90 1.57 11.57 -1 1.000000
47 6 tracking error -1 -1 -1 421 187 470 200 -1 -1 -1 -10.30 1.56 46.41 -1 1.000000
48 4 tracking error -1 -1 -1 0 211 86 246 -1 -1 -1 -11.96 1.70 13.22 -1 1.000000
48 6 tracking error -1 -1 -1 396 188 453 206 -1 -1 -1 -10.83 1.57 41.59 -1 1.000000
49 6 tracking error -1 -1 -1 372 189 423 208 -1 -1 -1 -11.21 1.62 38.81 -1 1.000000
50 6 tracking error -1 -1 -1 345 192 401 210 -1 -1 -1 -11.75 1.65 36.01 -1 1.000000
51 6 tracking error -1 -1 -1 306 195 374 217 -1 -1 -1 -12.12 1.77 32.67 -1 1.000000
52 6 tracking error -1 -1 -1 258 196 346 223 -1 -1 -1 -12.16 1.72 29.00 -1 1.000000
53 6 tracking error -1 -1 -1 208 197 303 226 -1 -1 -1 -12.13 1.65 25.43 -1 1.000000
53 7 car -1 -1 -1 368 186 419 207 -1 -1 -1 -14.65 1.58 48.78 -1 1.000000
54 6 tracking error -1 -1 -1 143 198 272 227 -1 -1 -1 -12.19 1.64 21.95 -1 1.000000
54 7 car -1 -1 -1 342 186 400 207 -1 -1 -1 -15.40 1.53 47.59 -1 1.000000
55 6 tracking error -1 -1 -1 49 197 262 237 -1 -1 -1 -12.57 1.67 19.50 -1 1.000000
55 7 car -1 -1 -1 329 185 383 209 -1 -1 -1 -15.43 1.61 43.05 -1 1.000000
56 7 car -1 -1 -1 301 188 360 214 -1 -1 -1 -15.36 1.68 39.50 -1 1.000000
57 7 car -1 -1 -1 272 189 339 216 -1 -1 -1 -15.34 1.72 35.99 -1 1.000000
58 7 car -1 -1 -1 236 191 308 218 -1 -1 -1 -15.25 1.70 32.70 -1 1.000000
59 7 car -1 -1 -1 197 196 272 219 -1 -1 -1 -15.12 1.74 29.35 -1 1.000000
60 7 car -1 -1 -1 129 196 232 231 -1 -1 -1 -15.10 1.66 25.97 -1 1.000000
61 7 car -1 -1 -1 43 199 178 246 -1 -1 -1 -15.58 1.71 23.01 -1 1.000000
62 7 car -1 -1 -1 1 202 107 249 -1 -1 -1 -15.04 1.69 19.64 -1 1.000000
63 7 car -1 -1 -1 0 220 15 244 -1 -1 -1 -14.93 1.74 15.93 -1 1.000000
66 8 car -1 -1 -1 306 189 394 235 -1 -1 -1 -9.86 1.62 29.34 -1 1.000000
67 8 car -1 -1 -1 256 189 351 252 -1 -1 -1 -10.17 1.63 26.19 -1 1.000000
88 9 road sign -1 -1 -1 800 117 852 188 -1 -1 -1 9.23 1.31 29.16 -1 1.000000
89 9 road sign -1 -1 -1 809 120 865 192 -1 -1 -1 8.94 1.38 27.13 -1 1.000000
90 9 road sign -1 -1 -1 823 116 882 191 -1 -1 -1 8.75 1.43 25.07 -1 1.000000
91 9 road sign -1 -1 -1 839 113 903 191 -1 -1 -1 8.56 1.46 22.90 -1 1.000000
92 9 road sign -1 -1 -1 858 108 928 191 -1 -1 -1 8.41 1.48 20.99 -1 1.000000
93 9 road sign -1 -1 -1 881 100 956 179 -1 -1 -1 8.21 1.48 18.86 -1 1.000000
150 10 tracking error -1 -1 -1 442 170 514 209 -1 -1 -1 -7.11 1.27 40.61 -1 1.000000
151 10 tracking error -1 -1 -1 424 185 493 212 -1 -1 -1 -7.14 1.40 34.04 -1 1.000000
152 10 tracking error -1 -1 -1 396 185 467 221 -1 -1 -1 -7.27 1.46 29.00 -1 1.000000
153 10 tracking error -1 -1 -1 342 186 435 233 -1 -1 -1 -7.28 1.50 23.16 -1 1.000000
154 10 tracking error -1 -1 -1 277 184 396 237 -1 -1 -1 -7.32 1.52 18.20 -1 1.000000
155 10 tracking error -1 -1 -1 146 191 331 256 -1 -1 -1 -7.77 1.60 14.32 -1 1.000000
156 11 tracking error -1 -1 -1 472 180 531 200 -1 -1 -1 -6.21 1.14 44.78 -1 1.000000
157 11 tracking error -1 -1 -1 467 184 516 204 -1 -1 -1 -6.45 1.20 40.53 -1 1.000000
158 11 tracking error -1 -1 -1 447 185 501 211 -1 -1 -1 -6.55 1.27 35.17 -1 1.000000
159 11 tracking error -1 -1 -1 420 187 481 213 -1 -1 -1 -6.74 1.38 30.26 -1 1.000000
159 12 road sign -1 -1 -1 798 123 863 179 -1 -1 -1 10.51 1.33 33.53 -1 1.000000
160 11 tracking error -1 -1 -1 375 167 438 221 -1 -1 -1 -7.24 1.37 25.95 -1 1.000000
160 12 road sign -1 -1 -1 813 120 884 187 -1 -1 -1 10.49 1.32 31.21 -1 1.000000
161 11 tracking error -1 -1 -1 321 191 420 229 -1 -1 -1 -7.05 1.45 20.98 -1 1.000000
161 13 tracking error -1 -1 -1 933 167 1061 189 -1 -1 -1 27.61 1.10 49.19 -1 1.000000
162 11 tracking error -1 -1 -1 236 196 365 246 -1 -1 -1 -6.83 1.50 16.23 -1 1.000000
162 13 tracking error -1 -1 -1 930 168 1057 189 -1 -1 -1 27.21 1.08 48.24 -1 1.000000
163 11 tracking error -1 -1 -1 2 203 293 288 -1 -1 -1 -6.65 1.55 11.39 -1 1.000000
163 13 tracking error -1 -1 -1 969 168 1045 191 -1 -1 -1 25.77 1.16 46.00 -1 1.000000
163 14 road sign -1 -1 -1 358 164 404 207 -1 -1 -1 -15.57 1.18 49.08 -1 1.000000
164 11 tracking error -1 -1 -1 0 219 225 300 -1 -1 -1 -6.53 1.60 6.99 -1 1.000000
164 13 tracking error -1 -1 -1 971 166 1056 193 -1 -1 -1 26.09 1.08 44.64 -1 1.000000
164 14 road sign -1 -1 -1 342 164 390 204 -1 -1 -1 -16.12 1.30 47.33 -1 1.000000
165 13 tracking error -1 -1 -1 975 168 1051 193 -1 -1 -1 24.43 1.12 42.10 -1 1.000000
165 14 road sign -1 -1 -1 323 165 373 205 -1 -1 -1 -15.96 1.36 44.18 -1 1.000000
165 15 car -1 -1 -1 431 185 482 215 -1 -1 -1 -7.52 1.38 34.81 -1 1.000000
166 13 tracking error -1 -1 -1 965 168 1053 195 -1 -1 -1 23.07 1.18 39.95 -1 1.000000
166 14 road sign -1 -1 -1 303 166 356 208 -1 -1 -1 -16.04 1.34 41.52 -1 1.000000
166 15 car -1 -1 -1 395 189 455 222 -1 -1 -1 -7.59 1.41 29.61 -1 1.000000
167 13 tracking error -1 -1 -1 963 170 1051 197 -1 -1 -1 21.39 1.24 38.13 -1 1.000000
167 15 car -1 -1 -1 341 194 419 231 -1 -1 -1 -7.70 1.52 24.19 -1 1.000000
168 13 tracking error -1 -1 -1 966 172 1048 197 -1 -1 -1 20.39 1.35 36.61 -1 1.000000
168 15 car -1 -1 -1 265 200 372 249 -1 -1 -1 -7.56 1.56 18.84 -1 1.000000
168 16 car -1 -1 -1 788 175 848 200 -1 -1 -1 14.62 1.31 49.08 -1 1.000000
169 13 tracking error -1 -1 -1 962 173 1038 198 -1 -1 -1 19.22 1.31 34.76 -1 1.000000
169 15 car -1 -1 -1 138 206 292 273 -1 -1 -1 -7.37 1.56 13.75 -1 1.000000
169 16 car -1 -1 -1 784 175 842 200 -1 -1 -1 13.71 1.24 47.05 -1 1.000000
170 15 car -1 -1 -1 0 221 129 305 -1 -1 -1 -7.31 1.64 8.40 -1 1.000000
170 16 car -1 -1 -1 778 175 837 203 -1 -1 -1 13.21 1.34 46.45 -1 1.000000
170 17 car -1 -1 -1 854 175 1043 202 -1 -1 -1 18.00 1.40 33.90 -1 1.000000
171 16 car -1 -1 -1 774 177 834 203 -1 -1 -1 12.22 1.39 45.43 -1 1.000000
171 17 car -1 -1 -1 888 176 1042 207 -1 -1 -1 17.16 1.46 32.22 -1 1.000000
172 16 car -1 -1 -1 766 178 826 204 -1 -1 -1 11.70 1.44 44.63 -1 1.000000
172 17 car -1 -1 -1 925 176 1041 208 -1 -1 -1 16.23 1.47 30.85 -1 1.000000
173 16 car -1 -1 -1 761 178 822 205 -1 -1 -1 11.23 1.44 42.99 -1 1.000000
173 17 car -1 -1 -1 914 176 1042 212 -1 -1 -1 15.51 1.47 29.85 -1 1.000000
174 16 car -1 -1 -1 757 179 817 207 -1 -1 -1 10.77 1.48 42.26 -1 1.000000
174 17 car -1 -1 -1 912 176 1043 216 -1 -1 -1 14.80 1.51 28.46 -1 1.000000
175 16 car -1 -1 -1 752 178 814 207 -1 -1 -1 10.12 1.46 40.47 -1 1.000000
175 17 car -1 -1 -1 904 177 1042 218 -1 -1 -1 14.05 1.48 26.99 -1 1.000000
176 16 car -1 -1 -1 749 177 811 208 -1 -1 -1 9.70 1.42 39.67 -1 1.000000
176 17 car -1 -1 -1 902 176 1045 222 -1 -1 -1 13.58 1.44 26.14 -1 1.000000
177 16 car -1 -1 -1 746 177 809 209 -1 -1 -1 9.43 1.37 38.70 -1 1.000000
177 17 car -1 -1 -1 899 176 1047 222 -1 -1 -1 13.08 1.40 24.99 -1 1.000000
177 18 tracking error -1 -1 -1 445 190 514 213 -1 -1 -1 -9.88 1.50 49.17 -1 1.000000
178 16 car -1 -1 -1 743 178 807 209 -1 -1 -1 8.71 1.38 36.75 -1 1.000000
178 17 car -1 -1 -1 899 178 1051 225 -1 -1 -1 12.24 1.41 23.61 -1 1.000000
178 18 tracking error -1 -1 -1 422 191 466 213 -1 -1 -1 -10.16 1.54 43.86 -1 1.000000
179 16 car -1 -1 -1 741 178 805 210 -1 -1 -1 8.40 1.36 35.58 -1 1.000000
179 17 car -1 -1 -1 897 178 1056 227 -1 -1 -1 11.68 1.40 22.46 -1 1.000000
179 18 tracking error -1 -1 -1 392 191 442 221 -1 -1 -1 -10.60 1.56 39.75 -1 1.000000
180 16 car -1 -1 -1 739 178 804 211 -1 -1 -1 8.07 1.33 34.52 -1 1.000000
180 17 car -1 -1 -1 888 177 1065 232 -1 -1 -1 11.14 1.37 21.31 -1 1.000000
180 18 tracking error -1 -1 -1 351 196 412 229 -1 -1 -1 -10.76 1.66 34.23 -1 1.000000
181 16 car -1 -1 -1 737 176 804 212 -1 -1 -1 7.63 1.34 32.73 -1 1.000000
181 17 car -1 -1 -1 892 174 1074 235 -1 -1 -1 10.60 1.37 19.87 -1 1.000000
181 18 tracking error -1 -1 -1 292 198 372 238 -1 -1 -1 -10.86 1.70 28.75 -1 1.000000
182 16 car -1 -1 -1 736 177 804 215 -1 -1 -1 7.38 1.39 31.83 -1 1.000000
182 17 car -1 -1 -1 892 180 1084 241 -1 -1 -1 10.01 1.41 18.51 -1 1.000000
182 18 tracking error -1 -1 -1 228 202 319 250 -1 -1 -1 -10.84 1.75 23.73 -1 1.000000
183 16 car -1 -1 -1 735 180 805 219 -1 -1 -1 7.00 1.49 30.37 -1 1.000000
183 17 car -1 -1 -1 891 185 1097 249 -1 -1 -1 9.38 1.48 17.02 -1 1.000000
183 18 tracking error -1 -1 -1 125 205 261 268 -1 -1 -1 -11.40 1.90 19.78 -1 1.000000
184 16 car -1 -1 -1 734 181 806 221 -1 -1 -1 6.73 1.52 29.09 -1 1.000000
184 17 car -1 -1 -1 892 186 1112 255 -1 -1 -1 8.81 1.51 15.63 -1 1.000000
184 18 tracking error -1 -1 -1 0 208 193 293 -1 -1 -1 -11.97 1.98 15.81 -1 1.000000
185 16 car -1 -1 -1 734 181 806 223 -1 -1 -1 6.39 1.54 27.83 -1 1.000000
185 17 car -1 -1 -1 883 181 1131 262 -1 -1 -1 8.33 1.55 14.30 -1 1.000000
186 16 car -1 -1 -1 733 181 807 225 -1 -1 -1 6.02 1.50 26.08 -1 1.000000
186 17 car -1 -1 -1 953 187 1158 269 -1 -1 -1 7.99 1.55 12.58 -1 1.000000
187 16 car -1 -1 -1 732 180 812 227 -1 -1 -1 5.88 1.48 25.07 -1 1.000000
187 17 car -1 -1 -1 897 185 1188 280 -1 -1 -1 7.45 1.56 11.57 -1 1.000000
188 16 car -1 -1 -1 733 180 815 229 -1 -1 -1 5.59 1.52 23.71 -1 1.000000
188 17 car -1 -1 -1 908 187 1239 296 -1 -1 -1 6.97 1.57 10.34 -1 1.000000
189 16 car -1 -1 -1 733 181 819 233 -1 -1 -1 5.36 1.50 22.43 -1 1.000000
189 17 car -1 -1 -1 903 188 1240 311 -1 -1 -1 6.41 1.55 9.16 -1 1.000000
190 16 car -1 -1 -1 736 180 826 237 -1 -1 -1 5.11 1.53 21.25 -1 1.000000
190 17 car -1 -1 -1 937 194 1240 334 -1 -1 -1 5.89 1.56 8.13 -1 1.000000
191 16 car -1 -1 -1 738 181 833 241 -1 -1 -1 4.96 1.51 19.82 -1 1.000000
191 17 car -1 -1 -1 957 196 1240 354 -1 -1 -1 5.44 1.55 7.29 -1 1.000000
192 16 car -1 -1 -1 740 180 841 242 -1 -1 -1 4.75 1.51 18.53 -1 1.000000
192 17 car -1 -1 -1 985 198 1240 357 -1 -1 -1 5.00 1.55 6.71 -1 1.000000
193 16 car -1 -1 -1 745 179 854 248 -1 -1 -1 4.62 1.49 17.26 -1 1.000000
193 17 car -1 -1 -1 1050 216 1240 372 -1 -1 -1 4.63 1.56 5.81 -1 1.000000
194 16 car -1 -1 -1 749 180 866 251 -1 -1 -1 4.44 1.51 15.96 -1 1.000000
194 17 car -1 -1 -1 1133 278 1240 375 -1 -1 -1 4.33 1.56 5.14 -1 1.000000
195 16 car -1 -1 -1 754 178 883 257 -1 -1 -1 4.39 1.51 14.77 -1 1.000000
195 19 unknown -1 -1 -1 1232 335 1241 376 -1 -1 -1 4.09 1.59 3.94 -1 1.000000
196 16 car -1 -1 -1 760 177 901 264 -1 -1 -1 4.25 1.51 13.53 -1 1.000000
197 16 car -1 -1 -1 766 177 923 271 -1 -1 -1 4.09 1.49 12.29 -1 1.000000
198 16 car -1 -1 -1 777 176 955 283 -1 -1 -1 4.01 1.50 11.09 -1 1.000000
199 16 car -1 -1 -1 789 175 990 294 -1 -1 -1 3.91 1.49 9.88 -1 1.000000
199 20 car -1 -1 -1 416 186 467 214 -1 -1 -1 -10.13 1.51 43.98 -1 1.000000
200 20 car -1 -1 -1 394 188 445 216 -1 -1 -1 -10.26 1.49 40.14 -1 1.000000
200 21 car -1 -1 -1 799 172 1234 310 -1 -1 -1 4.02 1.49 8.77 -1 1.000000
201 20 car -1 -1 -1 358 189 420 222 -1 -1 -1 -10.48 1.59 35.62 -1 1.000000
201 21 car -1 -1 -1 819 170 1100 327 -1 -1 -1 3.77 1.52 7.45 -1 1.000000
202 20 car -1 -1 -1 308 192 388 231 -1 -1 -1 -10.88 1.79 30.63 -1 1.000000
202 21 car -1 -1 -1 837 171 1191 357 -1 -1 -1 3.68 1.51 6.29 -1 1.000000
203 20 car -1 -1 -1 238 197 341 242 -1 -1 -1 -10.74 1.78 25.10 -1 1.000000
203 21 car -1 -1 -1 860 177 1240 374 -1 -1 -1 3.44 1.55 5.29 -1 1.000000
203 22 tracking error -1 -1 -1 433 188 489 217 -1 -1 -1 -7.24 1.63 35.60 -1 1.000000
204 20 car -1 -1 -1 165 191 275 255 -1 -1 -1 -10.52 1.69 20.14 -1 1.000000
204 21 car -1 -1 -1 900 174 1240 373 -1 -1 -1 3.31 1.55 4.87 -1 1.000000
204 22 tracking error -1 -1 -1 398 190 464 226 -1 -1 -1 -7.57 1.59 30.59 -1 1.000000
205 20 car -1 -1 -1 24 205 174 288 -1 -1 -1 -10.50 1.76 15.17 -1 1.000000
205 21 car -1 -1 -1 949 177 1240 375 -1 -1 -1 3.20 1.55 4.52 -1 1.000000
205 22 tracking error -1 -1 -1 363 194 431 230 -1 -1 -1 -7.61 1.63 26.06 -1 1.000000
206 20 car -1 -1 -1 0 220 45 278 -1 -1 -1 -10.80 1.89 10.84 -1 1.000000
206 21 car -1 -1 -1 1018 191 1240 375 -1 -1 -1 3.12 1.58 4.06 -1 1.000000
206 22 tracking error -1 -1 -1 293 198 388 247 -1 -1 -1 -7.26 1.62 20.31 -1 1.000000
207 21 car -1 -1 -1 1110 286 1240 374 -1 -1 -1 3.08 1.60 3.78 -1 1.000000
207 22 tracking error -1 -1 -1 183 203 319 272 -1 -1 -1 -7.05 1.62 15.03 -1 1.000000
208 22 tracking error -1 -1 -1 1 211 201 357 -1 -1 -1 -7.03 1.68 10.35 -1 1.000000
209 23 unknown -1 -1 -1 0 217 233 329 -1 -1 -1 -7.26 1.77 5.33 -1 1.000000
222 24 tracking error -1 -1 -1 347 178 420 228 -1 -1 -1 -7.76 1.06 25.12 -1 1.000000
223 24 tracking error -1 -1 -1 286 180 380 235 -1 -1 -1 -8.11 1.23 22.01 -1 1.000000
224 24 tracking error -1 -1 -1 215 188 322 237 -1 -1 -1 -8.30 1.56 18.01 -1 1.000000
227 25 car -1 -1 -1 383 183 427 208 -1 -1 -1 -13.08 1.29 46.92 -1 1.000000
228 25 car -1 -1 -1 357 180 404 207 -1 -1 -1 -13.43 1.46 42.78 -1 1.000000
229 25 car -1 -1 -1 325 184 380 213 -1 -1 -1 -13.51 1.48 38.23 -1 1.000000
230 25 car -1 -1 -1 282 184 349 218 -1 -1 -1 -13.48 1.65 33.15 -1 1.000000
231 25 car -1 -1 -1 228 186 312 228 -1 -1 -1 -13.35 1.72 28.87 -1 1.000000
232 25 car -1 -1 -1 154 189 259 237 -1 -1 -1 -13.05 1.68 24.28 -1 1.000000
233 25 car -1 -1 -1 19 187 184 255 -1 -1 -1 -12.95 1.53 19.21 -1 1.000000
234 25 car -1 -1 -1 1 196 66 270 -1 -1 -1 -12.56 1.54 15.44 -1 1.000000
235 26 car -1 -1 -1 340 181 389 218 -1 -1 -1 -13.81 1.37 40.90 -1 1.000000
236 26 car -1 -1 -1 306 184 362 217 -1 -1 -1 -14.16 1.61 36.84 -1 1.000000
237 26 car -1 -1 -1 261 186 329 224 -1 -1 -1 -14.14 1.63 32.43 -1 1.000000
238 26 car -1 -1 -1 200 181 284 230 -1 -1 -1 -14.07 1.70 27.92 -1 1.000000
239 26 car -1 -1 -1 116 185 225 237 -1 -1 -1 -13.99 1.60 23.50 -1 1.000000
240 26 car -1 -1 -1 1 186 139 255 -1 -1 -1 -13.94 1.65 19.24 -1 1.000000
241 26 car -1 -1 -1 0 200 44 255 -1 -1 -1 -14.34 1.76 15.64 -1 1.000000
280 27 car -1 -1 -1 231 173 306 204 -1 -1 -1 -14.64 1.35 31.49 -1 1.000000
281 27 car -1 -1 -1 158 173 257 213 -1 -1 -1 -14.20 1.40 26.26 -1 1.000000
282 27 car -1 -1 -1 49 171 187 219 -1 -1 -1 -14.91 1.47 22.62 -1 1.000000
283 27 car -1 -1 -1 1 173 87 219 -1 -1 -1 -14.83 1.55 18.95 -1 1.000000
349 28 unknown -1 -1 -1 173 175 238 214 -1 -1 -1 -15.49 1.34 27.97 -1 1.000000
350 28 unknown -1 -1 -1 69 171 178 218 -1 -1 -1 -16.20 1.36 24.48 -1 1.000000
351 28 unknown -1 -1 -1 1 173 88 224 -1 -1 -1 -15.82 1.40 20.21 -1 1.000000
367 29 car -1 -1 -1 370 167 412 192 -1 -1 -1 -14.23 0.92 47.94 -1 1.000000
368 29 car -1 -1 -1 344 169 391 194 -1 -1 -1 -14.65 1.10 43.80 -1 1.000000
369 29 car -1 -1 -1 309 168 365 196 -1 -1 -1 -14.66 1.18 38.84 -1 1.000000
370 29 car -1 -1 -1 262 168 330 199 -1 -1 -1 -14.42 1.23 34.07 -1 1.000000
371 29 car -1 -1 -1 199 167 288 205 -1 -1 -1 -15.03 1.45 29.83 -1 1.000000
372 29 car -1 -1 -1 104 163 223 212 -1 -1 -1 -15.15 1.43 25.23 -1 1.000000
373 30 unknown -1 -1 -1 39 164 128 216 -1 -1 -1 -15.40 1.51 19.98 -1 1.000000
430 31 tracking error -1 -1 -1 346 176 426 200 -1 -1 -1 -15.20 1.42 46.65 -1 1.000000
431 31 tracking error -1 -1 -1 313 177 368 203 -1 -1 -1 -15.21 1.43 41.68 -1 1.000000
432 31 tracking error -1 -1 -1 267 177 331 204 -1 -1 -1 -15.00 1.50 35.65 -1 1.000000
433 31 tracking error -1 -1 -1 205 175 288 208 -1 -1 -1 -15.04 1.53 30.31 -1 1.000000
434 31 tracking error -1 -1 -1 111 177 224 214 -1 -1 -1 -15.31 1.58 25.65 -1 1.000000
435 31 tracking error -1 -1 -1 1 172 130 250 -1 -1 -1 -15.06 1.56 19.57 -1 1.000000
451 32 car -1 -1 -1 0 189 278 376 -1 -1 -1 -3.70 1.59 6.17 -1 1.000000
452 32 car -1 -1 -1 1 189 285 375 -1 -1 -1 -3.73 1.56 6.30 -1 1.000000
453 32 car -1 -1 -1 1 188 293 375 -1 -1 -1 -3.72 1.54 6.12 -1 1.000000
454 32 car -1 -1 -1 1 189 302 375 -1 -1 -1 -3.75 1.56 6.21 -1 1.000000
455 32 car -1 -1 -1 1 191 312 375 -1 -1 -1 -3.77 1.56 6.27 -1 1.000000
456 32 car -1 -1 -1 1 192 322 373 -1 -1 -1 -3.79 1.57 6.44 -1 1.000000
457 32 car -1 -1 -1 1 188 331 369 -1 -1 -1 -3.71 1.57 6.23 -1 1.000000
458 32 car -1 -1 -1 185 196 380 331 -1 -1 -1 -3.59 1.44 7.80 -1 1.000000
462 33 car -1 -1 -1 20 184 376 338 -1 -1 -1 -3.93 1.56 7.27 -1 1.000000
463 33 car -1 -1 -1 58 185 398 333 -1 -1 -1 -3.93 1.54 7.52 -1 1.000000
464 33 car -1 -1 -1 81 184 432 330 -1 -1 -1 -3.94 1.55 7.91 -1 1.000000
465 33 car -1 -1 -1 110 184 502 321 -1 -1 -1 -3.97 1.54 8.29 -1 1.000000
466 33 car -1 -1 -1 128 185 514 319 -1 -1 -1 -4.02 1.55 8.76 -1 1.000000
467 33 car -1 -1 -1 149 185 517 317 -1 -1 -1 -4.10 1.60 9.19 -1 1.000000
468 33 car -1 -1 -1 173 184 523 304 -1 -1 -1 -4.04 1.55 9.47 -1 1.000000
469 33 car -1 -1 -1 208 186 423 303 -1 -1 -1 -3.89 1.55 9.79 -1 1.000000
470 33 car -1 -1 -1 205 187 429 298 -1 -1 -1 -3.87 1.55 10.12 -1 1.000000
471 33 car -1 -1 -1 225 182 508 282 -1 -1 -1 -3.92 1.53 10.37 -1 1.000000
472 33 car -1 -1 -1 240 184 439 278 -1 -1 -1 -3.86 1.51 10.64 -1 1.000000
473 34 car -1 -1 -1 251 182 445 284 -1 -1 -1 -3.86 1.50 10.89 -1 1.000000
474 34 car -1 -1 -1 266 184 451 280 -1 -1 -1 -3.79 1.52 11.24 -1 1.000000
475 34 car -1 -1 -1 280 186 457 275 -1 -1 -1 -3.77 1.54 11.59 -1 1.000000
476 34 car -1 -1 -1 289 185 462 272 -1 -1 -1 -3.72 1.52 11.84 -1 1.000000
477 34 car -1 -1 -1 295 181 463 269 -1 -1 -1 -3.74 1.51 12.32 -1 1.000000
478 35 car -1 -1 -1 310 179 466 267 -1 -1 -1 -3.87 1.47 12.68 -1 1.000000
479 35 car -1 -1 -1 317 186 469 268 -1 -1 -1 -3.81 1.56 13.04 -1 1.000000
480 35 car -1 -1 -1 328 190 474 269 -1 -1 -1 -3.85 1.63 13.38 -1 1.000000
481 35 car -1 -1 -1 336 188 476 266 -1 -1 -1 -3.89 1.62 13.95 -1 1.000000
482 35 car -1 -1 -1 343 185 547 263 -1 -1 -1 -3.87 1.51 14.27 -1 1.000000
483 35 car -1 -1 -1 350 183 481 257 -1 -1 -1 -3.94 1.49 14.62 -1 1.000000
484 35 car -1 -1 -1 358 182 487 255 -1 -1 -1 -3.87 1.49 14.96 -1 1.000000
485 35 car -1 -1 -1 365 185 487 255 -1 -1 -1 -3.92 1.51 15.42 -1 1.000000
486 35 car -1 -1 -1 369 183 491 251 -1 -1 -1 -3.89 1.48 15.80 -1 1.000000
487 35 car -1 -1 -1 378 180 492 247 -1 -1 -1 -3.86 1.47 16.30 -1 1.000000
488 35 car -1 -1 -1 384 179 496 246 -1 -1 -1 -3.91 1.47 16.72 -1 1.000000
489 35 car -1 -1 -1 392 181 500 243 -1 -1 -1 -3.83 1.47 16.93 -1 1.000000
490 35 car -1 -1 -1 396 182 502 245 -1 -1 -1 -3.82 1.50 17.29 -1 1.000000
491 35 car -1 -1 -1 402 182 503 243 -1 -1 -1 -3.85 1.52 17.67 -1 1.000000
492 35 car -1 -1 -1 406 184 500 243 -1 -1 -1 -3.91 1.50 18.06 -1 1.000000
493 36 car -1 -1 -1 413 185 509 243 -1 -1 -1 -3.87 1.50 17.66 -1 1.000000
494 36 car -1 -1 -1 418 185 510 242 -1 -1 -1 -3.74 1.54 18.01 -1 1.000000
495 36 car -1 -1 -1 423 184 512 240 -1 -1 -1 -3.68 1.53 18.41 -1 1.000000
496 36 car -1 -1 -1 428 176 569 236 -1 -1 -1 -3.61 1.55 19.17 -1 1.000000
497 36 car -1 -1 -1 430 185 517 238 -1 -1 -1 -3.62 1.53 19.64 -1 1.000000
498 36 car -1 -1 -1 435 181 521 234 -1 -1 -1 -3.61 1.44 20.30 -1 1.000000
499 36 car -1 -1 -1 439 178 521 229 -1 -1 -1 -3.59 1.37 20.64 -1 1.000000
500 36 car -1 -1 -1 442 177 523 227 -1 -1 -1 -3.62 1.38 21.03 -1 1.000000
501 36 car -1 -1 -1 442 178 526 228 -1 -1 -1 -3.58 1.38 21.28 -1 1.000000
502 36 car -1 -1 -1 450 179 527 228 -1 -1 -1 -3.51 1.43 21.63 -1 1.000000
503 36 car -1 -1 -1 453 179 529 228 -1 -1 -1 -3.58 1.42 22.09 -1 1.000000
504 36 car -1 -1 -1 453 177 531 226 -1 -1 -1 -3.60 1.38 22.67 -1 1.000000
505 36 car -1 -1 -1 459 178 532 225 -1 -1 -1 -3.61 1.43 23.17 -1 1.000000
506 36 car -1 -1 -1 461 179 533 225 -1 -1 -1 -3.58 1.40 23.36 -1 1.000000
507 36 car -1 -1 -1 464 179 535 224 -1 -1 -1 -3.55 1.38 23.59 -1 1.000000
508 36 car -1 -1 -1 468 179 537 222 -1 -1 -1 -3.55 1.36 24.27 -1 1.000000
509 36 car -1 -1 -1 471 179 539 223 -1 -1 -1 -3.47 1.34 24.35 -1 1.000000
510 36 car -1 -1 -1 474 180 541 222 -1 -1 -1 -3.48 1.47 25.00 -1 1.000000
511 36 car -1 -1 -1 478 180 542 221 -1 -1 -1 -3.40 1.46 25.74 -1 1.000000
512 36 car -1 -1 -1 481 179 544 220 -1 -1 -1 -3.40 1.49 26.05 -1 1.000000
513 36 car -1 -1 -1 486 178 548 219 -1 -1 -1 -3.26 1.39 26.08 -1 1.000000
514 36 car -1 -1 -1 489 180 550 220 -1 -1 -1 -3.08 1.34 25.94 -1 1.000000
515 36 car -1 -1 -1 492 180 551 219 -1 -1 -1 -3.13 1.48 26.68 -1 1.000000
516 36 car -1 -1 -1 495 180 554 217 -1 -1 -1 -3.04 1.40 26.76 -1 1.000000
517 36 car -1 -1 -1 500 177 558 216 -1 -1 -1 -2.98 1.42 27.31 -1 1.000000
518 36 car -1 -1 -1 503 175 561 213 -1 -1 -1 -2.94 1.24 28.07 -1 1.000000
519 36 car -1 -1 -1 506 174 560 212 -1 -1 -1 -2.85 1.24 28.51 -1 1.000000
520 36 car -1 -1 -1 508 173 564 212 -1 -1 -1 -2.80 1.23 28.66 -1 1.000000
521 36 car -1 -1 -1 512 176 566 213 -1 -1 -1 -2.73 1.25 29.36 -1 1.000000
522 36 car -1 -1 -1 515 175 577 213 -1 -1 -1 -2.64 1.23 29.53 -1 1.000000
523 36 car -1 -1 -1 518 176 574 212 -1 -1 -1 -2.55 1.21 29.73 -1 1.000000
524 36 car -1 -1 -1 520 177 577 212 -1 -1 -1 -2.58 1.28 30.25 -1 1.000000
525 36 car -1 -1 -1 523 166 586 211 -1 -1 -1 -2.55 1.31 31.13 -1 1.000000
526 36 car -1 -1 -1 525 175 577 210 -1 -1 -1 -2.42 1.18 30.60 -1 1.000000
527 36 car -1 -1 -1 528 173 577 210 -1 -1 -1 -2.40 1.26 31.85 -1 1.000000
528 36 car -1 -1 -1 530 170 585 209 -1 -1 -1 -2.33 1.25 31.93 -1 1.000000
529 36 car -1 -1 -1 532 174 583 208 -1 -1 -1 -2.30 1.25 32.58 -1 1.000000
530 36 car -1 -1 -1 534 159 579 208 -1 -1 -1 -2.24 1.26 33.10 -1 1.000000
531 36 car -1 -1 -1 536 173 581 207 -1 -1 -1 -2.15 1.17 33.28 -1 1.000000
532 36 car -1 -1 -1 538 172 584 207 -1 -1 -1 -2.15 1.28 34.01 -1 1.000000
533 36 car -1 -1 -1 541 157 585 208 -1 -1 -1 -2.14 1.30 34.43 -1 1.000000
534 36 car -1 -1 -1 543 165 587 208 -1 -1 -1 -2.10 1.33 34.80 -1 1.000000
535 36 car -1 -1 -1 544 167 588 208 -1 -1 -1 -1.96 1.23 34.72 -1 1.000000
536 37 tracking error -1 -1 -1 546 164 588 206 -1 -1 -1 -1.95 1.24 36.37 -1 1.000000
537 37 tracking error -1 -1 -1 549 161 589 207 -1 -1 -1 -1.91 1.21 36.54 -1 1.000000
538 37 tracking error -1 -1 -1 549 161 589 208 -1 -1 -1 -1.90 1.29 36.69 -1 1.000000
539 38 tracking error -1 -1 -1 548 163 590 208 -1 -1 -1 -1.88 1.36 38.11 -1 1.000000
539 39 unknown -1 -1 -1 146 210 212 234 -1 -1 -1 -8.38 1.53 14.61 -1 1.000000
540 39 unknown -1 -1 -1 129 212 198 234 -1 -1 -1 -8.41 1.54 14.07 -1 1.000000
621 40 car -1 -1 -1 338 166 387 202 -1 -1 -1 -16.60 1.23 47.94 -1 1.000000
622 40 car -1 -1 -1 312 166 371 200 -1 -1 -1 -16.70 1.37 43.65 -1 1.000000
623 40 car -1 -1 -1 274 166 339 203 -1 -1 -1 -16.67 1.48 39.65 -1 1.000000
624 40 car -1 -1 -1 223 167 303 207 -1 -1 -1 -16.49 1.50 34.17 -1 1.000000
625 40 car -1 -1 -1 155 167 259 212 -1 -1 -1 -16.09 1.51 28.55 -1 1.000000
626 40 car -1 -1 -1 57 159 210 222 -1 -1 -1 -16.19 1.63 24.30 -1 1.000000
627 40 car -1 -1 -1 0 165 141 230 -1 -1 -1 -16.41 1.58 20.03 -1 1.000000
639 41 car -1 -1 -1 342 170 403 200 -1 -1 -1 -14.88 1.26 47.20 -1 1.000000
640 41 car -1 -1 -1 325 172 382 200 -1 -1 -1 -14.51 1.21 41.21 -1 1.000000
641 41 car -1 -1 -1 293 168 350 201 -1 -1 -1 -14.55 1.29 36.97 -1 1.000000
642 41 car -1 -1 -1 240 171 313 205 -1 -1 -1 -14.22 1.31 31.29 -1 1.000000
643 41 car -1 -1 -1 167 171 262 212 -1 -1 -1 -14.08 1.36 25.95 -1 1.000000
644 41 car -1 -1 -1 52 170 187 222 -1 -1 -1 -14.38 1.50 21.95 -1 1.000000
645 41 car -1 -1 -1 1 171 72 235 -1 -1 -1 -14.03 1.52 17.79 -1 1.000000
648 42 car -1 -1 -1 337 164 388 197 -1 -1 -1 -15.76 1.14 46.16 -1 1.000000
649 42 car -1 -1 -1 307 166 366 195 -1 -1 -1 -15.64 1.22 41.50 -1 1.000000
650 42 car -1 -1 -1 264 166 331 197 -1 -1 -1 -15.31 1.25 35.59 -1 1.000000
651 42 car -1 -1 -1 212 165 292 203 -1 -1 -1 -15.11 1.34 31.41 -1 1.000000
652 42 car -1 -1 -1 127 168 238 210 -1 -1 -1 -15.14 1.48 26.41 -1 1.000000
653 42 car -1 -1 -1 21 166 161 227 -1 -1 -1 -14.93 1.52 21.02 -1 1.000000
654 42 car -1 -1 -1 0 163 77 223 -1 -1 -1 -15.04 1.44 16.52 -1 1.000000
663 43 tracking error -1 -1 -1 309 172 369 198 -1 -1 -1 -18.03 1.21 48.69 -1 1.000000
664 43 tracking error -1 -1 -1 293 173 343 200 -1 -1 -1 -17.83 1.23 43.53 -1 1.000000
665 43 tracking error -1 -1 -1 255 174 313 202 -1 -1 -1 -17.69 1.24 39.19 -1 1.000000
666 43 tracking error -1 -1 -1 202 172 273 206 -1 -1 -1 -17.76 1.27 34.77 -1 1.000000
667 43 tracking error -1 -1 -1 130 171 223 211 -1 -1 -1 -17.81 1.42 30.06 -1 1.000000
668 43 tracking error -1 -1 -1 33 172 158 218 -1 -1 -1 -17.57 1.45 25.03 -1 1.000000
669 43 tracking error -1 -1 -1 1 165 88 243 -1 -1 -1 -17.58 1.53 21.68 -1 1.000000
835 44 tracking error -1 -1 -1 244 175 333 204 -1 -1 -1 -20.63 1.54 44.76 -1 1.000000
836 44 tracking error -1 -1 -1 211 172 299 202 -1 -1 -1 -21.41 1.43 42.45 -1 1.000000
837 44 tracking error -1 -1 -1 166 171 242 203 -1 -1 -1 -21.76 1.45 39.21 -1 1.000000
838 44 tracking error -1 -1 -1 117 170 223 210 -1 -1 -1 -22.20 1.44 36.00 -1 1.000000
839 44 tracking error -1 -1 -1 50 164 176 213 -1 -1 -1 -22.15 1.46 31.81 -1 1.000000
840 44 tracking error -1 -1 -1 1 168 92 219 -1 -1 -1 -22.11 1.45 28.32 -1 1.000000
841 44 tracking error -1 -1 -1 0 178 47 208 -1 -1 -1 -22.73 1.45 25.50 -1 1.000000
855 45 tracking error -1 -1 -1 317 170 382 198 -1 -1 -1 -17.85 1.21 48.57 -1 1.000000
856 45 tracking error -1 -1 -1 290 170 351 196 -1 -1 -1 -17.90 1.22 44.59 -1 1.000000
857 45 tracking error -1 -1 -1 257 168 350 197 -1 -1 -1 -18.31 1.14 41.20 -1 1.000000
858 45 tracking error -1 -1 -1 215 168 303 202 -1 -1 -1 -18.78 1.09 37.61 -1 1.000000
859 45 tracking error -1 -1 -1 164 168 255 203 -1 -1 -1 -19.26 1.16 34.49 -1 1.000000
860 45 tracking error -1 -1 -1 92 163 211 208 -1 -1 -1 -19.65 1.20 31.11 -1 1.000000
861 45 tracking error -1 -1 -1 20 171 136 209 -1 -1 -1 -19.99 1.25 27.32 -1 1.000000
862 45 tracking error -1 -1 -1 0 171 79 204 -1 -1 -1 -20.84 1.35 24.51 -1 1.000000
877 46 road sign -1 -1 -1 806 96 856 148 -1 -1 -1 4.32 1.28 13.49 -1 1.000000
882 47 road sign -1 -1 -1 512 176 545 226 -1 -1 -1 -2.10 1.32 19.61 -1 1.000000
883 47 road sign -1 -1 -1 492 178 523 230 -1 -1 -1 -2.38 1.34 18.03 -1 1.000000
884 47 road sign -1 -1 -1 472 179 502 235 -1 -1 -1 -2.65 1.37 16.25 -1 1.000000
885 47 road sign -1 -1 -1 444 190 478 242 -1 -1 -1 -2.92 1.40 14.66 -1 1.000000
886 47 road sign -1 -1 -1 412 188 451 252 -1 -1 -1 -3.17 1.43 12.98 -1 1.000000
887 47 road sign -1 -1 -1 371 200 412 266 -1 -1 -1 -3.38 1.49 11.30 -1 1.000000
897 48 unknown -1 -1 -1 227 218 272 245 -1 -1 -1 -7.25 1.14 14.31 -1 1.000000
898 48 unknown -1 -1 -1 155 224 208 255 -1 -1 -1 -7.69 1.18 12.68 -1 1.000000
899 48 unknown -1 -1 -1 59 235 126 275 -1 -1 -1 -8.04 1.27 11.02 -1 1.000000
913 49 greenery -1 -1 -1 471 98 506 171 -1 -1 -1 -4.25 0.99 26.12 -1 1.000000
914 49 greenery -1 -1 -1 440 92 484 164 -1 -1 -1 -4.99 1.01 24.47 -1 1.000000
917 50 greenery -1 -1 -1 375 179 471 225 -1 -1 -1 -4.41 1.12 17.39 -1 1.000000
1041 51 pole -1 -1 -1 510 177 532 211 -1 -1 -1 -1.65 1.19 13.29 -1 1.000000
1042 51 pole -1 -1 -1 474 181 488 216 -1 -1 -1 -2.11 1.23 11.75 -1 1.000000
1043 51 pole -1 -1 -1 424 184 443 224 -1 -1 -1 -2.48 1.29 10.18 -1 1.000000
1044 51 pole -1 -1 -1 366 189 387 235 -1 -1 -1 -2.81 1.35 8.69 -1 1.000000
1064 52 road sign -1 -1 -1 205 63 226 119 -1 -1 -1 -5.73 1.31 10.51 -1 1.000000
1065 52 road sign -1 -1 -1 103 42 126 107 -1 -1 -1 -6.08 1.35 8.94 -1 1.000000
1104 53 van -1 -1 -1 0 139 67 267 -1 -1 -1 -16.79 1.84 21.33 -1 1.000000
1105 53 van -1 -1 -1 1 133 86 255 -1 -1 -1 -16.60 1.74 20.66 -1 1.000000
1106 53 van -1 -1 -1 1 131 115 251 -1 -1 -1 -17.06 1.72 21.93 -1 1.000000
1107 53 van -1 -1 -1 1 129 130 248 -1 -1 -1 -17.19 1.68 22.84 -1 1.000000
1108 53 van -1 -1 -1 1 128 147 252 -1 -1 -1 -17.19 1.69 23.72 -1 1.000000
1109 53 van -1 -1 -1 15 134 174 235 -1 -1 -1 -17.02 1.72 24.21 -1 1.000000
1110 53 van -1 -1 -1 44 134 187 216 -1 -1 -1 -16.83 1.71 24.39 -1 1.000000
1111 54 van -1 -1 -1 1 134 206 253 -1 -1 -1 -16.54 1.69 23.37 -1 1.000000
1112 54 van -1 -1 -1 1 140 219 229 -1 -1 -1 -16.22 1.72 23.73 -1 1.000000
1113 54 van -1 -1 -1 48 141 226 216 -1 -1 -1 -15.93 1.71 24.23 -1 1.000000
1114 54 van -1 -1 -1 71 143 237 217 -1 -1 -1 -15.86 1.76 24.80 -1 1.000000
1115 54 van -1 -1 -1 88 146 257 218 -1 -1 -1 -15.47 1.77 25.41 -1 1.000000
1116 54 van -1 -1 -1 116 149 271 214 -1 -1 -1 -15.25 1.83 25.94 -1 1.000000
1117 54 van -1 -1 -1 131 147 286 227 -1 -1 -1 -15.07 1.77 26.75 -1 1.000000
1118 54 van -1 -1 -1 146 144 300 209 -1 -1 -1 -14.66 1.72 27.46 -1 1.000000
1119 54 van -1 -1 -1 164 145 304 217 -1 -1 -1 -14.73 1.73 28.07 -1 1.000000
1120 54 van -1 -1 -1 181 145 316 215 -1 -1 -1 -15.04 1.61 30.94 -1 1.000000
1121 54 van -1 -1 -1 197 147 322 206 -1 -1 -1 -14.59 1.72 29.95 -1 1.000000
1122 54 van -1 -1 -1 210 146 333 213 -1 -1 -1 -14.63 1.66 30.62 -1 1.000000
1123 54 van -1 -1 -1 224 149 340 213 -1 -1 -1 -14.57 1.64 31.34 -1 1.000000
1124 53 van -1 -1 -1 236 151 348 215 -1 -1 -1 -14.56 1.73 32.16 -1 1.000000
1125 53 van -1 -1 -1 246 151 355 213 -1 -1 -1 -14.24 1.67 32.61 -1 1.000000
1126 53 van -1 -1 -1 258 150 363 211 -1 -1 -1 -14.10 1.47 33.20 -1 1.000000
1127 53 van -1 -1 -1 268 147 364 208 -1 -1 -1 -14.35 1.33 34.47 -1 1.000000
1128 53 van -1 -1 -1 274 148 374 210 -1 -1 -1 -14.12 1.60 34.86 -1 1.000000
1129 53 van -1 -1 -1 282 153 387 213 -1 -1 -1 -13.99 1.95 35.57 -1 1.000000
1142 55 van -1 -1 -1 367 155 427 205 -1 -1 -1 -13.03 1.23 44.27 -1 1.000000
1143 55 van -1 -1 -1 362 157 429 204 -1 -1 -1 -13.01 1.39 43.97 -1 1.000000
1144 55 van -1 -1 -1 365 159 431 204 -1 -1 -1 -13.01 1.50 44.22 -1 1.000000
1145 55 van -1 -1 -1 370 157 440 202 -1 -1 -1 -12.95 1.38 44.51 -1 1.000000
1145 56 car -1 -1 -1 158 182 245 218 -1 -1 -1 -17.76 1.53 31.76 -1 1.000000
1146 55 van -1 -1 -1 374 156 439 200 -1 -1 -1 -13.75 1.30 47.00 -1 1.000000
1146 56 car -1 -1 -1 173 182 255 216 -1 -1 -1 -17.84 1.49 32.02 -1 1.000000
1147 55 van -1 -1 -1 378 156 443 200 -1 -1 -1 -14.09 1.32 47.95 -1 1.000000
1147 56 car -1 -1 -1 191 182 267 216 -1 -1 -1 -17.65 1.49 32.90 -1 1.000000
1148 55 van -1 -1 -1 378 157 440 201 -1 -1 -1 -14.15 1.56 48.62 -1 1.000000
1148 56 car -1 -1 -1 203 181 276 215 -1 -1 -1 -17.79 1.55 34.17 -1 1.000000
1149 56 car -1 -1 -1 215 182 285 214 -1 -1 -1 -17.70 1.50 35.11 -1 1.000000
1150 56 car -1 -1 -1 226 178 293 212 -1 -1 -1 -17.64 1.45 35.51 -1 1.000000
1151 56 car -1 -1 -1 233 181 297 212 -1 -1 -1 -17.60 1.63 36.32 -1 1.000000
1152 57 car -1 -1 -1 243 177 308 206 -1 -1 -1 -18.09 1.31 38.91 -1 1.000000
1153 57 car -1 -1 -1 253 177 315 205 -1 -1 -1 -17.88 1.26 38.69 -1 1.000000
1154 57 car -1 -1 -1 262 176 319 205 -1 -1 -1 -17.52 1.37 39.32 -1 1.000000
1155 57 car -1 -1 -1 271 181 354 207 -1 -1 -1 -17.20 1.45 39.72 -1 1.000000
1156 57 car -1 -1 -1 275 178 330 205 -1 -1 -1 -18.33 1.45 43.13 -1 1.000000
1157 57 car -1 -1 -1 275 178 337 203 -1 -1 -1 -18.88 1.32 44.82 -1 1.000000
1158 57 car -1 -1 -1 291 177 341 202 -1 -1 -1 -18.43 1.20 45.22 -1 1.000000
1159 57 car -1 -1 -1 298 176 347 201 -1 -1 -1 -18.29 1.25 45.63 -1 1.000000
1160 57 car -1 -1 -1 305 176 358 201 -1 -1 -1 -17.83 1.22 45.72 -1 1.000000
1161 57 car -1 -1 -1 310 179 362 204 -1 -1 -1 -17.67 1.55 46.58 -1 1.000000
