1 0 car -1 -1 -1 307 177 461 286 -1 -1 -1 -3.85 1.84 12.26 -1 1.000000
2 0 car -1 -1 -1 284 179 456 289 -1 -1 -1 -3.86 1.84 11.66 -1 1.000000
3 0 car -1 -1 -1 263 179 451 299 -1 -1 -1 -3.83 1.81 11.01 -1 1.000000
4 0 car -1 -1 -1 240 178 442 306 -1 -1 -1 -3.84 1.78 10.36 -1 1.000000
5 0 car -1 -1 -1 218 180 431 313 -1 -1 -1 -3.82 1.77 9.72 -1 1.000000
6 0 car -1 -1 -1 190 178 424 323 -1 -1 -1 -3.79 1.74 9.03 -1 1.000000
7 0 car -1 -1 -1 158 174 407 334 -1 -1 -1 -3.77 1.73 8.38 -1 1.000000
8 0 car -1 -1 -1 117 174 405 346 -1 -1 -1 -3.77 1.71 7.85 -1 1.000000
8 1 greenery -1 -1 -1 670 149 735 212 -1 -1 -1 3.43 1.48 25.61 -1 1.000000
9 0 car -1 -1 -1 76 171 391 365 -1 -1 -1 -3.74 1.71 7.27 -1 1.000000
9 1 greenery -1 -1 -1 670 150 737 213 -1 -1 -1 3.34 1.46 24.90 -1 1.000000
10 0 car -1 -1 -1 8 150 393 373 -1 -1 -1 -3.70 1.70 6.90 -1 1.000000
10 1 greenery -1 -1 -1 668 153 738 213 -1 -1 -1 3.26 1.45 24.16 -1 1.000000
11 0 car -1 -1 -1 51 172 367 373 -1 -1 -1 -3.57 1.71 6.46 -1 1.000000
11 1 greenery -1 -1 -1 670 147 741 215 -1 -1 -1 3.23 1.44 23.57 -1 1.000000
12 0 car -1 -1 -1 1 174 328 374 -1 -1 -1 -3.50 1.69 6.11 -1 1.000000
12 1 greenery -1 -1 -1 671 147 742 215 -1 -1 -1 3.15 1.40 23.01 -1 1.000000
12 2 greenery -1 -1 -1 886 188 949 241 -1 -1 -1 5.74 1.42 13.98 -1 1.000000
13 0 car -1 -1 -1 1 172 305 374 -1 -1 -1 -3.49 1.68 5.87 -1 1.000000
13 1 greenery -1 -1 -1 671 160 741 216 -1 -1 -1 3.03 1.42 22.46 -1 1.000000
13 2 greenery -1 -1 -1 891 191 955 253 -1 -1 -1 5.66 1.44 13.41 -1 1.000000
14 0 car -1 -1 -1 1 172 279 374 -1 -1 -1 -3.53 1.70 5.93 -1 1.000000
14 1 greenery -1 -1 -1 671 153 739 221 -1 -1 -1 2.88 1.51 21.83 -1 1.000000
14 2 greenery -1 -1 -1 899 196 967 255 -1 -1 -1 5.57 1.50 12.86 -1 1.000000
15 0 car -1 -1 -1 1 168 253 374 -1 -1 -1 -3.54 1.74 5.96 -1 1.000000
15 1 greenery -1 -1 -1 668 156 736 226 -1 -1 -1 2.73 1.60 21.35 -1 1.000000
15 2 greenery -1 -1 -1 905 198 975 270 -1 -1 -1 5.47 1.56 12.25 -1 1.000000
16 0 car -1 -1 -1 1 183 209 374 -1 -1 -1 -3.59 1.79 5.89 -1 1.000000
16 1 greenery -1 -1 -1 666 169 732 229 -1 -1 -1 2.57 1.62 20.85 -1 1.000000
16 2 greenery -1 -1 -1 907 200 977 271 -1 -1 -1 5.35 1.56 11.87 -1 1.000000
16 3 greenery -1 -1 -1 388 154 469 214 -1 -1 -1 -7.38 1.87 29.74 -1 1.000000
17 0 car -1 -1 -1 1 188 166 374 -1 -1 -1 -3.67 1.79 5.45 -1 1.000000
17 1 greenery -1 -1 -1 656 170 725 231 -1 -1 -1 2.33 1.68 20.35 -1 1.000000
17 2 greenery -1 -1 -1 913 199 1013 279 -1 -1 -1 5.24 1.58 11.13 -1 1.000000
17 3 greenery -1 -1 -1 375 155 459 225 -1 -1 -1 -7.72 1.97 29.26 -1 1.000000
17 4 greenery -1 -1 -1 1004 122 1118 218 -1 -1 -1 7.34 1.52 11.67 -1 1.000000
18 0 car -1 -1 -1 1 193 112 374 -1 -1 -1 -3.77 1.80 5.27 -1 1.000000
18 1 greenery -1 -1 -1 646 169 719 230 -1 -1 -1 2.08 1.64 19.90 -1 1.000000
18 2 greenery -1 -1 -1 914 200 1017 283 -1 -1 -1 5.08 1.54 10.61 -1 1.000000
18 3 greenery -1 -1 -1 360 153 447 225 -1 -1 -1 -8.06 1.95 28.81 -1 1.000000
18 4 greenery -1 -1 -1 1015 107 1181 222 -1 -1 -1 7.40 1.46 11.35 -1 1.000000
19 0 car -1 -1 -1 0 201 63 375 -1 -1 -1 -3.85 1.78 4.81 -1 1.000000
19 2 greenery -1 -1 -1 912 197 1015 285 -1 -1 -1 4.93 1.50 10.25 -1 1.000000
19 3 greenery -1 -1 -1 345 151 436 225 -1 -1 -1 -8.46 1.80 28.20 -1 1.000000
19 4 greenery -1 -1 -1 1019 102 1183 218 -1 -1 -1 7.31 1.43 10.99 -1 1.000000
19 5 car -1 -1 -1 606 168 654 224 -1 -1 -1 0.70 1.53 29.68 -1 1.000000
20 2 greenery -1 -1 -1 911 199 1004 286 -1 -1 -1 4.76 1.49 10.01 -1 1.000000
20 3 greenery -1 -1 -1 327 151 408 225 -1 -1 -1 -8.96 1.80 27.49 -1 1.000000
20 4 greenery -1 -1 -1 1020 99 1183 214 -1 -1 -1 7.03 1.42 10.63 -1 1.000000
20 5 car -1 -1 -1 597 168 644 227 -1 -1 -1 0.26 1.53 28.68 -1 1.000000
21 2 greenery -1 -1 -1 909 195 1017 286 -1 -1 -1 4.59 1.48 9.77 -1 1.000000
21 3 greenery -1 -1 -1 305 151 409 217 -1 -1 -1 -9.42 1.73 27.13 -1 1.000000
21 4 greenery -1 -1 -1 1018 96 1172 216 -1 -1 -1 6.76 1.42 10.33 -1 1.000000
21 5 car -1 -1 -1 585 166 634 225 -1 -1 -1 -0.21 1.48 28.11 -1 1.000000
22 3 greenery -1 -1 -1 277 146 395 220 -1 -1 -1 -9.78 1.71 26.57 -1 1.000000
22 4 greenery -1 -1 -1 1019 93 1172 219 -1 -1 -1 6.61 1.39 10.04 -1 1.000000
22 5 car -1 -1 -1 574 165 627 228 -1 -1 -1 -0.58 1.43 27.59 -1 1.000000
23 3 greenery -1 -1 -1 252 146 377 227 -1 -1 -1 -10.23 1.69 25.98 -1 1.000000
23 4 greenery -1 -1 -1 1017 88 1158 216 -1 -1 -1 6.30 1.39 9.63 -1 1.000000
23 5 car -1 -1 -1 556 166 614 229 -1 -1 -1 -1.09 1.45 26.44 -1 1.000000
24 3 greenery -1 -1 -1 240 140 357 219 -1 -1 -1 -10.77 1.74 25.48 -1 1.000000
24 4 greenery -1 -1 -1 1022 86 1151 223 -1 -1 -1 6.12 1.37 9.36 -1 1.000000
24 5 car -1 -1 -1 546 165 599 231 -1 -1 -1 -1.51 1.47 25.69 -1 1.000000
25 3 greenery -1 -1 -1 210 145 344 221 -1 -1 -1 -11.21 1.77 24.91 -1 1.000000
25 4 greenery -1 -1 -1 1020 83 1184 225 -1 -1 -1 5.99 1.36 9.20 -1 1.000000
25 5 car -1 -1 -1 534 165 584 233 -1 -1 -1 -1.99 1.42 25.42 -1 1.000000
25 6 fence -1 -1 -1 739 171 801 231 -1 -1 -1 3.56 1.37 16.33 -1 1.000000
26 3 greenery -1 -1 -1 185 146 325 223 -1 -1 -1 -11.70 1.80 24.30 -1 1.000000
26 4 greenery -1 -1 -1 1018 81 1179 225 -1 -1 -1 5.80 1.38 9.01 -1 1.000000
26 5 car -1 -1 -1 519 166 570 213 -1 -1 -1 -2.54 1.41 25.38 -1 1.000000
26 6 fence -1 -1 -1 727 171 791 234 -1 -1 -1 3.35 1.37 16.15 -1 1.000000
27 3 greenery -1 -1 -1 160 136 306 237 -1 -1 -1 -12.17 1.84 23.89 -1 1.000000
27 4 greenery -1 -1 -1 1017 77 1178 225 -1 -1 -1 5.64 1.38 8.75 -1 1.000000
27 5 car -1 -1 -1 507 167 561 214 -1 -1 -1 -3.06 1.47 25.38 -1 1.000000
27 6 fence -1 -1 -1 717 172 785 235 -1 -1 -1 3.00 1.40 15.82 -1 1.000000
28 3 greenery -1 -1 -1 133 145 288 239 -1 -1 -1 -12.59 1.84 23.25 -1 1.000000
28 5 car -1 -1 -1 490 168 541 215 -1 -1 -1 -3.53 1.53 25.16 -1 1.000000
28 6 fence -1 -1 -1 707 174 778 234 -1 -1 -1 2.77 1.46 15.48 -1 1.000000
29 3 greenery -1 -1 -1 107 145 266 230 -1 -1 -1 -13.12 1.85 22.64 -1 1.000000
29 5 car -1 -1 -1 479 163 535 217 -1 -1 -1 -4.04 1.58 25.01 -1 1.000000
29 6 fence -1 -1 -1 696 181 767 247 -1 -1 -1 2.44 1.52 15.10 -1 1.000000
30 3 greenery -1 -1 -1 66 147 253 234 -1 -1 -1 -13.51 1.90 22.09 -1 1.000000
30 6 fence -1 -1 -1 685 182 756 249 -1 -1 -1 2.20 1.56 14.80 -1 1.000000
30 7 tracking error -1 -1 -1 460 174 512 241 -1 -1 -1 -3.96 1.66 22.13 -1 1.000000
31 3 greenery -1 -1 -1 40 147 229 239 -1 -1 -1 -13.99 1.90 21.53 -1 1.000000
31 6 fence -1 -1 -1 676 182 750 238 -1 -1 -1 2.02 1.58 14.48 -1 1.000000
31 7 tracking error -1 -1 -1 446 174 500 226 -1 -1 -1 -4.32 1.65 22.14 -1 1.000000
32 1 greenery -1 -1 -1 465 156 560 259 -1 -1 -1 -1.91 1.64 14.23 -1 1.000000
32 3 greenery -1 -1 -1 1 127 206 259 -1 -1 -1 -14.51 1.90 21.10 -1 1.000000
32 6 fence -1 -1 -1 665 182 740 237 -1 -1 -1 1.74 1.56 14.15 -1 1.000000
33 1 greenery -1 -1 -1 449 156 546 262 -1 -1 -1 -2.14 1.65 13.83 -1 1.000000
33 3 greenery -1 -1 -1 1 145 189 243 -1 -1 -1 -14.78 1.92 20.70 -1 1.000000
34 1 greenery -1 -1 -1 433 157 534 271 -1 -1 -1 -2.36 1.64 13.44 -1 1.000000
34 3 greenery -1 -1 -1 1 128 162 238 -1 -1 -1 -14.92 1.86 20.29 -1 1.000000
35 1 greenery -1 -1 -1 419 155 523 263 -1 -1 -1 -2.55 1.58 13.09 -1 1.000000
35 3 greenery -1 -1 -1 1 135 111 239 -1 -1 -1 -15.08 1.69 19.85 -1 1.000000
36 1 greenery -1 -1 -1 408 153 515 271 -1 -1 -1 -2.66 1.54 12.73 -1 1.000000
37 1 greenery -1 -1 -1 398 158 509 271 -1 -1 -1 -2.75 1.54 12.38 -1 1.000000
37 8 greenery -1 -1 -1 72 148 113 216 -1 -1 -1 -15.56 1.55 21.73 -1 1.000000
38 1 greenery -1 -1 -1 387 159 503 271 -1 -1 -1 -2.80 1.58 12.03 -1 1.000000
38 8 greenery -1 -1 -1 67 150 101 217 -1 -1 -1 -15.81 1.66 21.63 -1 1.000000
39 1 greenery -1 -1 -1 387 159 504 271 -1 -1 -1 -2.76 1.61 11.73 -1 1.000000
39 8 greenery -1 -1 -1 59 155 91 221 -1 -1 -1 -15.69 1.75 21.19 -1 1.000000
39 9 greenery -1 -1 -1 701 108 783 204 -1 -1 -1 2.62 1.50 14.03 -1 1.000000
40 1 greenery -1 -1 -1 383 166 500 287 -1 -1 -1 -2.69 1.66 11.40 -1 1.000000
40 8 greenery -1 -1 -1 54 159 88 227 -1 -1 -1 -15.65 1.89 20.99 -1 1.000000
40 9 greenery -1 -1 -1 708 107 788 206 -1 -1 -1 2.69 1.53 13.69 -1 1.000000
40 10 window -1 -1 -1 766 80 816 151 -1 -1 -1 4.28 1.47 16.68 -1 1.000000
41 1 greenery -1 -1 -1 385 172 498 287 -1 -1 -1 -2.63 1.71 11.13 -1 1.000000
41 8 greenery -1 -1 -1 40 162 86 236 -1 -1 -1 -15.55 2.02 20.65 -1 1.000000
41 9 greenery -1 -1 -1 720 114 795 206 -1 -1 -1 2.74 1.56 13.37 -1 1.000000
41 10 window -1 -1 -1 774 80 823 157 -1 -1 -1 4.36 1.50 16.29 -1 1.000000
42 1 greenery -1 -1 -1 384 166 500 287 -1 -1 -1 -2.54 1.72 10.85 -1 1.000000
42 8 greenery -1 -1 -1 57 161 89 236 -1 -1 -1 -15.29 2.01 20.43 -1 1.000000
42 9 greenery -1 -1 -1 728 121 806 215 -1 -1 -1 2.80 1.58 13.00 -1 1.000000
42 10 window -1 -1 -1 786 79 835 152 -1 -1 -1 4.51 1.53 15.91 -1 1.000000
43 1 greenery -1 -1 -1 382 169 509 280 -1 -1 -1 -2.40 1.71 10.57 -1 1.000000
43 8 greenery -1 -1 -1 54 161 91 229 -1 -1 -1 -14.85 2.00 20.02 -1 1.000000
43 9 greenery -1 -1 -1 744 126 830 217 -1 -1 -1 2.96 1.55 12.65 -1 1.000000
43 10 window -1 -1 -1 797 80 849 157 -1 -1 -1 4.64 1.50 15.49 -1 1.000000
44 1 greenery -1 -1 -1 381 164 523 296 -1 -1 -1 -2.30 1.72 10.32 -1 1.000000
44 8 greenery -1 -1 -1 62 161 97 236 -1 -1 -1 -14.62 1.98 19.87 -1 1.000000
44 9 greenery -1 -1 -1 754 120 838 238 -1 -1 -1 3.08 1.59 12.30 -1 1.000000
44 10 window -1 -1 -1 807 81 864 157 -1 -1 -1 4.83 1.55 15.11 -1 1.000000
45 1 greenery -1 -1 -1 387 163 529 302 -1 -1 -1 -2.18 1.73 10.08 -1 1.000000
45 8 greenery -1 -1 -1 71 160 103 229 -1 -1 -1 -14.36 1.89 19.81 -1 1.000000
45 9 greenery -1 -1 -1 764 121 852 240 -1 -1 -1 3.28 1.68 11.99 -1 1.000000
45 10 window -1 -1 -1 821 79 882 158 -1 -1 -1 5.12 1.66 14.88 -1 1.000000
46 1 greenery -1 -1 -1 393 163 540 306 -1 -1 -1 -2.03 1.70 9.79 -1 1.000000
46 8 greenery -1 -1 -1 80 159 113 229 -1 -1 -1 -14.06 1.93 19.78 -1 1.000000
46 10 window -1 -1 -1 839 76 899 157 -1 -1 -1 5.29 1.58 14.53 -1 1.000000
47 1 greenery -1 -1 -1 402 162 553 315 -1 -1 -1 -1.90 1.68 9.56 -1 1.000000
47 8 greenery -1 -1 -1 87 161 121 233 -1 -1 -1 -13.85 1.88 19.81 -1 1.000000
47 10 window -1 -1 -1 854 70 919 157 -1 -1 -1 5.44 1.39 13.97 -1 1.000000
48 1 greenery -1 -1 -1 405 164 561 315 -1 -1 -1 -1.72 1.72 9.30 -1 1.000000
48 8 greenery -1 -1 -1 97 162 132 233 -1 -1 -1 -13.50 1.97 19.70 -1 1.000000
48 10 window -1 -1 -1 873 67 940 153 -1 -1 -1 5.80 1.57 13.82 -1 1.000000
49 1 greenery -1 -1 -1 412 166 574 315 -1 -1 -1 -1.57 1.71 9.02 -1 1.000000
49 8 greenery -1 -1 -1 111 162 145 236 -1 -1 -1 -13.13 1.96 19.63 -1 1.000000
49 10 window -1 -1 -1 893 63 963 145 -1 -1 -1 6.00 1.57 13.43 -1 1.000000
50 1 greenery -1 -1 -1 427 162 580 315 -1 -1 -1 -1.39 1.70 8.76 -1 1.000000
50 8 greenery -1 -1 -1 106 161 154 236 -1 -1 -1 -12.83 1.94 19.48 -1 1.000000
50 10 window -1 -1 -1 915 61 987 145 -1 -1 -1 6.21 1.56 13.11 -1 1.000000
51 1 greenery -1 -1 -1 434 157 588 315 -1 -1 -1 -1.25 1.68 8.51 -1 1.000000
51 8 greenery -1 -1 -1 122 159 163 233 -1 -1 -1 -12.56 1.86 19.40 -1 1.000000
51 10 window -1 -1 -1 936 56 1010 145 -1 -1 -1 6.39 1.53 12.69 -1 1.000000
52 1 greenery -1 -1 -1 431 152 601 323 -1 -1 -1 -1.09 1.63 8.31 -1 1.000000
52 8 greenery -1 -1 -1 127 155 172 228 -1 -1 -1 -12.25 1.75 19.31 -1 1.000000
52 10 window -1 -1 -1 951 56 1035 145 -1 -1 -1 6.59 1.47 12.18 -1 1.000000
53 1 greenery -1 -1 -1 433 153 609 325 -1 -1 -1 -0.97 1.61 8.08 -1 1.000000
53 8 greenery -1 -1 -1 142 151 184 221 -1 -1 -1 -11.84 1.69 19.17 -1 1.000000
53 10 window -1 -1 -1 986 50 1061 130 -1 -1 -1 6.79 1.44 11.96 -1 1.000000
54 1 greenery -1 -1 -1 448 147 626 331 -1 -1 -1 -0.81 1.60 7.85 -1 1.000000
54 10 window -1 -1 -1 1010 47 1086 129 -1 -1 -1 6.98 1.44 11.57 -1 1.000000
54 11 greenery -1 -1 -1 1 121 208 247 -1 -1 -1 -11.71 1.70 16.63 -1 1.000000
55 1 greenery -1 -1 -1 453 141 632 342 -1 -1 -1 -0.72 1.61 7.58 -1 1.000000
55 10 window -1 -1 -1 1008 34 1114 144 -1 -1 -1 7.13 1.45 11.19 -1 1.000000
55 11 greenery -1 -1 -1 1 122 205 247 -1 -1 -1 -11.49 1.68 16.44 -1 1.000000
56 1 greenery -1 -1 -1 454 150 638 351 -1 -1 -1 -0.63 1.62 7.34 -1 1.000000
56 10 window -1 -1 -1 1055 42 1136 129 -1 -1 -1 7.38 1.47 10.86 -1 1.000000
56 11 greenery -1 -1 -1 1 129 208 255 -1 -1 -1 -11.28 1.73 16.20 -1 1.000000
57 1 greenery -1 -1 -1 459 142 648 351 -1 -1 -1 -0.54 1.62 7.11 -1 1.000000
57 10 window -1 -1 -1 1055 27 1164 143 -1 -1 -1 7.41 1.37 10.49 -1 1.000000
57 11 greenery -1 -1 -1 1 129 215 253 -1 -1 -1 -11.08 1.70 16.04 -1 1.000000
58 1 greenery -1 -1 -1 464 148 656 351 -1 -1 -1 -0.47 1.61 6.89 -1 1.000000
58 11 greenery -1 -1 -1 1 127 219 256 -1 -1 -1 -10.86 1.79 15.85 -1 1.000000
58 12 tracking error -1 -1 -1 645 169 673 236 -1 -1 -1 1.55 1.47 19.69 -1 1.000000
59 1 greenery -1 -1 -1 475 149 665 353 -1 -1 -1 -0.42 1.60 6.68 -1 1.000000
59 11 greenery -1 -1 -1 1 130 220 255 -1 -1 -1 -10.71 1.81 15.63 -1 1.000000
59 13 greenery -1 -1 -1 685 125 784 222 -1 -1 -1 2.75 1.45 15.63 -1 1.000000
60 1 greenery -1 -1 -1 477 140 675 356 -1 -1 -1 -0.34 1.60 6.48 -1 1.000000
60 11 greenery -1 -1 -1 1 129 228 255 -1 -1 -1 -10.57 1.80 15.51 -1 1.000000
60 13 greenery -1 -1 -1 695 121 790 221 -1 -1 -1 2.90 1.44 15.33 -1 1.000000
61 1 greenery -1 -1 -1 480 143 684 371 -1 -1 -1 -0.29 1.60 6.25 -1 1.000000
61 11 greenery -1 -1 -1 1 109 163 270 -1 -1 -1 -10.78 1.80 15.16 -1 1.000000
61 13 greenery -1 -1 -1 701 120 799 223 -1 -1 -1 3.01 1.44 15.16 -1 1.000000
61 14 greenery -1 -1 -1 145 153 228 238 -1 -1 -1 -10.12 1.76 17.53 -1 1.000000
62 1 greenery -1 -1 -1 483 154 693 374 -1 -1 -1 -0.20 1.60 6.07 -1 1.000000
62 11 greenery -1 -1 -1 1 126 164 270 -1 -1 -1 -10.68 1.73 14.98 -1 1.000000
62 13 greenery -1 -1 -1 714 120 810 223 -1 -1 -1 3.10 1.42 14.92 -1 1.000000
62 14 greenery -1 -1 -1 157 151 230 235 -1 -1 -1 -9.98 1.69 17.45 -1 1.000000
62 15 unknown -1 -1 -1 812 150 909 226 -1 -1 -1 4.56 1.39 14.03 -1 1.000000
63 1 greenery -1 -1 -1 487 151 700 374 -1 -1 -1 -0.20 1.59 5.86 -1 1.000000
63 11 greenery -1 -1 -1 1 123 166 270 -1 -1 -1 -10.57 1.73 14.83 -1 1.000000
63 13 greenery -1 -1 -1 715 120 820 228 -1 -1 -1 3.20 1.46 14.67 -1 1.000000
63 14 greenery -1 -1 -1 160 150 232 234 -1 -1 -1 -9.82 1.70 17.31 -1 1.000000
63 15 unknown -1 -1 -1 816 150 915 228 -1 -1 -1 4.65 1.43 13.76 -1 1.000000
64 1 greenery -1 -1 -1 487 122 710 374 -1 -1 -1 -0.09 1.62 5.74 -1 1.000000
64 11 greenery -1 -1 -1 1 123 165 270 -1 -1 -1 -10.52 1.67 14.75 -1 1.000000
64 13 greenery -1 -1 -1 725 122 827 231 -1 -1 -1 3.27 1.40 14.36 -1 1.000000
64 14 greenery -1 -1 -1 156 150 235 235 -1 -1 -1 -9.77 1.61 17.16 -1 1.000000
64 15 unknown -1 -1 -1 827 151 925 230 -1 -1 -1 4.76 1.38 13.38 -1 1.000000
64 16 greenery -1 -1 -1 225 123 297 226 -1 -1 -1 -10.06 1.56 20.58 -1 1.000000
65 1 greenery -1 -1 -1 489 125 714 374 -1 -1 -1 -0.04 1.62 5.58 -1 1.000000
65 11 greenery -1 -1 -1 31 122 176 247 -1 -1 -1 -10.36 1.68 14.63 -1 1.000000
65 13 greenery -1 -1 -1 727 121 833 226 -1 -1 -1 3.32 1.50 14.17 -1 1.000000
65 14 greenery -1 -1 -1 153 151 235 235 -1 -1 -1 -9.64 1.65 16.97 -1 1.000000
65 15 unknown -1 -1 -1 830 152 933 233 -1 -1 -1 4.90 1.48 13.15 -1 1.000000
65 16 greenery -1 -1 -1 226 126 292 227 -1 -1 -1 -9.91 1.63 20.36 -1 1.000000
66 1 greenery -1 -1 -1 488 122 720 370 -1 -1 -1 -0.02 1.62 5.42 -1 1.000000
66 11 greenery -1 -1 -1 1 111 166 270 -1 -1 -1 -10.31 1.68 14.45 -1 1.000000
66 13 greenery -1 -1 -1 735 121 837 225 -1 -1 -1 3.35 1.49 13.98 -1 1.000000
66 14 greenery -1 -1 -1 158 149 232 235 -1 -1 -1 -9.58 1.64 16.82 -1 1.000000
66 15 unknown -1 -1 -1 833 152 940 233 -1 -1 -1 5.05 1.47 12.98 -1 1.000000
66 16 greenery -1 -1 -1 225 124 296 227 -1 -1 -1 -9.82 1.61 20.23 -1 1.000000
67 11 greenery -1 -1 -1 32 119 170 246 -1 -1 -1 -10.21 1.68 14.30 -1 1.000000
67 13 greenery -1 -1 -1 740 118 839 227 -1 -1 -1 3.48 1.49 13.76 -1 1.000000
67 14 greenery -1 -1 -1 157 148 233 235 -1 -1 -1 -9.54 1.65 16.70 -1 1.000000
67 15 unknown -1 -1 -1 840 151 947 233 -1 -1 -1 5.13 1.48 12.90 -1 1.000000
67 16 greenery -1 -1 -1 222 125 292 227 -1 -1 -1 -9.75 1.63 20.05 -1 1.000000
68 11 greenery -1 -1 -1 1 115 161 253 -1 -1 -1 -10.16 1.67 14.18 -1 1.000000
68 13 greenery -1 -1 -1 744 118 845 226 -1 -1 -1 3.47 1.48 13.55 -1 1.000000
68 14 greenery -1 -1 -1 140 148 230 238 -1 -1 -1 -9.53 1.65 16.49 -1 1.000000
68 15 unknown -1 -1 -1 842 149 953 232 -1 -1 -1 5.20 1.46 12.86 -1 1.000000
68 16 greenery -1 -1 -1 222 125 295 226 -1 -1 -1 -9.70 1.62 19.94 -1 1.000000
69 11 greenery -1 -1 -1 1 113 157 270 -1 -1 -1 -10.09 1.65 14.03 -1 1.000000
69 13 greenery -1 -1 -1 748 117 841 224 -1 -1 -1 3.44 1.45 13.35 -1 1.000000
69 14 greenery -1 -1 -1 139 147 229 237 -1 -1 -1 -9.51 1.61 16.32 -1 1.000000
69 15 unknown -1 -1 -1 847 149 959 232 -1 -1 -1 5.22 1.43 12.74 -1 1.000000
69 16 greenery -1 -1 -1 220 127 296 226 -1 -1 -1 -9.70 1.58 19.78 -1 1.000000
70 11 greenery -1 -1 -1 1 115 153 270 -1 -1 -1 -10.04 1.65 13.89 -1 1.000000
70 13 greenery -1 -1 -1 741 116 855 225 -1 -1 -1 3.43 1.43 13.28 -1 1.000000
70 14 greenery -1 -1 -1 142 147 228 237 -1 -1 -1 -9.47 1.61 16.17 -1 1.000000
70 15 unknown -1 -1 -1 859 150 965 233 -1 -1 -1 5.26 1.41 12.55 -1 1.000000
70 16 greenery -1 -1 -1 218 124 297 226 -1 -1 -1 -9.66 1.57 19.67 -1 1.000000
71 11 greenery -1 -1 -1 1 115 153 270 -1 -1 -1 -9.95 1.68 13.76 -1 1.000000
71 13 greenery -1 -1 -1 743 116 858 223 -1 -1 -1 3.48 1.46 13.08 -1 1.000000
71 14 greenery -1 -1 -1 143 148 225 238 -1 -1 -1 -9.41 1.65 16.07 -1 1.000000
71 15 unknown -1 -1 -1 858 149 970 234 -1 -1 -1 5.25 1.44 12.25 -1 1.000000
71 16 greenery -1 -1 -1 218 125 296 226 -1 -1 -1 -9.61 1.62 19.55 -1 1.000000
72 11 greenery -1 -1 -1 1 118 154 270 -1 -1 -1 -9.90 1.66 13.66 -1 1.000000
72 13 greenery -1 -1 -1 753 117 860 229 -1 -1 -1 3.49 1.47 12.93 -1 1.000000
72 14 greenery -1 -1 -1 146 149 222 234 -1 -1 -1 -9.38 1.63 15.98 -1 1.000000
72 15 unknown -1 -1 -1 853 148 974 233 -1 -1 -1 5.21 1.45 12.14 -1 1.000000
72 16 greenery -1 -1 -1 216 124 296 227 -1 -1 -1 -9.61 1.60 19.44 -1 1.000000
73 11 greenery -1 -1 -1 1 117 148 270 -1 -1 -1 -9.83 1.66 13.54 -1 1.000000
73 13 greenery -1 -1 -1 753 118 866 228 -1 -1 -1 3.46 1.49 12.77 -1 1.000000
73 14 greenery -1 -1 -1 144 149 219 235 -1 -1 -1 -9.35 1.63 15.89 -1 1.000000
73 15 unknown -1 -1 -1 863 151 980 235 -1 -1 -1 5.34 1.47 12.03 -1 1.000000
73 16 greenery -1 -1 -1 210 124 291 228 -1 -1 -1 -9.60 1.61 19.28 -1 1.000000
74 11 greenery -1 -1 -1 1 118 145 270 -1 -1 -1 -9.79 1.68 13.38 -1 1.000000
74 13 greenery -1 -1 -1 753 118 864 228 -1 -1 -1 3.46 1.53 12.56 -1 1.000000
74 14 greenery -1 -1 -1 137 149 218 237 -1 -1 -1 -9.35 1.66 15.76 -1 1.000000
74 15 unknown -1 -1 -1 866 152 984 232 -1 -1 -1 5.40 1.51 11.87 -1 1.000000
74 16 greenery -1 -1 -1 209 125 292 230 -1 -1 -1 -9.56 1.64 19.11 -1 1.000000
75 11 greenery -1 -1 -1 1 118 144 270 -1 -1 -1 -9.68 1.77 13.31 -1 1.000000
75 13 greenery -1 -1 -1 755 118 862 227 -1 -1 -1 3.25 1.15 12.36 -1 1.000000
75 14 greenery -1 -1 -1 129 149 215 242 -1 -1 -1 -9.33 1.69 15.64 -1 1.000000
75 15 unknown -1 -1 -1 863 143 988 237 -1 -1 -1 5.20 1.07 11.69 -1 1.000000
75 16 greenery -1 -1 -1 208 125 286 231 -1 -1 -1 -9.54 1.60 19.02 -1 1.000000
75 17 unknown -1 -1 -1 608 95 628 194 -1 -1 -1 0.06 1.50 5.32 -1 1.000000
76 11 greenery -1 -1 -1 1 120 145 270 -1 -1 -1 -9.66 1.79 13.26 -1 1.000000
76 13 greenery -1 -1 -1 754 118 865 225 -1 -1 -1 3.35 1.17 12.32 -1 1.000000
76 14 greenery -1 -1 -1 129 148 213 239 -1 -1 -1 -9.31 1.72 15.57 -1 1.000000
76 15 unknown -1 -1 -1 865 150 991 240 -1 -1 -1 5.27 1.09 11.60 -1 1.000000
76 16 greenery -1 -1 -1 203 123 287 239 -1 -1 -1 -9.51 1.65 18.82 -1 1.000000
76 17 unknown -1 -1 -1 608 90 626 184 -1 -1 -1 0.10 1.50 5.23 -1 1.000000
76 18 greenery -1 -1 -1 1065 158 1129 224 -1 -1 -1 3.49 1.33 5.11 -1 1.000000
77 11 greenery -1 -1 -1 1 120 149 270 -1 -1 -1 -9.59 1.87 13.22 -1 1.000000
77 13 greenery -1 -1 -1 758 118 855 226 -1 -1 -1 3.37 1.20 12.17 -1 1.000000
77 14 greenery -1 -1 -1 127 150 211 241 -1 -1 -1 -9.25 1.82 15.43 -1 1.000000
77 15 unknown -1 -1 -1 866 149 995 240 -1 -1 -1 5.28 1.11 11.51 -1 1.000000
77 16 greenery -1 -1 -1 203 124 282 239 -1 -1 -1 -9.45 1.78 18.64 -1 1.000000
77 17 unknown -1 -1 -1 608 90 626 182 -1 -1 -1 0.12 1.49 5.11 -1 1.000000
77 18 greenery -1 -1 -1 1074 158 1140 225 -1 -1 -1 3.51 1.31 5.02 -1 1.000000
77 19 window -1 -1 -1 976 76 1033 157 -1 -1 -1 8.00 0.90 14.78 -1 1.000000
78 11 greenery -1 -1 -1 1 117 148 270 -1 -1 -1 -9.61 1.87 13.16 -1 1.000000
78 13 greenery -1 -1 -1 757 118 876 245 -1 -1 -1 3.42 1.22 12.12 -1 1.000000
78 14 greenery -1 -1 -1 122 150 208 239 -1 -1 -1 -9.26 1.83 15.33 -1 1.000000
78 15 unknown -1 -1 -1 867 149 999 238 -1 -1 -1 5.27 1.14 11.37 -1 1.000000
78 16 greenery -1 -1 -1 200 126 283 239 -1 -1 -1 -9.45 1.81 18.53 -1 1.000000
78 17 unknown -1 -1 -1 608 88 627 181 -1 -1 -1 0.12 1.47 4.99 -1 1.000000
78 18 greenery -1 -1 -1 1084 158 1147 226 -1 -1 -1 3.53 1.29 4.93 -1 1.000000
78 19 window -1 -1 -1 977 75 1038 157 -1 -1 -1 8.09 0.95 14.70 -1 1.000000
79 11 greenery -1 -1 -1 1 120 127 270 -1 -1 -1 -9.62 1.86 13.07 -1 1.000000
79 13 greenery -1 -1 -1 756 118 881 246 -1 -1 -1 3.45 1.21 11.90 -1 1.000000
79 14 greenery -1 -1 -1 119 150 206 239 -1 -1 -1 -9.27 1.81 15.24 -1 1.000000
79 15 unknown -1 -1 -1 867 149 1002 242 -1 -1 -1 5.23 1.12 11.27 -1 1.000000
79 16 greenery -1 -1 -1 199 126 284 239 -1 -1 -1 -9.48 1.77 18.49 -1 1.000000
79 17 unknown -1 -1 -1 605 88 629 182 -1 -1 -1 0.14 1.48 4.90 -1 1.000000
79 18 greenery -1 -1 -1 1093 158 1159 228 -1 -1 -1 3.54 1.30 4.82 -1 1.000000
79 19 window -1 -1 -1 979 77 1042 157 -1 -1 -1 8.10 0.93 14.56 -1 1.000000
80 11 greenery -1 -1 -1 1 117 125 270 -1 -1 -1 -9.61 1.88 13.00 -1 1.000000
80 13 greenery -1 -1 -1 757 117 882 246 -1 -1 -1 3.52 1.20 11.98 -1 1.000000
80 14 greenery -1 -1 -1 121 149 204 239 -1 -1 -1 -9.24 1.83 15.21 -1 1.000000
80 15 unknown -1 -1 -1 869 148 1006 238 -1 -1 -1 5.22 1.13 11.19 -1 1.000000
80 16 greenery -1 -1 -1 199 127 281 239 -1 -1 -1 -9.45 1.81 18.47 -1 1.000000
80 18 greenery -1 -1 -1 1103 157 1168 228 -1 -1 -1 3.53 1.29 4.74 -1 1.000000
80 19 window -1 -1 -1 985 76 1047 146 -1 -1 -1 8.14 0.94 14.52 -1 1.000000
81 11 greenery -1 -1 -1 1 116 121 270 -1 -1 -1 -9.61 1.89 12.98 -1 1.000000
81 13 greenery -1 -1 -1 760 116 883 246 -1 -1 -1 3.54 1.22 11.88 -1 1.000000
81 14 greenery -1 -1 -1 127 148 201 240 -1 -1 -1 -9.23 1.85 15.21 -1 1.000000
81 15 unknown -1 -1 -1 871 148 1008 236 -1 -1 -1 5.24 1.14 11.11 -1 1.000000
81 16 greenery -1 -1 -1 197 127 279 239 -1 -1 -1 -9.47 1.83 18.45 -1 1.000000
81 19 window -1 -1 -1 985 76 1050 147 -1 -1 -1 8.16 0.96 14.52 -1 1.000000
81 20 greenery -1 -1 -1 1112 89 1241 247 -1 -1 -1 3.58 1.28 4.49 -1 1.000000
82 11 greenery -1 -1 -1 1 117 119 270 -1 -1 -1 -9.63 1.85 12.93 -1 1.000000
82 13 greenery -1 -1 -1 759 115 884 246 -1 -1 -1 3.57 1.20 11.90 -1 1.000000
82 14 greenery -1 -1 -1 124 149 201 239 -1 -1 -1 -9.28 1.80 15.18 -1 1.000000
82 15 unknown -1 -1 -1 875 134 1012 240 -1 -1 -1 5.29 1.12 11.07 -1 1.000000
82 16 greenery -1 -1 -1 196 125 281 239 -1 -1 -1 -9.53 1.76 18.44 -1 1.000000
82 19 window -1 -1 -1 986 74 1053 148 -1 -1 -1 8.12 0.94 14.35 -1 1.000000
82 20 greenery -1 -1 -1 1118 90 1241 247 -1 -1 -1 3.59 1.31 4.46 -1 1.000000
83 11 greenery -1 -1 -1 1 117 124 270 -1 -1 -1 -9.58 1.90 12.89 -1 1.000000
83 13 greenery -1 -1 -1 761 116 886 247 -1 -1 -1 3.54 1.24 11.80 -1 1.000000
83 14 greenery -1 -1 -1 112 149 198 239 -1 -1 -1 -9.24 1.86 15.10 -1 1.000000
83 15 unknown -1 -1 -1 876 138 1013 238 -1 -1 -1 5.32 1.15 11.07 -1 1.000000
83 19 window -1 -1 -1 987 75 1055 157 -1 -1 -1 8.12 0.99 14.27 -1 1.000000
83 21 greenery -1 -1 -1 1124 158 1191 236 -1 -1 -1 3.52 1.30 4.52 -1 1.000000
84 11 greenery -1 -1 -1 1 117 118 270 -1 -1 -1 -9.58 1.89 12.85 -1 1.000000
84 13 greenery -1 -1 -1 759 118 886 248 -1 -1 -1 3.55 1.27 11.72 -1 1.000000
84 14 greenery -1 -1 -1 109 150 198 245 -1 -1 -1 -9.29 1.86 14.99 -1 1.000000
84 15 unknown -1 -1 -1 877 151 1016 247 -1 -1 -1 5.24 1.19 11.01 -1 1.000000
84 19 window -1 -1 -1 993 77 1057 157 -1 -1 -1 8.13 1.02 14.05 -1 1.000000
84 21 greenery -1 -1 -1 1130 159 1195 236 -1 -1 -1 3.53 1.33 4.54 -1 1.000000
85 11 greenery -1 -1 -1 1 117 120 270 -1 -1 -1 -9.56 1.89 12.83 -1 1.000000
85 13 greenery -1 -1 -1 760 115 884 248 -1 -1 -1 3.51 1.25 11.62 -1 1.000000
85 14 greenery -1 -1 -1 107 150 197 243 -1 -1 -1 -9.27 1.85 14.96 -1 1.000000
85 15 unknown -1 -1 -1 877 152 1018 249 -1 -1 -1 5.19 1.17 10.98 -1 1.000000
85 19 window -1 -1 -1 993 77 1059 157 -1 -1 -1 8.13 0.99 14.00 -1 1.000000
85 22 greenery -1 -1 -1 1136 135 1241 237 -1 -1 -1 3.57 1.33 4.37 -1 1.000000
86 11 greenery -1 -1 -1 1 114 134 270 -1 -1 -1 -9.54 1.88 12.83 -1 1.000000
86 13 greenery -1 -1 -1 759 115 885 249 -1 -1 -1 3.55 1.25 11.59 -1 1.000000
86 14 greenery -1 -1 -1 109 150 196 245 -1 -1 -1 -9.28 1.85 14.88 -1 1.000000
86 15 unknown -1 -1 -1 878 152 1020 251 -1 -1 -1 5.20 1.18 10.79 -1 1.000000
86 19 window -1 -1 -1 993 76 1059 157 -1 -1 -1 8.16 1.00 13.90 -1 1.000000
86 22 greenery -1 -1 -1 1139 135 1241 237 -1 -1 -1 3.56 1.33 4.34 -1 1.000000
87 11 greenery -1 -1 -1 1 109 127 270 -1 -1 -1 -9.57 1.82 12.84 -1 1.000000
87 13 greenery -1 -1 -1 759 114 887 248 -1 -1 -1 3.51 1.20 11.59 -1 1.000000
87 14 greenery -1 -1 -1 120 150 194 240 -1 -1 -1 -9.28 1.75 14.97 -1 1.000000
87 15 unknown -1 -1 -1 879 152 1021 251 -1 -1 -1 5.16 1.14 10.76 -1 1.000000
87 19 window -1 -1 -1 994 76 1064 157 -1 -1 -1 8.13 0.93 13.82 -1 1.000000
87 22 greenery -1 -1 -1 1144 135 1240 240 -1 -1 -1 3.58 1.36 4.32 -1 1.000000
87 23 greenery -1 -1 -1 188 126 275 239 -1 -1 -1 -9.54 1.70 18.10 -1 1.000000
88 11 greenery -1 -1 -1 1 107 131 270 -1 -1 -1 -9.51 1.87 12.85 -1 1.000000
88 13 greenery -1 -1 -1 760 113 887 249 -1 -1 -1 3.56 1.28 11.48 -1 1.000000
88 14 greenery -1 -1 -1 106 149 195 241 -1 -1 -1 -9.23 1.85 14.89 -1 1.000000
88 15 unknown -1 -1 -1 879 152 1022 251 -1 -1 -1 5.19 1.21 10.72 -1 1.000000
88 19 window -1 -1 -1 994 76 1065 157 -1 -1 -1 8.24 1.05 13.91 -1 1.000000
88 22 greenery -1 -1 -1 1146 130 1241 241 -1 -1 -1 3.56 1.32 4.29 -1 1.000000
88 23 greenery -1 -1 -1 187 126 277 239 -1 -1 -1 -9.42 1.83 18.03 -1 1.000000
88 24 unknown -1 -1 -1 614 80 639 196 -1 -1 -1 0.14 1.48 4.40 -1 1.000000
89 11 greenery -1 -1 -1 1 115 127 270 -1 -1 -1 -9.56 1.80 12.84 -1 1.000000
89 13 greenery -1 -1 -1 761 115 888 247 -1 -1 -1 3.54 1.20 11.49 -1 1.000000
89 14 greenery -1 -1 -1 102 149 195 241 -1 -1 -1 -9.32 1.75 14.86 -1 1.000000
89 15 unknown -1 -1 -1 879 152 1023 252 -1 -1 -1 5.16 1.15 10.71 -1 1.000000
89 19 window -1 -1 -1 996 76 1067 153 -1 -1 -1 8.12 0.94 13.79 -1 1.000000
89 22 greenery -1 -1 -1 1155 135 1241 241 -1 -1 -1 3.59 1.37 4.29 -1 1.000000
89 23 greenery -1 -1 -1 187 126 277 239 -1 -1 -1 -9.52 1.68 18.02 -1 1.000000
89 24 unknown -1 -1 -1 611 115 637 179 -1 -1 -1 0.17 1.53 4.41 -1 1.000000
90 11 greenery -1 -1 -1 1 115 130 270 -1 -1 -1 -9.53 1.83 12.84 -1 1.000000
90 13 greenery -1 -1 -1 763 114 888 249 -1 -1 -1 3.57 1.26 11.50 -1 1.000000
90 14 greenery -1 -1 -1 101 149 194 243 -1 -1 -1 -9.26 1.79 14.82 -1 1.000000
90 15 unknown -1 -1 -1 880 151 1023 251 -1 -1 -1 5.19 1.19 10.76 -1 1.000000
90 19 window -1 -1 -1 995 77 1066 157 -1 -1 -1 8.19 1.01 13.83 -1 1.000000
90 23 greenery -1 -1 -1 188 126 276 239 -1 -1 -1 -9.45 1.75 17.99 -1 1.000000
90 24 unknown -1 -1 -1 611 115 639 180 -1 -1 -1 0.15 1.52 4.38 -1 1.000000
90 25 greenery -1 -1 -1 1154 160 1212 236 -1 -1 -1 3.48 1.37 4.32 -1 1.000000
91 11 greenery -1 -1 -1 1 116 125 270 -1 -1 -1 -9.51 1.85 12.82 -1 1.000000
91 13 greenery -1 -1 -1 761 114 888 250 -1 -1 -1 3.53 1.28 11.48 -1 1.000000
91 14 greenery -1 -1 -1 100 149 194 243 -1 -1 -1 -9.24 1.81 14.78 -1 1.000000
91 15 unknown -1 -1 -1 879 153 1024 252 -1 -1 -1 5.20 1.21 10.76 -1 1.000000
91 19 window -1 -1 -1 996 78 1067 157 -1 -1 -1 8.20 1.04 13.81 -1 1.000000
91 23 greenery -1 -1 -1 187 126 276 239 -1 -1 -1 -9.41 1.79 17.94 -1 1.000000
91 25 greenery -1 -1 -1 1156 163 1240 247 -1 -1 -1 3.52 1.35 4.30 -1 1.000000
91 26 unknown -1 -1 -1 609 85 634 207 -1 -1 -1 0.14 1.51 4.37 -1 1.000000
92 11 greenery -1 -1 -1 1 116 124 270 -1 -1 -1 -9.53 1.82 12.81 -1 1.000000
92 13 greenery -1 -1 -1 762 115 887 250 -1 -1 -1 3.51 1.27 11.47 -1 1.000000
92 14 greenery -1 -1 -1 101 149 194 242 -1 -1 -1 -9.26 1.78 14.77 -1 1.000000
92 15 unknown -1 -1 -1 879 153 1024 252 -1 -1 -1 5.16 1.21 10.70 -1 1.000000
92 19 window -1 -1 -1 997 78 1067 157 -1 -1 -1 8.17 1.02 13.78 -1 1.000000
92 23 greenery -1 -1 -1 186 125 275 239 -1 -1 -1 -9.46 1.74 17.89 -1 1.000000
92 25 greenery -1 -1 -1 1156 164 1240 247 -1 -1 -1 3.56 1.38 4.31 -1 1.000000
92 26 unknown -1 -1 -1 609 85 634 208 -1 -1 -1 0.16 1.53 4.37 -1 1.000000
93 11 greenery -1 -1 -1 1 116 122 270 -1 -1 -1 -9.52 1.84 12.81 -1 1.000000
93 13 greenery -1 -1 -1 761 114 887 251 -1 -1 -1 3.52 1.27 11.49 -1 1.000000
93 14 greenery -1 -1 -1 103 149 194 243 -1 -1 -1 -9.24 1.80 14.77 -1 1.000000
93 15 unknown -1 -1 -1 879 153 1025 252 -1 -1 -1 5.15 1.21 10.73 -1 1.000000
93 19 window -1 -1 -1 997 78 1067 157 -1 -1 -1 8.17 1.03 13.78 -1 1.000000
93 23 greenery -1 -1 -1 185 125 275 239 -1 -1 -1 -9.43 1.77 17.86 -1 1.000000
93 26 unknown -1 -1 -1 609 85 633 208 -1 -1 -1 0.15 1.52 4.36 -1 1.000000
94 11 greenery -1 -1 -1 1 116 118 270 -1 -1 -1 -9.53 1.84 12.80 -1 1.000000
94 13 greenery -1 -1 -1 760 114 887 252 -1 -1 -1 3.52 1.26 11.53 -1 1.000000
94 14 greenery -1 -1 -1 103 149 194 240 -1 -1 -1 -9.25 1.80 14.77 -1 1.000000
94 15 unknown -1 -1 -1 878 153 1025 252 -1 -1 -1 5.16 1.20 10.73 -1 1.000000
94 19 window -1 -1 -1 997 78 1068 157 -1 -1 -1 8.16 1.02 13.77 -1 1.000000
94 23 greenery -1 -1 -1 186 126 273 239 -1 -1 -1 -9.43 1.77 17.87 -1 1.000000
94 26 unknown -1 -1 -1 609 85 634 208 -1 -1 -1 0.14 1.51 4.36 -1 1.000000
95 14 greenery -1 -1 -1 103 149 194 242 -1 -1 -1 -9.31 1.70 14.81 -1 1.000000
95 15 unknown -1 -1 -1 878 153 1025 252 -1 -1 -1 5.09 1.12 10.76 -1 1.000000
95 19 window -1 -1 -1 997 79 1067 157 -1 -1 -1 8.07 0.88 13.73 -1 1.000000
95 23 greenery -1 -1 -1 186 126 272 239 -1 -1 -1 -9.52 1.61 17.88 -1 1.000000
96 15 unknown -1 -1 -1 879 153 1025 253 -1 -1 -1 5.14 1.26 10.70 -1 1.000000
