1 0 car -1 -1 -1 473 179 580 215 -1 -1 -1 -4.02 1.76 31.90 -1 1.000000
1 1 bicycle -1 -1 -1 593 203 677 266 -1 -1 -1 0.50 1.67 12.58 -1 1.000000
2 0 car -1 -1 -1 485 180 591 214 -1 -1 -1 -3.51 1.70 32.07 -1 1.000000
2 1 bicycle -1 -1 -1 613 201 694 264 -1 -1 -1 0.82 1.65 12.70 -1 1.000000
3 0 car -1 -1 -1 497 176 602 214 -1 -1 -1 -3.04 1.76 32.23 -1 1.000000
3 1 bicycle -1 -1 -1 625 205 712 263 -1 -1 -1 1.14 1.66 12.76 -1 1.000000
4 0 car -1 -1 -1 511 178 614 213 -1 -1 -1 -2.52 1.76 32.38 -1 1.000000
4 1 bicycle -1 -1 -1 646 205 730 263 -1 -1 -1 1.44 1.66 12.81 -1 1.000000
4 2 wall -1 -1 -1 94 189 165 257 -1 -1 -1 -9.87 1.76 14.91 -1 1.000000
4 3 unknown -1 -1 -1 28 218 89 275 -1 -1 -1 -9.72 1.76 12.82 -1 1.000000
4 4 unknown -1 -1 -1 317 204 396 248 -1 -1 -1 -5.92 1.74 16.81 -1 1.000000
5 0 car -1 -1 -1 524 178 630 213 -1 -1 -1 -1.84 1.75 32.58 -1 1.000000
5 1 bicycle -1 -1 -1 696 206 748 262 -1 -1 -1 1.73 1.66 12.84 -1 1.000000
5 2 wall -1 -1 -1 94 188 167 257 -1 -1 -1 -9.87 1.76 14.85 -1 1.000000
5 3 unknown -1 -1 -1 28 218 89 275 -1 -1 -1 -9.73 1.75 12.83 -1 1.000000
5 4 unknown -1 -1 -1 317 204 395 248 -1 -1 -1 -5.91 1.73 16.82 -1 1.000000
5 5 traffic light -1 -1 -1 220 85 247 154 -1 -1 -1 -6.60 1.72 12.42 -1 1.000000
5 6 window -1 -1 -1 162 108 205 191 -1 -1 -1 -9.75 1.76 16.38 -1 1.000000
5 7 wall -1 -1 -1 179 184 216 249 -1 -1 -1 -9.50 1.76 16.40 -1 1.000000
5 8 building -1 -1 -1 1 1 273 315 -1 -1 -1 -9.65 1.75 15.42 -1 1.000000
6 0 car -1 -1 -1 540 178 639 213 -1 -1 -1 -1.26 1.76 32.66 -1 1.000000
6 1 bicycle -1 -1 -1 713 203 766 264 -1 -1 -1 1.85 1.66 12.86 -1 1.000000
6 2 wall -1 -1 -1 94 188 167 257 -1 -1 -1 -9.87 1.76 14.81 -1 1.000000
6 3 unknown -1 -1 -1 28 218 89 275 -1 -1 -1 -9.73 1.75 12.82 -1 1.000000
6 4 unknown -1 -1 -1 317 204 396 247 -1 -1 -1 -5.92 1.74 16.81 -1 1.000000
6 5 traffic light -1 -1 -1 220 85 247 154 -1 -1 -1 -6.59 1.72 12.39 -1 1.000000
6 6 window -1 -1 -1 162 108 204 191 -1 -1 -1 -9.77 1.77 16.36 -1 1.000000
6 7 wall -1 -1 -1 177 184 216 249 -1 -1 -1 -9.49 1.76 16.40 -1 1.000000
6 8 building -1 -1 -1 1 1 273 315 -1 -1 -1 -9.64 1.76 15.43 -1 1.000000
7 0 car -1 -1 -1 546 179 648 213 -1 -1 -1 -0.74 1.76 32.94 -1 1.000000
7 1 bicycle -1 -1 -1 724 194 784 263 -1 -1 -1 2.22 1.65 12.89 -1 1.000000
7 2 wall -1 -1 -1 94 188 167 257 -1 -1 -1 -9.83 1.77 14.76 -1 1.000000
7 3 unknown -1 -1 -1 28 218 89 276 -1 -1 -1 -9.72 1.75 12.82 -1 1.000000
7 4 unknown -1 -1 -1 317 204 396 248 -1 -1 -1 -5.95 1.74 16.83 -1 1.000000
7 5 traffic light -1 -1 -1 222 85 252 154 -1 -1 -1 -6.60 1.73 12.41 -1 1.000000
7 6 window -1 -1 -1 162 108 204 191 -1 -1 -1 -9.77 1.77 16.36 -1 1.000000
7 7 wall -1 -1 -1 176 184 216 249 -1 -1 -1 -9.50 1.77 16.40 -1 1.000000
7 8 building -1 -1 -1 1 1 273 315 -1 -1 -1 -9.64 1.76 15.42 -1 1.000000
7 9 unknown -1 -1 -1 407 123 430 235 -1 -1 -1 -5.95 1.75 22.59 -1 1.000000
8 0 car -1 -1 -1 559 179 658 213 -1 -1 -1 -0.23 1.72 33.13 -1 1.000000
8 1 bicycle -1 -1 -1 702 196 801 264 -1 -1 -1 2.52 1.65 12.92 -1 1.000000
8 2 wall -1 -1 -1 94 188 169 257 -1 -1 -1 -9.85 1.75 14.85 -1 1.000000
8 3 unknown -1 -1 -1 28 219 89 275 -1 -1 -1 -9.74 1.75 12.83 -1 1.000000
8 4 unknown -1 -1 -1 317 204 397 247 -1 -1 -1 -5.92 1.73 16.88 -1 1.000000
8 5 traffic light -1 -1 -1 220 86 247 154 -1 -1 -1 -6.59 1.72 12.40 -1 1.000000
8 6 window -1 -1 -1 162 108 204 191 -1 -1 -1 -9.76 1.76 16.38 -1 1.000000
8 7 wall -1 -1 -1 177 184 216 249 -1 -1 -1 -9.50 1.75 16.42 -1 1.000000
8 8 building -1 -1 -1 1 1 273 315 -1 -1 -1 -9.65 1.75 15.42 -1 1.000000
8 9 unknown -1 -1 -1 406 123 429 233 -1 -1 -1 -5.96 1.74 22.59 -1 1.000000
9 0 car -1 -1 -1 572 179 677 212 -1 -1 -1 0.42 1.73 33.31 -1 1.000000
9 1 bicycle -1 -1 -1 717 193 818 262 -1 -1 -1 2.84 1.64 13.00 -1 1.000000
9 2 wall -1 -1 -1 94 188 167 257 -1 -1 -1 -9.87 1.77 14.84 -1 1.000000
9 3 unknown -1 -1 -1 28 219 89 275 -1 -1 -1 -9.73 1.76 12.82 -1 1.000000
9 4 unknown -1 -1 -1 317 204 396 248 -1 -1 -1 -5.93 1.74 16.85 -1 1.000000
9 5 traffic light -1 -1 -1 220 86 247 155 -1 -1 -1 -6.59 1.73 12.40 -1 1.000000
9 6 window -1 -1 -1 162 108 204 191 -1 -1 -1 -9.77 1.77 16.41 -1 1.000000
9 7 wall -1 -1 -1 178 184 216 249 -1 -1 -1 -9.50 1.77 16.42 -1 1.000000
9 8 building -1 -1 -1 1 1 273 315 -1 -1 -1 -9.65 1.77 15.42 -1 1.000000
9 9 unknown -1 -1 -1 405 123 430 233 -1 -1 -1 -5.95 1.75 22.60 -1 1.000000
10 0 car -1 -1 -1 585 180 689 211 -1 -1 -1 1.05 1.72 33.41 -1 1.000000
10 1 bicycle -1 -1 -1 730 194 835 263 -1 -1 -1 3.17 1.64 13.07 -1 1.000000
10 2 wall -1 -1 -1 94 188 168 257 -1 -1 -1 -9.87 1.77 14.86 -1 1.000000
10 3 unknown -1 -1 -1 28 219 89 275 -1 -1 -1 -9.73 1.76 12.81 -1 1.000000
10 4 unknown -1 -1 -1 317 204 396 248 -1 -1 -1 -5.90 1.74 16.81 -1 1.000000
10 5 traffic light -1 -1 -1 220 85 247 154 -1 -1 -1 -6.58 1.73 12.38 -1 1.000000
10 6 window -1 -1 -1 162 108 205 191 -1 -1 -1 -9.75 1.77 16.38 -1 1.000000
10 7 wall -1 -1 -1 177 184 216 249 -1 -1 -1 -9.50 1.77 16.40 -1 1.000000
10 8 building -1 -1 -1 1 1 273 315 -1 -1 -1 -9.65 1.77 15.42 -1 1.000000
10 9 unknown -1 -1 -1 401 123 429 232 -1 -1 -1 -5.95 1.76 22.59 -1 1.000000
11 0 car -1 -1 -1 594 180 698 212 -1 -1 -1 1.52 1.72 33.69 -1 1.000000
11 1 bicycle -1 -1 -1 756 196 851 263 -1 -1 -1 3.49 1.64 13.16 -1 1.000000
11 2 wall -1 -1 -1 94 188 168 257 -1 -1 -1 -9.83 1.78 14.76 -1 1.000000
11 3 unknown -1 -1 -1 28 219 89 276 -1 -1 -1 -9.72 1.76 12.80 -1 1.000000
11 4 unknown -1 -1 -1 317 204 395 248 -1 -1 -1 -5.92 1.75 16.79 -1 1.000000
11 5 traffic light -1 -1 -1 222 85 253 153 -1 -1 -1 -6.59 1.73 12.41 -1 1.000000
11 6 window -1 -1 -1 163 108 202 191 -1 -1 -1 -9.75 1.78 16.37 -1 1.000000
11 7 wall -1 -1 -1 177 184 216 249 -1 -1 -1 -9.50 1.78 16.39 -1 1.000000
11 8 building -1 -1 -1 1 1 273 315 -1 -1 -1 -9.64 1.77 15.40 -1 1.000000
11 9 unknown -1 -1 -1 400 123 430 233 -1 -1 -1 -5.95 1.77 22.59 -1 1.000000
12 0 car -1 -1 -1 608 178 701 211 -1 -1 -1 1.97 1.72 34.02 -1 1.000000
12 1 bicycle -1 -1 -1 774 196 868 262 -1 -1 -1 3.82 1.64 13.23 -1 1.000000
12 2 wall -1 -1 -1 94 188 167 257 -1 -1 -1 -9.85 1.77 14.82 -1 1.000000
12 3 unknown -1 -1 -1 28 219 89 275 -1 -1 -1 -9.72 1.76 12.81 -1 1.000000
12 4 unknown -1 -1 -1 317 204 394 248 -1 -1 -1 -5.95 1.75 16.78 -1 1.000000
12 5 traffic light -1 -1 -1 220 85 247 154 -1 -1 -1 -6.58 1.73 12.39 -1 1.000000
12 6 window -1 -1 -1 162 108 203 191 -1 -1 -1 -9.75 1.78 16.37 -1 1.000000
12 7 wall -1 -1 -1 177 184 216 249 -1 -1 -1 -9.50 1.78 16.40 -1 1.000000
12 8 building -1 -1 -1 1 1 273 315 -1 -1 -1 -9.65 1.78 15.41 -1 1.000000
12 9 unknown -1 -1 -1 407 123 429 232 -1 -1 -1 -5.95 1.77 22.59 -1 1.000000
13 0 car -1 -1 -1 616 179 710 211 -1 -1 -1 2.37 1.74 34.29 -1 1.000000
13 1 bicycle -1 -1 -1 791 196 885 262 -1 -1 -1 4.15 1.64 13.28 -1 1.000000
13 2 wall -1 -1 -1 94 188 171 257 -1 -1 -1 -9.84 1.77 14.84 -1 1.000000
13 3 unknown -1 -1 -1 28 218 89 275 -1 -1 -1 -9.72 1.76 12.81 -1 1.000000
13 4 unknown -1 -1 -1 317 204 396 248 -1 -1 -1 -5.92 1.75 16.76 -1 1.000000
13 5 traffic light -1 -1 -1 220 85 248 154 -1 -1 -1 -6.59 1.73 12.39 -1 1.000000
13 6 window -1 -1 -1 162 108 204 191 -1 -1 -1 -9.74 1.78 16.36 -1 1.000000
13 7 wall -1 -1 -1 177 184 216 249 -1 -1 -1 -9.50 1.78 16.41 -1 1.000000
13 8 building -1 -1 -1 1 1 273 315 -1 -1 -1 -9.64 1.77 15.41 -1 1.000000
13 9 unknown -1 -1 -1 407 123 429 234 -1 -1 -1 -5.95 1.78 22.59 -1 1.000000
14 0 car -1 -1 -1 628 178 719 211 -1 -1 -1 2.87 1.71 34.58 -1 1.000000
14 1 bicycle -1 -1 -1 809 199 902 261 -1 -1 -1 4.47 1.64 13.30 -1 1.000000
14 2 wall -1 -1 -1 94 188 167 257 -1 -1 -1 -9.86 1.76 14.82 -1 1.000000
14 3 unknown -1 -1 -1 28 219 89 275 -1 -1 -1 -9.73 1.75 12.82 -1 1.000000
14 4 unknown -1 -1 -1 317 204 396 248 -1 -1 -1 -5.91 1.74 16.76 -1 1.000000
14 5 traffic light -1 -1 -1 220 85 247 154 -1 -1 -1 -6.58 1.73 12.39 -1 1.000000
14 6 window -1 -1 -1 162 108 204 191 -1 -1 -1 -9.76 1.77 16.39 -1 1.000000
14 7 wall -1 -1 -1 178 184 216 249 -1 -1 -1 -9.52 1.76 16.47 -1 1.000000
14 8 building -1 -1 -1 1 1 273 315 -1 -1 -1 -9.66 1.76 15.41 -1 1.000000
14 9 unknown -1 -1 -1 404 123 429 237 -1 -1 -1 -5.95 1.76 22.59 -1 1.000000
15 0 car -1 -1 -1 640 178 728 209 -1 -1 -1 3.35 1.69 34.86 -1 1.000000
15 1 bicycle -1 -1 -1 826 201 919 260 -1 -1 -1 4.78 1.63 13.34 -1 1.000000
15 2 wall -1 -1 -1 94 188 167 257 -1 -1 -1 -9.86 1.77 14.81 -1 1.000000
15 3 unknown -1 -1 -1 28 218 89 275 -1 -1 -1 -9.73 1.76 12.81 -1 1.000000
15 4 unknown -1 -1 -1 317 204 397 248 -1 -1 -1 -5.94 1.73 16.80 -1 1.000000
15 5 traffic light -1 -1 -1 220 85 247 154 -1 -1 -1 -6.58 1.73 12.38 -1 1.000000
15 6 window -1 -1 -1 163 108 205 191 -1 -1 -1 -9.77 1.77 16.40 -1 1.000000
15 7 wall -1 -1 -1 177 184 216 249 -1 -1 -1 -9.52 1.77 16.46 -1 1.000000
15 8 building -1 -1 -1 1 1 273 315 -1 -1 -1 -9.66 1.76 15.41 -1 1.000000
15 9 unknown -1 -1 -1 406 123 429 234 -1 -1 -1 -5.94 1.75 22.58 -1 1.000000
16 0 car -1 -1 -1 647 178 736 209 -1 -1 -1 3.74 1.68 35.17 -1 1.000000
16 1 bicycle -1 -1 -1 844 186 938 260 -1 -1 -1 5.19 1.63 13.42 -1 1.000000
16 2 wall -1 -1 -1 94 188 172 257 -1 -1 -1 -9.84 1.75 15.03 -1 1.000000
16 3 unknown -1 -1 -1 28 219 89 276 -1 -1 -1 -9.73 1.75 12.82 -1 1.000000
16 4 unknown -1 -1 -1 317 204 396 248 -1 -1 -1 -5.91 1.73 16.79 -1 1.000000
16 5 traffic light -1 -1 -1 220 86 247 154 -1 -1 -1 -6.58 1.73 12.39 -1 1.000000
16 6 window -1 -1 -1 162 108 204 191 -1 -1 -1 -9.78 1.76 16.41 -1 1.000000
16 7 wall -1 -1 -1 176 184 216 249 -1 -1 -1 -9.53 1.76 16.46 -1 1.000000
16 8 building -1 -1 -1 1 1 273 315 -1 -1 -1 -9.66 1.76 15.43 -1 1.000000
16 9 unknown -1 -1 -1 406 123 429 235 -1 -1 -1 -5.96 1.75 22.58 -1 1.000000
17 0 car -1 -1 -1 658 178 738 209 -1 -1 -1 4.20 1.68 35.51 -1 1.000000
17 1 bicycle -1 -1 -1 861 189 955 260 -1 -1 -1 5.51 1.62 13.54 -1 1.000000
17 2 wall -1 -1 -1 94 188 165 256 -1 -1 -1 -9.89 1.77 14.93 -1 1.000000
17 3 unknown -1 -1 -1 28 218 89 276 -1 -1 -1 -9.74 1.76 12.83 -1 1.000000
17 4 unknown -1 -1 -1 317 204 396 248 -1 -1 -1 -5.91 1.74 16.78 -1 1.000000
17 5 traffic light -1 -1 -1 220 86 247 154 -1 -1 -1 -6.59 1.73 12.39 -1 1.000000
17 6 window -1 -1 -1 162 108 203 191 -1 -1 -1 -9.78 1.77 16.39 -1 1.000000
17 7 wall -1 -1 -1 176 184 216 249 -1 -1 -1 -9.53 1.77 16.42 -1 1.000000
17 8 building -1 -1 -1 1 1 273 315 -1 -1 -1 -9.66 1.76 15.44 -1 1.000000
17 9 unknown -1 -1 -1 406 123 429 232 -1 -1 -1 -5.95 1.75 22.58 -1 1.000000
18 0 car -1 -1 -1 669 178 743 208 -1 -1 -1 4.66 1.68 36.35 -1 1.000000
18 1 bicycle -1 -1 -1 877 191 972 259 -1 -1 -1 5.85 1.62 13.61 -1 1.000000
18 2 wall -1 -1 -1 94 188 167 257 -1 -1 -1 -9.92 1.76 14.90 -1 1.000000
18 3 unknown -1 -1 -1 28 218 89 275 -1 -1 -1 -9.74 1.76 12.83 -1 1.000000
18 4 unknown -1 -1 -1 325 203 393 249 -1 -1 -1 -5.86 1.73 16.78 -1 1.000000
18 5 traffic light -1 -1 -1 220 85 248 154 -1 -1 -1 -6.58 1.73 12.39 -1 1.000000
18 6 window -1 -1 -1 162 107 203 191 -1 -1 -1 -9.77 1.77 16.39 -1 1.000000
18 7 wall -1 -1 -1 177 184 216 249 -1 -1 -1 -9.52 1.76 16.43 -1 1.000000
18 8 building -1 -1 -1 1 1 273 315 -1 -1 -1 -9.66 1.76 15.44 -1 1.000000
18 9 unknown -1 -1 -1 405 123 429 233 -1 -1 -1 -5.95 1.75 22.58 -1 1.000000
19 0 car -1 -1 -1 677 178 747 207 -1 -1 -1 5.16 1.66 37.22 -1 1.000000
19 1 bicycle -1 -1 -1 896 190 988 259 -1 -1 -1 6.21 1.62 13.69 -1 1.000000
19 2 wall -1 -1 -1 94 188 171 257 -1 -1 -1 -9.92 1.76 14.86 -1 1.000000
19 3 unknown -1 -1 -1 28 219 89 275 -1 -1 -1 -9.74 1.75 12.83 -1 1.000000
19 4 unknown -1 -1 -1 317 204 396 248 -1 -1 -1 -5.93 1.73 16.81 -1 1.000000
19 5 traffic light -1 -1 -1 220 85 247 154 -1 -1 -1 -6.58 1.73 12.39 -1 1.000000
19 6 window -1 -1 -1 162 108 203 191 -1 -1 -1 -9.77 1.77 16.40 -1 1.000000
19 7 wall -1 -1 -1 177 184 216 249 -1 -1 -1 -9.51 1.76 16.43 -1 1.000000
19 8 building -1 -1 -1 1 1 273 315 -1 -1 -1 -9.66 1.76 15.45 -1 1.000000
19 9 unknown -1 -1 -1 405 123 429 234 -1 -1 -1 -5.95 1.75 22.58 -1 1.000000
20 0 car -1 -1 -1 682 179 752 206 -1 -1 -1 5.69 1.68 37.79 -1 1.000000
20 1 bicycle -1 -1 -1 913 190 1004 257 -1 -1 -1 6.58 1.62 13.74 -1 1.000000
20 2 wall -1 -1 -1 94 188 172 257 -1 -1 -1 -9.89 1.77 14.90 -1 1.000000
20 3 unknown -1 -1 -1 28 218 89 275 -1 -1 -1 -9.74 1.76 12.83 -1 1.000000
20 4 unknown -1 -1 -1 317 204 396 248 -1 -1 -1 -5.96 1.74 16.82 -1 1.000000
20 5 traffic light -1 -1 -1 220 85 247 154 -1 -1 -1 -6.58 1.73 12.38 -1 1.000000
20 6 window -1 -1 -1 163 108 204 191 -1 -1 -1 -9.77 1.77 16.40 -1 1.000000
20 7 wall -1 -1 -1 178 184 216 249 -1 -1 -1 -9.50 1.77 16.40 -1 1.000000
20 8 building -1 -1 -1 1 1 273 315 -1 -1 -1 -9.67 1.77 15.43 -1 1.000000
20 9 unknown -1 -1 -1 406 123 430 233 -1 -1 -1 -5.95 1.76 22.59 -1 1.000000
21 0 car -1 -1 -1 690 178 756 206 -1 -1 -1 6.13 1.70 38.32 -1 1.000000
21 1 bicycle -1 -1 -1 930 192 1020 256 -1 -1 -1 6.94 1.62 13.79 -1 1.000000
21 2 wall -1 -1 -1 94 188 168 258 -1 -1 -1 -9.90 1.76 14.87 -1 1.000000
21 3 unknown -1 -1 -1 28 218 89 276 -1 -1 -1 -9.75 1.75 12.84 -1 1.000000
21 4 unknown -1 -1 -1 317 204 396 248 -1 -1 -1 -5.94 1.74 16.82 -1 1.000000
21 5 traffic light -1 -1 -1 220 86 247 154 -1 -1 -1 -6.57 1.72 12.38 -1 1.000000
21 6 window -1 -1 -1 162 108 204 191 -1 -1 -1 -9.77 1.76 16.38 -1 1.000000
21 7 wall -1 -1 -1 176 184 216 249 -1 -1 -1 -9.50 1.76 16.42 -1 1.000000
21 8 building -1 -1 -1 1 1 273 315 -1 -1 -1 -9.66 1.76 15.43 -1 1.000000
21 9 unknown -1 -1 -1 406 123 429 235 -1 -1 -1 -5.95 1.76 22.59 -1 1.000000
22 0 car -1 -1 -1 702 179 774 205 -1 -1 -1 6.63 1.78 38.69 -1 1.000000
22 1 bicycle -1 -1 -1 948 193 1035 255 -1 -1 -1 7.33 1.63 13.82 -1 1.000000
22 2 wall -1 -1 -1 94 188 167 257 -1 -1 -1 -9.88 1.77 14.83 -1 1.000000
22 3 unknown -1 -1 -1 28 218 89 276 -1 -1 -1 -9.74 1.76 12.84 -1 1.000000
22 4 unknown -1 -1 -1 317 204 395 248 -1 -1 -1 -5.94 1.75 16.77 -1 1.000000
22 5 traffic light -1 -1 -1 220 85 247 154 -1 -1 -1 -6.57 1.73 12.38 -1 1.000000
22 6 window -1 -1 -1 162 108 204 191 -1 -1 -1 -9.76 1.78 16.38 -1 1.000000
22 7 wall -1 -1 -1 177 184 216 249 -1 -1 -1 -9.48 1.78 16.37 -1 1.000000
22 8 building -1 -1 -1 1 1 274 315 -1 -1 -1 -9.66 1.77 15.42 -1 1.000000
22 9 unknown -1 -1 -1 401 123 430 233 -1 -1 -1 -5.96 1.79 22.59 -1 1.000000
23 0 car -1 -1 -1 707 178 767 206 -1 -1 -1 6.92 1.70 39.36 -1 1.000000
23 1 bicycle -1 -1 -1 962 181 1050 254 -1 -1 -1 7.67 1.61 13.88 -1 1.000000
23 2 wall -1 -1 -1 94 188 167 257 -1 -1 -1 -9.88 1.76 14.82 -1 1.000000
23 3 unknown -1 -1 -1 28 218 89 276 -1 -1 -1 -9.75 1.75 12.83 -1 1.000000
23 4 unknown -1 -1 -1 317 204 396 248 -1 -1 -1 -5.96 1.74 16.78 -1 1.000000
23 5 traffic light -1 -1 -1 220 86 247 154 -1 -1 -1 -6.57 1.73 12.38 -1 1.000000
23 6 window -1 -1 -1 163 108 202 191 -1 -1 -1 -9.74 1.77 16.37 -1 1.000000
23 7 wall -1 -1 -1 176 184 216 249 -1 -1 -1 -9.50 1.76 16.39 -1 1.000000
23 8 building -1 -1 -1 1 1 273 315 -1 -1 -1 -9.65 1.76 15.41 -1 1.000000
23 9 unknown -1 -1 -1 405 123 430 235 -1 -1 -1 -5.95 1.75 22.58 -1 1.000000
24 0 car -1 -1 -1 713 179 789 204 -1 -1 -1 7.17 1.72 40.13 -1 1.000000
24 1 bicycle -1 -1 -1 980 192 1065 253 -1 -1 -1 8.03 1.61 14.00 -1 1.000000
24 2 wall -1 -1 -1 94 188 167 256 -1 -1 -1 -9.84 1.78 14.79 -1 1.000000
24 3 unknown -1 -1 -1 28 218 88 275 -1 -1 -1 -9.75 1.76 12.83 -1 1.000000
24 4 unknown -1 -1 -1 317 204 395 248 -1 -1 -1 -5.94 1.75 16.77 -1 1.000000
24 5 traffic light -1 -1 -1 220 86 247 155 -1 -1 -1 -6.57 1.73 12.38 -1 1.000000
24 6 window -1 -1 -1 163 108 204 191 -1 -1 -1 -9.75 1.78 16.36 -1 1.000000
24 7 wall -1 -1 -1 177 184 216 249 -1 -1 -1 -9.49 1.78 16.39 -1 1.000000
24 8 building -1 -1 -1 1 1 273 315 -1 -1 -1 -9.64 1.78 15.41 -1 1.000000
24 9 unknown -1 -1 -1 406 123 430 235 -1 -1 -1 -5.95 1.78 22.59 -1 1.000000
25 1 bicycle -1 -1 -1 998 175 1082 254 -1 -1 -1 8.39 1.61 14.16 -1 1.000000
25 2 wall -1 -1 -1 94 188 167 257 -1 -1 -1 -9.86 1.76 14.88 -1 1.000000
25 3 unknown -1 -1 -1 28 219 89 275 -1 -1 -1 -9.76 1.75 12.84 -1 1.000000
25 4 unknown -1 -1 -1 317 204 395 248 -1 -1 -1 -5.94 1.74 16.80 -1 1.000000
25 5 traffic light -1 -1 -1 220 85 247 154 -1 -1 -1 -6.57 1.73 12.39 -1 1.000000
25 6 window -1 -1 -1 162 108 202 191 -1 -1 -1 -9.75 1.77 16.35 -1 1.000000
25 7 wall -1 -1 -1 177 184 216 249 -1 -1 -1 -9.49 1.76 16.40 -1 1.000000
25 8 building -1 -1 -1 1 1 273 315 -1 -1 -1 -9.64 1.76 15.40 -1 1.000000
25 9 unknown -1 -1 -1 405 123 429 234 -1 -1 -1 -5.96 1.76 22.60 -1 1.000000
26 1 bicycle -1 -1 -1 1014 177 1097 259 -1 -1 -1 8.84 1.61 14.26 -1 1.000000
26 2 wall -1 -1 -1 94 188 168 257 -1 -1 -1 -9.80 1.78 14.77 -1 1.000000
26 3 unknown -1 -1 -1 28 218 89 275 -1 -1 -1 -9.75 1.76 12.83 -1 1.000000
26 4 unknown -1 -1 -1 317 204 396 248 -1 -1 -1 -5.95 1.76 16.77 -1 1.000000
26 5 traffic light -1 -1 -1 220 86 248 155 -1 -1 -1 -6.59 1.73 12.38 -1 1.000000
26 6 window -1 -1 -1 163 108 203 191 -1 -1 -1 -9.77 1.79 16.38 -1 1.000000
26 7 wall -1 -1 -1 176 184 216 249 -1 -1 -1 -9.49 1.79 16.38 -1 1.000000
26 8 building -1 -1 -1 1 1 273 315 -1 -1 -1 -9.64 1.78 15.40 -1 1.000000
26 9 unknown -1 -1 -1 405 123 429 236 -1 -1 -1 -5.95 1.79 22.59 -1 1.000000
27 1 bicycle -1 -1 -1 1030 192 1114 251 -1 -1 -1 9.19 1.60 14.33 -1 1.000000
27 2 wall -1 -1 -1 94 188 167 256 -1 -1 -1 -9.83 1.77 14.78 -1 1.000000
27 3 unknown -1 -1 -1 28 218 89 276 -1 -1 -1 -9.73 1.76 12.84 -1 1.000000
27 4 unknown -1 -1 -1 317 204 396 248 -1 -1 -1 -5.93 1.75 16.78 -1 1.000000
27 5 traffic light -1 -1 -1 220 86 247 154 -1 -1 -1 -6.59 1.73 12.38 -1 1.000000
27 6 window -1 -1 -1 163 108 202 191 -1 -1 -1 -9.76 1.78 16.37 -1 1.000000
27 7 wall -1 -1 -1 176 184 216 249 -1 -1 -1 -9.49 1.78 16.38 -1 1.000000
27 8 building -1 -1 -1 1 1 273 315 -1 -1 -1 -9.64 1.77 15.39 -1 1.000000
27 9 unknown -1 -1 -1 404 123 430 235 -1 -1 -1 -5.95 1.77 22.59 -1 1.000000
28 1 bicycle -1 -1 -1 1041 200 1129 251 -1 -1 -1 9.54 1.60 14.46 -1 1.000000
28 2 wall -1 -1 -1 94 188 172 256 -1 -1 -1 -9.85 1.75 14.84 -1 1.000000
28 3 unknown -1 -1 -1 28 218 89 275 -1 -1 -1 -9.74 1.75 12.84 -1 1.000000
28 4 unknown -1 -1 -1 317 204 397 248 -1 -1 -1 -5.97 1.73 16.78 -1 1.000000
28 5 traffic light -1 -1 -1 220 86 247 154 -1 -1 -1 -6.57 1.72 12.38 -1 1.000000
28 6 window -1 -1 -1 162 108 204 191 -1 -1 -1 -9.75 1.75 16.37 -1 1.000000
28 7 wall -1 -1 -1 177 184 216 249 -1 -1 -1 -9.49 1.75 16.40 -1 1.000000
28 8 building -1 -1 -1 1 1 273 315 -1 -1 -1 -9.65 1.75 15.40 -1 1.000000
28 9 unknown -1 -1 -1 405 123 429 235 -1 -1 -1 -5.95 1.73 22.59 -1 1.000000
29 1 bicycle -1 -1 -1 1062 192 1146 250 -1 -1 -1 9.93 1.59 14.61 -1 1.000000
29 2 wall -1 -1 -1 94 188 171 256 -1 -1 -1 -9.83 1.77 14.79 -1 1.000000
29 3 unknown -1 -1 -1 28 218 89 276 -1 -1 -1 -9.73 1.76 12.82 -1 1.000000
29 4 unknown -1 -1 -1 317 204 396 248 -1 -1 -1 -5.91 1.74 16.78 -1 1.000000
29 5 traffic light -1 -1 -1 220 85 247 154 -1 -1 -1 -6.58 1.73 12.39 -1 1.000000
29 6 window -1 -1 -1 163 108 204 191 -1 -1 -1 -9.76 1.77 16.38 -1 1.000000
29 7 wall -1 -1 -1 177 184 216 249 -1 -1 -1 -9.49 1.77 16.36 -1 1.000000
29 8 building -1 -1 -1 1 1 274 315 -1 -1 -1 -9.64 1.77 15.43 -1 1.000000
29 9 unknown -1 -1 -1 404 123 429 235 -1 -1 -1 -5.96 1.76 22.59 -1 1.000000
30 1 bicycle -1 -1 -1 1075 189 1158 249 -1 -1 -1 10.27 1.59 14.72 -1 1.000000
30 2 wall -1 -1 -1 94 188 168 257 -1 -1 -1 -9.80 1.76 14.79 -1 1.000000
30 3 unknown -1 -1 -1 28 218 89 275 -1 -1 -1 -9.73 1.75 12.82 -1 1.000000
30 4 unknown -1 -1 -1 317 204 397 248 -1 -1 -1 -5.93 1.73 16.81 -1 1.000000
30 5 traffic light -1 -1 -1 220 85 247 154 -1 -1 -1 -6.57 1.72 12.38 -1 1.000000
30 6 window -1 -1 -1 163 108 203 191 -1 -1 -1 -9.76 1.76 16.39 -1 1.000000
30 7 wall -1 -1 -1 177 184 216 249 -1 -1 -1 -9.49 1.76 16.38 -1 1.000000
30 8 building -1 -1 -1 1 1 273 315 -1 -1 -1 -9.65 1.76 15.42 -1 1.000000
30 9 unknown -1 -1 -1 401 123 430 235 -1 -1 -1 -5.95 1.75 22.59 -1 1.000000
31 2 wall -1 -1 -1 94 188 172 256 -1 -1 -1 -9.79 1.77 14.80 -1 1.000000
31 3 unknown -1 -1 -1 28 218 89 275 -1 -1 -1 -9.72 1.76 12.81 -1 1.000000
31 4 unknown -1 -1 -1 317 204 396 248 -1 -1 -1 -5.95 1.75 16.77 -1 1.000000
31 5 traffic light -1 -1 -1 220 85 247 154 -1 -1 -1 -6.57 1.73 12.38 -1 1.000000
31 6 window -1 -1 -1 163 108 203 191 -1 -1 -1 -9.75 1.78 16.37 -1 1.000000
31 7 wall -1 -1 -1 175 184 216 249 -1 -1 -1 -9.48 1.78 16.38 -1 1.000000
31 8 building -1 -1 -1 1 1 274 315 -1 -1 -1 -9.64 1.77 15.40 -1 1.000000
31 9 unknown -1 -1 -1 405 123 430 234 -1 -1 -1 -5.95 1.78 22.60 -1 1.000000
31 10 tracking error -1 -1 -1 1094 178 1176 249 -1 -1 -1 10.51 1.60 14.83 -1 1.000000
32 2 wall -1 -1 -1 94 188 172 257 -1 -1 -1 -9.84 1.73 14.83 -1 1.000000
32 3 unknown -1 -1 -1 28 219 89 275 -1 -1 -1 -9.73 1.73 12.83 -1 1.000000
32 4 unknown -1 -1 -1 317 204 396 248 -1 -1 -1 -5.98 1.71 16.82 -1 1.000000
32 5 traffic light -1 -1 -1 220 86 248 154 -1 -1 -1 -6.57 1.71 12.37 -1 1.000000
32 6 window -1 -1 -1 162 108 202 191 -1 -1 -1 -9.74 1.73 16.36 -1 1.000000
32 7 wall -1 -1 -1 175 184 216 249 -1 -1 -1 -9.50 1.73 16.40 -1 1.000000
32 8 building -1 -1 -1 1 1 273 315 -1 -1 -1 -9.64 1.73 15.40 -1 1.000000
32 9 unknown -1 -1 -1 407 123 429 233 -1 -1 -1 -5.95 1.71 22.59 -1 1.000000
32 10 tracking error -1 -1 -1 1111 173 1197 249 -1 -1 -1 10.92 1.59 14.98 -1 1.000000
33 2 wall -1 -1 -1 94 188 173 257 -1 -1 -1 -9.83 1.75 14.86 -1 1.000000
33 3 unknown -1 -1 -1 28 218 89 275 -1 -1 -1 -9.73 1.75 12.82 -1 1.000000
33 4 unknown -1 -1 -1 317 204 396 248 -1 -1 -1 -5.92 1.72 16.82 -1 1.000000
33 5 traffic light -1 -1 -1 220 85 247 154 -1 -1 -1 -6.57 1.72 12.39 -1 1.000000
33 6 window -1 -1 -1 162 107 203 191 -1 -1 -1 -9.74 1.75 16.36 -1 1.000000
33 7 wall -1 -1 -1 176 184 216 249 -1 -1 -1 -9.50 1.75 16.38 -1 1.000000
33 8 building -1 -1 -1 1 1 273 315 -1 -1 -1 -9.65 1.75 15.41 -1 1.000000
33 9 unknown -1 -1 -1 407 123 429 235 -1 -1 -1 -5.95 1.73 22.60 -1 1.000000
33 10 tracking error -1 -1 -1 1168 181 1213 247 -1 -1 -1 11.70 1.56 15.09 -1 1.000000
34 2 wall -1 -1 -1 94 188 169 257 -1 -1 -1 -9.85 1.77 14.86 -1 1.000000
34 3 unknown -1 -1 -1 28 218 89 275 -1 -1 -1 -9.72 1.75 12.82 -1 1.000000
34 4 unknown -1 -1 -1 317 204 398 248 -1 -1 -1 -5.91 1.74 16.79 -1 1.000000
34 5 traffic light -1 -1 -1 220 86 248 154 -1 -1 -1 -6.58 1.73 12.38 -1 1.000000
34 6 window -1 -1 -1 162 108 205 191 -1 -1 -1 -9.75 1.77 16.39 -1 1.000000
34 7 wall -1 -1 -1 176 184 216 249 -1 -1 -1 -9.49 1.77 16.38 -1 1.000000
34 8 building -1 -1 -1 1 1 273 315 -1 -1 -1 -9.66 1.77 15.41 -1 1.000000
34 9 unknown -1 -1 -1 406 123 430 234 -1 -1 -1 -5.96 1.77 22.60 -1 1.000000
34 10 tracking error -1 -1 -1 1144 170 1234 249 -1 -1 -1 12.21 1.58 15.19 -1 1.000000
35 2 wall -1 -1 -1 94 188 171 257 -1 -1 -1 -9.86 1.76 14.86 -1 1.000000
35 3 unknown -1 -1 -1 28 218 89 275 -1 -1 -1 -9.72 1.75 12.82 -1 1.000000
35 4 unknown -1 -1 -1 317 204 395 248 -1 -1 -1 -5.96 1.73 16.82 -1 1.000000
35 5 traffic light -1 -1 -1 220 85 247 154 -1 -1 -1 -6.57 1.73 12.39 -1 1.000000
35 6 window -1 -1 -1 163 107 204 191 -1 -1 -1 -9.75 1.76 16.39 -1 1.000000
35 7 wall -1 -1 -1 177 184 216 249 -1 -1 -1 -9.49 1.76 16.39 -1 1.000000
35 8 building -1 -1 -1 1 1 273 315 -1 -1 -1 -9.65 1.76 15.41 -1 1.000000
35 9 unknown -1 -1 -1 404 123 430 234 -1 -1 -1 -5.95 1.74 22.59 -1 1.000000
35 10 tracking error -1 -1 -1 1186 179 1240 246 -1 -1 -1 12.72 1.56 15.32 -1 1.000000
36 2 wall -1 -1 -1 94 188 170 257 -1 -1 -1 -9.87 1.77 14.88 -1 1.000000
36 3 unknown -1 -1 -1 28 218 89 275 -1 -1 -1 -9.72 1.76 12.82 -1 1.000000
36 4 unknown -1 -1 -1 317 204 396 248 -1 -1 -1 -5.93 1.74 16.80 -1 1.000000
36 5 traffic light -1 -1 -1 220 85 248 154 -1 -1 -1 -6.58 1.73 12.40 -1 1.000000
36 6 window -1 -1 -1 162 108 204 191 -1 -1 -1 -9.76 1.77 16.37 -1 1.000000
36 7 wall -1 -1 -1 177 184 216 249 -1 -1 -1 -9.49 1.77 16.42 -1 1.000000
36 8 building -1 -1 -1 1 1 273 315 -1 -1 -1 -9.66 1.77 15.42 -1 1.000000
36 9 unknown -1 -1 -1 401 123 429 233 -1 -1 -1 -5.95 1.76 22.60 -1 1.000000
36 10 tracking error -1 -1 -1 1178 176 1240 248 -1 -1 -1 12.96 1.57 15.44 -1 1.000000
37 2 wall -1 -1 -1 94 188 171 257 -1 -1 -1 -9.86 1.74 14.82 -1 1.000000
37 3 unknown -1 -1 -1 28 218 89 276 -1 -1 -1 -9.74 1.73 12.84 -1 1.000000
37 4 unknown -1 -1 -1 317 204 396 248 -1 -1 -1 -5.94 1.71 16.81 -1 1.000000
37 5 traffic light -1 -1 -1 220 85 247 154 -1 -1 -1 -6.56 1.71 12.38 -1 1.000000
37 6 window -1 -1 -1 162 108 205 191 -1 -1 -1 -9.75 1.73 16.38 -1 1.000000
37 7 wall -1 -1 -1 177 184 216 249 -1 -1 -1 -9.50 1.73 16.42 -1 1.000000
37 8 building -1 -1 -1 1 1 273 315 -1 -1 -1 -9.65 1.73 15.40 -1 1.000000
37 9 unknown -1 -1 -1 401 123 430 233 -1 -1 -1 -5.95 1.70 22.59 -1 1.000000
37 10 tracking error -1 -1 -1 1196 174 1240 246 -1 -1 -1 13.27 1.57 15.55 -1 1.000000
38 2 wall -1 -1 -1 94 188 170 257 -1 -1 -1 -9.82 1.76 14.78 -1 1.000000
38 3 unknown -1 -1 -1 28 218 89 275 -1 -1 -1 -9.73 1.75 12.82 -1 1.000000
38 4 unknown -1 -1 -1 317 204 395 247 -1 -1 -1 -5.93 1.73 16.80 -1 1.000000
38 5 traffic light -1 -1 -1 220 85 247 154 -1 -1 -1 -6.56 1.72 12.37 -1 1.000000
38 6 window -1 -1 -1 162 108 205 191 -1 -1 -1 -9.76 1.76 16.39 -1 1.000000
38 7 wall -1 -1 -1 177 184 216 249 -1 -1 -1 -9.50 1.76 16.40 -1 1.000000
38 8 building -1 -1 -1 1 1 273 315 -1 -1 -1 -9.64 1.76 15.41 -1 1.000000
38 9 unknown -1 -1 -1 404 123 429 234 -1 -1 -1 -5.95 1.74 22.59 -1 1.000000
38 10 tracking error -1 -1 -1 1212 182 1240 246 -1 -1 -1 13.45 1.57 15.60 -1 1.000000
39 2 wall -1 -1 -1 94 188 169 257 -1 -1 -1 -9.84 1.77 14.77 -1 1.000000
39 3 unknown -1 -1 -1 28 218 89 275 -1 -1 -1 -9.73 1.76 12.82 -1 1.000000
39 4 unknown -1 -1 -1 317 204 395 248 -1 -1 -1 -5.95 1.74 16.81 -1 1.000000
39 5 traffic light -1 -1 -1 220 86 247 154 -1 -1 -1 -6.57 1.73 12.38 -1 1.000000
39 6 window -1 -1 -1 162 108 204 191 -1 -1 -1 -9.75 1.77 16.39 -1 1.000000
39 7 wall -1 -1 -1 177 184 216 249 -1 -1 -1 -9.50 1.77 16.40 -1 1.000000
39 8 building -1 -1 -1 1 1 273 315 -1 -1 -1 -9.65 1.77 15.41 -1 1.000000
39 9 unknown -1 -1 -1 401 123 430 234 -1 -1 -1 -5.95 1.76 22.60 -1 1.000000
39 10 tracking error -1 -1 -1 1230 192 1240 246 -1 -1 -1 13.57 1.57 15.56 -1 1.000000
40 2 wall -1 -1 -1 94 188 172 257 -1 -1 -1 -9.80 1.76 14.81 -1 1.000000
40 3 unknown -1 -1 -1 28 219 89 275 -1 -1 -1 -9.72 1.76 12.81 -1 1.000000
40 4 unknown -1 -1 -1 317 204 396 248 -1 -1 -1 -5.94 1.74 16.78 -1 1.000000
40 5 traffic light -1 -1 -1 220 85 248 154 -1 -1 -1 -6.56 1.73 12.37 -1 1.000000
40 6 window -1 -1 -1 163 108 203 191 -1 -1 -1 -9.74 1.77 16.38 -1 1.000000
40 7 wall -1 -1 -1 177 184 216 249 -1 -1 -1 -9.49 1.77 16.38 -1 1.000000
40 8 building -1 -1 -1 1 1 273 315 -1 -1 -1 -9.64 1.76 15.40 -1 1.000000
40 9 unknown -1 -1 -1 401 123 430 236 -1 -1 -1 -5.94 1.76 22.58 -1 1.000000
41 2 wall -1 -1 -1 94 188 168 257 -1 -1 -1 -9.83 1.77 14.78 -1 1.000000
41 3 unknown -1 -1 -1 28 219 89 275 -1 -1 -1 -9.72 1.76 12.81 -1 1.000000
41 4 unknown -1 -1 -1 317 204 397 248 -1 -1 -1 -5.93 1.74 16.81 -1 1.000000
41 5 traffic light -1 -1 -1 220 85 248 154 -1 -1 -1 -6.57 1.73 12.38 -1 1.000000
41 6 window -1 -1 -1 163 107 205 191 -1 -1 -1 -9.74 1.77 16.39 -1 1.000000
41 7 wall -1 -1 -1 177 184 216 249 -1 -1 -1 -9.49 1.77 16.37 -1 1.000000
41 8 building -1 -1 -1 1 1 273 315 -1 -1 -1 -9.64 1.77 15.40 -1 1.000000
41 9 unknown -1 -1 -1 405 123 429 233 -1 -1 -1 -5.95 1.75 22.59 -1 1.000000
42 2 wall -1 -1 -1 94 188 171 257 -1 -1 -1 -9.85 1.77 14.83 -1 1.000000
42 3 unknown -1 -1 -1 28 218 89 275 -1 -1 -1 -9.72 1.76 12.81 -1 1.000000
42 4 unknown -1 -1 -1 317 204 396 248 -1 -1 -1 -5.90 1.75 16.81 -1 1.000000
42 5 traffic light -1 -1 -1 220 86 247 154 -1 -1 -1 -6.58 1.73 12.39 -1 1.000000
42 6 window -1 -1 -1 163 108 204 191 -1 -1 -1 -9.76 1.78 16.41 -1 1.000000
42 7 wall -1 -1 -1 177 184 216 249 -1 -1 -1 -9.50 1.78 16.38 -1 1.000000
42 8 building -1 -1 -1 1 1 273 315 -1 -1 -1 -9.65 1.78 15.41 -1 1.000000
42 9 unknown -1 -1 -1 401 123 429 233 -1 -1 -1 -5.95 1.77 22.59 -1 1.000000
43 2 wall -1 -1 -1 94 188 171 257 -1 -1 -1 -9.83 1.77 14.81 -1 1.000000
43 3 unknown -1 -1 -1 28 219 89 275 -1 -1 -1 -9.72 1.75 12.81 -1 1.000000
43 4 unknown -1 -1 -1 317 204 396 248 -1 -1 -1 -5.93 1.74 16.78 -1 1.000000
43 5 traffic light -1 -1 -1 220 86 247 154 -1 -1 -1 -6.57 1.73 12.38 -1 1.000000
43 6 window -1 -1 -1 162 108 203 191 -1 -1 -1 -9.76 1.77 16.41 -1 1.000000
43 7 wall -1 -1 -1 177 184 216 249 -1 -1 -1 -9.50 1.77 16.38 -1 1.000000
43 8 building -1 -1 -1 1 1 273 315 -1 -1 -1 -9.64 1.77 15.41 -1 1.000000
43 9 unknown -1 -1 -1 401 123 429 234 -1 -1 -1 -5.95 1.76 22.59 -1 1.000000
43 11 tracking error -1 -1 -1 223 226 268 246 -1 -1 -1 -8.92 1.77 17.51 -1 1.000000
44 2 wall -1 -1 -1 94 188 170 257 -1 -1 -1 -9.81 1.77 14.78 -1 1.000000
44 3 unknown -1 -1 -1 43 218 96 275 -1 -1 -1 -9.72 1.76 12.83 -1 1.000000
44 4 unknown -1 -1 -1 317 204 396 248 -1 -1 -1 -5.91 1.74 16.80 -1 1.000000
44 5 traffic light -1 -1 -1 220 85 247 154 -1 -1 -1 -6.57 1.73 12.38 -1 1.000000
44 6 window -1 -1 -1 163 108 204 191 -1 -1 -1 -9.78 1.77 16.41 -1 1.000000
44 7 wall -1 -1 -1 175 184 216 249 -1 -1 -1 -9.49 1.77 16.37 -1 1.000000
44 8 building -1 -1 -1 1 1 273 315 -1 -1 -1 -9.65 1.77 15.41 -1 1.000000
44 9 unknown -1 -1 -1 400 123 430 235 -1 -1 -1 -5.95 1.76 22.59 -1 1.000000
45 2 wall -1 -1 -1 94 189 166 257 -1 -1 -1 -9.86 1.75 14.79 -1 1.000000
45 3 unknown -1 -1 -1 19 217 87 262 -1 -1 -1 -9.77 1.75 12.81 -1 1.000000
45 4 unknown -1 -1 -1 317 204 397 248 -1 -1 -1 -5.92 1.72 16.82 -1 1.000000
45 5 traffic light -1 -1 -1 220 86 247 154 -1 -1 -1 -6.57 1.72 12.38 -1 1.000000
45 6 window -1 -1 -1 162 108 204 191 -1 -1 -1 -9.77 1.75 16.38 -1 1.000000
45 7 wall -1 -1 -1 176 184 216 249 -1 -1 -1 -9.51 1.75 16.40 -1 1.000000
45 8 building -1 -1 -1 1 1 274 315 -1 -1 -1 -9.64 1.75 15.41 -1 1.000000
45 9 unknown -1 -1 -1 400 123 430 235 -1 -1 -1 -5.94 1.73 22.60 -1 1.000000
46 2 wall -1 -1 -1 94 188 165 257 -1 -1 -1 -9.86 1.77 14.78 -1 1.000000
46 3 unknown -1 -1 -1 19 217 87 262 -1 -1 -1 -9.76 1.76 12.81 -1 1.000000
46 4 unknown -1 -1 -1 317 204 395 248 -1 -1 -1 -5.92 1.74 16.79 -1 1.000000
46 5 traffic light -1 -1 -1 220 85 247 155 -1 -1 -1 -6.57 1.73 12.39 -1 1.000000
46 6 window -1 -1 -1 162 108 204 191 -1 -1 -1 -9.76 1.77 16.40 -1 1.000000
46 7 wall -1 -1 -1 177 184 216 249 -1 -1 -1 -9.50 1.77 16.40 -1 1.000000
46 8 building -1 -1 -1 1 1 273 315 -1 -1 -1 -9.65 1.77 15.41 -1 1.000000
46 9 unknown -1 -1 -1 401 123 429 237 -1 -1 -1 -5.95 1.76 22.60 -1 1.000000
47 2 wall -1 -1 -1 94 188 169 256 -1 -1 -1 -9.84 1.77 14.72 -1 1.000000
47 3 unknown -1 -1 -1 19 217 87 262 -1 -1 -1 -9.77 1.75 12.82 -1 1.000000
47 4 unknown -1 -1 -1 317 204 396 248 -1 -1 -1 -5.93 1.74 16.79 -1 1.000000
47 5 traffic light -1 -1 -1 220 85 247 154 -1 -1 -1 -6.58 1.73 12.39 -1 1.000000
47 6 window -1 -1 -1 162 107 204 191 -1 -1 -1 -9.75 1.77 16.39 -1 1.000000
47 7 wall -1 -1 -1 175 184 216 249 -1 -1 -1 -9.50 1.77 16.38 -1 1.000000
47 8 building -1 -1 -1 1 1 274 315 -1 -1 -1 -9.64 1.77 15.42 -1 1.000000
47 9 unknown -1 -1 -1 406 123 430 237 -1 -1 -1 -5.95 1.76 22.60 -1 1.000000
48 2 wall -1 -1 -1 94 188 168 256 -1 -1 -1 -9.83 1.76 14.77 -1 1.000000
48 3 unknown -1 -1 -1 19 217 87 263 -1 -1 -1 -9.77 1.75 12.82 -1 1.000000
48 4 unknown -1 -1 -1 317 204 396 248 -1 -1 -1 -5.92 1.74 16.78 -1 1.000000
48 5 traffic light -1 -1 -1 220 85 247 154 -1 -1 -1 -6.57 1.73 12.39 -1 1.000000
48 6 window -1 -1 -1 162 108 202 191 -1 -1 -1 -9.76 1.77 16.38 -1 1.000000
48 7 wall -1 -1 -1 177 184 216 249 -1 -1 -1 -9.49 1.77 16.37 -1 1.000000
48 8 building -1 -1 -1 1 1 273 315 -1 -1 -1 -9.65 1.76 15.41 -1 1.000000
48 9 unknown -1 -1 -1 407 123 429 236 -1 -1 -1 -5.95 1.76 22.60 -1 1.000000
49 2 wall -1 -1 -1 94 188 170 257 -1 -1 -1 -9.86 1.75 14.82 -1 1.000000
49 3 unknown -1 -1 -1 19 217 87 263 -1 -1 -1 -9.77 1.75 12.84 -1 1.000000
49 4 unknown -1 -1 -1 317 204 396 248 -1 -1 -1 -5.92 1.73 16.80 -1 1.000000
49 5 traffic light -1 -1 -1 220 85 247 154 -1 -1 -1 -6.57 1.72 12.38 -1 1.000000
49 6 window -1 -1 -1 162 108 202 191 -1 -1 -1 -9.76 1.76 16.38 -1 1.000000
49 7 wall -1 -1 -1 178 184 216 249 -1 -1 -1 -9.49 1.76 16.41 -1 1.000000
49 8 building -1 -1 -1 1 1 273 315 -1 -1 -1 -9.65 1.76 15.42 -1 1.000000
49 9 unknown -1 -1 -1 401 123 430 237 -1 -1 -1 -5.95 1.74 22.60 -1 1.000000
50 2 wall -1 -1 -1 94 188 168 257 -1 -1 -1 -9.85 1.77 14.83 -1 1.000000
50 3 unknown -1 -1 -1 19 217 87 262 -1 -1 -1 -9.76 1.76 12.81 -1 1.000000
50 4 unknown -1 -1 -1 317 204 396 248 -1 -1 -1 -5.91 1.75 16.78 -1 1.000000
50 5 traffic light -1 -1 -1 220 85 247 154 -1 -1 -1 -6.57 1.73 12.38 -1 1.000000
50 6 window -1 -1 -1 163 108 204 191 -1 -1 -1 -9.77 1.78 16.37 -1 1.000000
50 7 wall -1 -1 -1 176 184 216 249 -1 -1 -1 -9.49 1.78 16.39 -1 1.000000
50 8 building -1 -1 -1 1 1 273 315 -1 -1 -1 -9.65 1.77 15.41 -1 1.000000
50 9 unknown -1 -1 -1 406 123 430 239 -1 -1 -1 -5.95 1.77 22.60 -1 1.000000
51 2 wall -1 -1 -1 94 189 167 257 -1 -1 -1 -9.88 1.76 14.82 -1 1.000000
51 3 unknown -1 -1 -1 19 217 87 262 -1 -1 -1 -9.77 1.75 12.82 -1 1.000000
51 4 unknown -1 -1 -1 317 204 397 248 -1 -1 -1 -5.91 1.73 16.81 -1 1.000000
51 5 traffic light -1 -1 -1 220 86 247 154 -1 -1 -1 -6.57 1.72 12.37 -1 1.000000
51 6 window -1 -1 -1 162 108 202 191 -1 -1 -1 -9.77 1.76 16.39 -1 1.000000
51 7 wall -1 -1 -1 177 184 216 249 -1 -1 -1 -9.50 1.76 16.41 -1 1.000000
51 8 building -1 -1 -1 1 1 274 315 -1 -1 -1 -9.65 1.75 15.43 -1 1.000000
51 9 unknown -1 -1 -1 401 123 429 237 -1 -1 -1 -5.96 1.74 22.60 -1 1.000000
52 2 wall -1 -1 -1 94 188 166 257 -1 -1 -1 -9.87 1.77 14.81 -1 1.000000
52 3 unknown -1 -1 -1 27 217 89 272 -1 -1 -1 -9.73 1.76 12.83 -1 1.000000
52 4 unknown -1 -1 -1 317 204 397 248 -1 -1 -1 -5.92 1.74 16.81 -1 1.000000
52 5 traffic light -1 -1 -1 220 86 247 154 -1 -1 -1 -6.56 1.73 12.38 -1 1.000000
52 6 window -1 -1 -1 162 108 204 191 -1 -1 -1 -9.76 1.78 16.38 -1 1.000000
52 7 wall -1 -1 -1 177 184 216 249 -1 -1 -1 -9.50 1.78 16.38 -1 1.000000
52 8 building -1 -1 -1 1 1 274 315 -1 -1 -1 -9.65 1.77 15.42 -1 1.000000
52 9 unknown -1 -1 -1 404 123 430 239 -1 -1 -1 -5.95 1.77 22.59 -1 1.000000
53 2 wall -1 -1 -1 94 188 168 257 -1 -1 -1 -9.86 1.77 14.81 -1 1.000000
53 3 unknown -1 -1 -1 27 216 89 274 -1 -1 -1 -9.73 1.76 12.82 -1 1.000000
53 4 unknown -1 -1 -1 317 204 396 248 -1 -1 -1 -5.93 1.74 16.79 -1 1.000000
53 5 traffic light -1 -1 -1 220 86 247 154 -1 -1 -1 -6.56 1.73 12.38 -1 1.000000
53 6 window -1 -1 -1 162 108 205 191 -1 -1 -1 -9.75 1.77 16.36 -1 1.000000
53 7 wall -1 -1 -1 178 184 216 249 -1 -1 -1 -9.48 1.77 16.38 -1 1.000000
53 8 building -1 -1 -1 1 1 273 315 -1 -1 -1 -9.64 1.77 15.41 -1 1.000000
53 9 unknown -1 -1 -1 401 123 430 236 -1 -1 -1 -5.95 1.76 22.59 -1 1.000000
54 2 wall -1 -1 -1 94 188 168 257 -1 -1 -1 -9.89 1.78 14.89 -1 1.000000
54 3 unknown -1 -1 -1 27 216 89 272 -1 -1 -1 -9.73 1.77 12.83 -1 1.000000
54 4 unknown -1 -1 -1 317 204 396 248 -1 -1 -1 -5.92 1.75 16.78 -1 1.000000
54 5 traffic light -1 -1 -1 220 85 248 154 -1 -1 -1 -6.60 1.74 12.42 -1 1.000000
54 6 window -1 -1 -1 162 108 203 191 -1 -1 -1 -9.77 1.79 16.35 -1 1.000000
54 7 wall -1 -1 -1 177 184 216 249 -1 -1 -1 -9.48 1.78 16.39 -1 1.000000
54 8 building -1 -1 -1 1 1 274 315 -1 -1 -1 -9.65 1.78 15.45 -1 1.000000
54 9 unknown -1 -1 -1 405 123 429 234 -1 -1 -1 -5.95 1.78 22.60 -1 1.000000
55 2 wall -1 -1 -1 94 189 167 257 -1 -1 -1 -9.89 1.76 15.02 -1 1.000000
55 3 unknown -1 -1 -1 27 216 89 273 -1 -1 -1 -9.73 1.75 12.83 -1 1.000000
55 4 unknown -1 -1 -1 317 204 397 248 -1 -1 -1 -5.91 1.73 16.81 -1 1.000000
55 5 traffic light -1 -1 -1 220 86 247 154 -1 -1 -1 -6.59 1.72 12.40 -1 1.000000
55 6 window -1 -1 -1 162 108 203 191 -1 -1 -1 -9.76 1.76 16.33 -1 1.000000
55 7 wall -1 -1 -1 177 184 216 249 -1 -1 -1 -9.49 1.76 16.39 -1 1.000000
55 8 building -1 -1 -1 1 1 273 315 -1 -1 -1 -9.65 1.76 15.45 -1 1.000000
55 9 unknown -1 -1 -1 406 123 429 233 -1 -1 -1 -5.95 1.74 22.58 -1 1.000000
56 2 wall -1 -1 -1 94 189 170 257 -1 -1 -1 -9.89 1.76 14.89 -1 1.000000
56 3 unknown -1 -1 -1 27 216 90 273 -1 -1 -1 -9.72 1.75 12.82 -1 1.000000
56 4 unknown -1 -1 -1 317 204 395 248 -1 -1 -1 -5.95 1.72 16.83 -1 1.000000
56 5 traffic light -1 -1 -1 220 86 247 154 -1 -1 -1 -6.57 1.72 12.39 -1 1.000000
56 6 window -1 -1 -1 162 108 203 191 -1 -1 -1 -9.75 1.76 16.39 -1 1.000000
56 7 wall -1 -1 -1 177 184 216 249 -1 -1 -1 -9.50 1.75 16.40 -1 1.000000
56 8 building -1 -1 -1 1 1 274 315 -1 -1 -1 -9.66 1.75 15.44 -1 1.000000
56 9 unknown -1 -1 -1 400 123 430 232 -1 -1 -1 -5.95 1.73 22.57 -1 1.000000
57 2 wall -1 -1 -1 94 189 168 257 -1 -1 -1 -9.88 1.77 14.84 -1 1.000000
57 3 unknown -1 -1 -1 19 217 87 262 -1 -1 -1 -9.75 1.76 12.79 -1 1.000000
57 4 unknown -1 -1 -1 317 204 396 248 -1 -1 -1 -5.93 1.74 16.80 -1 1.000000
57 5 traffic light -1 -1 -1 220 86 248 155 -1 -1 -1 -6.58 1.73 12.38 -1 1.000000
57 6 window -1 -1 -1 162 107 204 191 -1 -1 -1 -9.76 1.78 16.39 -1 1.000000
57 7 wall -1 -1 -1 177 184 216 249 -1 -1 -1 -9.49 1.78 16.38 -1 1.000000
57 8 building -1 -1 -1 1 1 273 315 -1 -1 -1 -9.66 1.77 15.42 -1 1.000000
57 9 unknown -1 -1 -1 406 123 430 234 -1 -1 -1 -5.95 1.77 22.60 -1 1.000000
58 2 wall -1 -1 -1 94 188 168 257 -1 -1 -1 -9.89 1.77 14.82 -1 1.000000
58 3 unknown -1 -1 -1 19 217 87 262 -1 -1 -1 -9.76 1.76 12.80 -1 1.000000
58 4 unknown -1 -1 -1 317 204 396 248 -1 -1 -1 -5.92 1.75 16.82 -1 1.000000
58 5 traffic light -1 -1 -1 220 86 248 154 -1 -1 -1 -6.57 1.73 12.38 -1 1.000000
58 6 window -1 -1 -1 162 108 203 191 -1 -1 -1 -9.77 1.78 16.39 -1 1.000000
58 7 wall -1 -1 -1 177 184 216 249 -1 -1 -1 -9.49 1.77 16.38 -1 1.000000
58 8 building -1 -1 -1 1 1 273 315 -1 -1 -1 -9.66 1.77 15.42 -1 1.000000
58 9 unknown -1 -1 -1 403 123 429 234 -1 -1 -1 -5.95 1.77 22.57 -1 1.000000
59 2 wall -1 -1 -1 94 188 170 257 -1 -1 -1 -9.89 1.76 14.89 -1 1.000000
59 3 unknown -1 -1 -1 19 217 87 262 -1 -1 -1 -9.78 1.75 12.82 -1 1.000000
59 4 unknown -1 -1 -1 317 202 358 249 -1 -1 -1 -6.01 1.73 16.90 -1 1.000000
59 5 traffic light -1 -1 -1 220 86 247 154 -1 -1 -1 -6.58 1.72 12.39 -1 1.000000
59 6 window -1 -1 -1 163 108 203 191 -1 -1 -1 -9.77 1.76 16.41 -1 1.000000
59 7 wall -1 -1 -1 176 184 216 249 -1 -1 -1 -9.51 1.76 16.41 -1 1.000000
59 8 building -1 -1 -1 1 1 273 315 -1 -1 -1 -9.67 1.76 15.43 -1 1.000000
59 9 unknown -1 -1 -1 406 123 430 237 -1 -1 -1 -5.96 1.74 22.58 -1 1.000000
60 2 wall -1 -1 -1 94 188 172 257 -1 -1 -1 -9.88 1.77 14.83 -1 1.000000
60 3 unknown -1 -1 -1 19 217 87 262 -1 -1 -1 -9.77 1.76 12.82 -1 1.000000
60 4 unknown -1 -1 -1 317 204 396 248 -1 -1 -1 -5.95 1.74 16.82 -1 1.000000
60 5 traffic light -1 -1 -1 220 86 248 154 -1 -1 -1 -6.58 1.73 12.39 -1 1.000000
60 6 window -1 -1 -1 162 108 203 191 -1 -1 -1 -9.78 1.77 16.41 -1 1.000000
60 7 wall -1 -1 -1 177 184 216 249 -1 -1 -1 -9.50 1.77 16.42 -1 1.000000
60 8 building -1 -1 -1 1 1 273 315 -1 -1 -1 -9.67 1.76 15.44 -1 1.000000
60 9 unknown -1 -1 -1 406 123 429 232 -1 -1 -1 -5.96 1.76 22.59 -1 1.000000
61 2 wall -1 -1 -1 94 188 172 257 -1 -1 -1 -9.82 1.78 14.81 -1 1.000000
61 3 unknown -1 -1 -1 20 217 87 262 -1 -1 -1 -9.76 1.76 12.81 -1 1.000000
61 4 unknown -1 -1 -1 317 204 396 248 -1 -1 -1 -5.98 1.75 16.83 -1 1.000000
61 6 window -1 -1 -1 162 108 202 191 -1 -1 -1 -9.78 1.78 16.42 -1 1.000000
61 7 wall -1 -1 -1 176 184 216 249 -1 -1 -1 -9.51 1.78 16.41 -1 1.000000
61 8 building -1 -1 -1 1 1 274 315 -1 -1 -1 -9.66 1.78 15.44 -1 1.000000
61 9 unknown -1 -1 -1 405 123 430 237 -1 -1 -1 -5.95 1.78 22.59 -1 1.000000
61 12 traffic light -1 -1 -1 198 47 256 180 -1 -1 -1 -6.73 1.73 12.39 -1 1.000000
62 2 wall -1 -1 -1 94 188 171 257 -1 -1 -1 -9.85 1.75 14.88 -1 1.000000
62 3 unknown -1 -1 -1 20 217 87 262 -1 -1 -1 -9.77 1.75 12.82 -1 1.000000
62 4 unknown -1 -1 -1 317 204 395 248 -1 -1 -1 -5.97 1.73 16.84 -1 1.000000
62 6 window -1 -1 -1 162 108 202 191 -1 -1 -1 -9.78 1.76 16.40 -1 1.000000
62 7 wall -1 -1 -1 178 184 216 249 -1 -1 -1 -9.51 1.76 16.42 -1 1.000000
62 8 building -1 -1 -1 1 1 273 315 -1 -1 -1 -9.66 1.75 15.43 -1 1.000000
62 9 unknown -1 -1 -1 404 123 430 236 -1 -1 -1 -5.95 1.74 22.59 -1 1.000000
62 13 traffic light -1 -1 -1 220 86 247 154 -1 -1 -1 -6.57 1.72 12.38 -1 1.000000
63 2 wall -1 -1 -1 94 188 167 257 -1 -1 -1 -9.87 1.77 14.81 -1 1.000000
63 3 unknown -1 -1 -1 20 217 87 262 -1 -1 -1 -9.76 1.76 12.81 -1 1.000000
63 4 unknown -1 -1 -1 317 204 395 248 -1 -1 -1 -5.98 1.74 16.83 -1 1.000000
63 6 window -1 -1 -1 162 108 205 191 -1 -1 -1 -9.77 1.77 16.41 -1 1.000000
63 7 wall -1 -1 -1 177 184 216 249 -1 -1 -1 -9.51 1.77 16.41 -1 1.000000
63 8 building -1 -1 -1 1 1 273 315 -1 -1 -1 -9.66 1.77 15.42 -1 1.000000
63 9 unknown -1 -1 -1 406 123 429 232 -1 -1 -1 -5.95 1.76 22.60 -1 1.000000
63 13 traffic light -1 -1 -1 220 85 247 154 -1 -1 -1 -6.58 1.73 12.39 -1 1.000000
64 2 wall -1 -1 -1 94 188 172 257 -1 -1 -1 -9.88 1.76 14.82 -1 1.000000
64 3 unknown -1 -1 -1 27 216 90 272 -1 -1 -1 -9.72 1.75 12.83 -1 1.000000
64 4 unknown -1 -1 -1 317 204 395 248 -1 -1 -1 -5.98 1.74 16.80 -1 1.000000
64 6 window -1 -1 -1 162 108 202 191 -1 -1 -1 -9.78 1.77 16.42 -1 1.000000
64 7 wall -1 -1 -1 177 184 216 249 -1 -1 -1 -9.51 1.76 16.43 -1 1.000000
64 8 building -1 -1 -1 1 1 273 315 -1 -1 -1 -9.66 1.76 15.42 -1 1.000000
64 9 unknown -1 -1 -1 405 123 429 231 -1 -1 -1 -5.96 1.76 22.60 -1 1.000000
64 13 traffic light -1 -1 -1 220 86 247 154 -1 -1 -1 -6.58 1.73 12.39 -1 1.000000
65 2 wall -1 -1 -1 94 188 167 257 -1 -1 -1 -9.89 1.77 14.85 -1 1.000000
65 3 unknown -1 -1 -1 27 217 89 273 -1 -1 -1 -9.72 1.76 12.83 -1 1.000000
65 4 unknown -1 -1 -1 317 204 396 248 -1 -1 -1 -5.97 1.75 16.80 -1 1.000000
65 6 window -1 -1 -1 162 108 204 191 -1 -1 -1 -9.77 1.78 16.41 -1 1.000000
65 7 wall -1 -1 -1 177 184 216 250 -1 -1 -1 -9.51 1.77 16.42 -1 1.000000
65 8 building -1 -1 -1 1 1 273 315 -1 -1 -1 -9.66 1.77 15.41 -1 1.000000
65 9 unknown -1 -1 -1 401 123 430 231 -1 -1 -1 -5.96 1.77 22.60 -1 1.000000
65 13 traffic light -1 -1 -1 220 85 247 154 -1 -1 -1 -6.58 1.73 12.38 -1 1.000000
66 2 wall -1 -1 -1 94 189 168 257 -1 -1 -1 -9.90 1.76 14.87 -1 1.000000
66 3 unknown -1 -1 -1 27 216 90 273 -1 -1 -1 -9.72 1.75 12.83 -1 1.000000
66 4 unknown -1 -1 -1 317 204 396 248 -1 -1 -1 -5.92 1.74 16.80 -1 1.000000
66 6 window -1 -1 -1 162 108 204 191 -1 -1 -1 -9.78 1.76 16.39 -1 1.000000
66 7 wall -1 -1 -1 177 184 216 249 -1 -1 -1 -9.51 1.76 16.45 -1 1.000000
66 8 building -1 -1 -1 1 1 273 315 -1 -1 -1 -9.67 1.76 15.42 -1 1.000000
66 13 traffic light -1 -1 -1 220 86 247 154 -1 -1 -1 -6.58 1.72 12.39 -1 1.000000
67 2 wall -1 -1 -1 94 189 170 257 -1 -1 -1 -9.87 1.77 14.86 -1 1.000000
67 3 unknown -1 -1 -1 27 216 89 274 -1 -1 -1 -9.72 1.76 12.82 -1 1.000000
67 4 unknown -1 -1 -1 317 204 396 248 -1 -1 -1 -5.92 1.74 16.80 -1 1.000000
67 6 window -1 -1 -1 162 108 205 191 -1 -1 -1 -9.76 1.77 16.40 -1 1.000000
67 7 wall -1 -1 -1 178 184 216 249 -1 -1 -1 -9.51 1.77 16.43 -1 1.000000
67 8 building -1 -1 -1 1 1 273 315 -1 -1 -1 -9.65 1.76 15.42 -1 1.000000
67 13 traffic light -1 -1 -1 220 85 247 155 -1 -1 -1 -6.59 1.73 12.39 -1 1.000000
68 2 wall -1 -1 -1 94 188 172 257 -1 -1 -1 -9.85 1.77 14.93 -1 1.000000
68 3 unknown -1 -1 -1 27 217 89 273 -1 -1 -1 -9.72 1.76 12.83 -1 1.000000
68 4 unknown -1 -1 -1 317 204 396 248 -1 -1 -1 -5.95 1.75 16.79 -1 1.000000
68 6 window -1 -1 -1 162 108 204 191 -1 -1 -1 -9.77 1.78 16.39 -1 1.000000
68 7 wall -1 -1 -1 177 184 216 249 -1 -1 -1 -9.50 1.78 16.41 -1 1.000000
68 8 building -1 -1 -1 1 1 273 315 -1 -1 -1 -9.66 1.77 15.42 -1 1.000000
68 13 traffic light -1 -1 -1 220 86 247 154 -1 -1 -1 -6.59 1.73 12.39 -1 1.000000
69 2 wall -1 -1 -1 94 188 171 257 -1 -1 -1 -9.85 1.77 14.86 -1 1.000000
69 3 unknown -1 -1 -1 20 217 87 262 -1 -1 -1 -9.77 1.76 12.81 -1 1.000000
69 4 unknown -1 -1 -1 317 204 397 248 -1 -1 -1 -5.93 1.74 16.84 -1 1.000000
69 6 window -1 -1 -1 162 108 203 191 -1 -1 -1 -9.78 1.77 16.37 -1 1.000000
69 7 wall -1 -1 -1 177 184 216 249 -1 -1 -1 -9.50 1.77 16.42 -1 1.000000
69 8 building -1 -1 -1 1 1 273 315 -1 -1 -1 -9.65 1.76 15.42 -1 1.000000
69 13 traffic light -1 -1 -1 220 86 247 154 -1 -1 -1 -6.58 1.73 12.39 -1 1.000000
70 2 wall -1 -1 -1 94 188 172 257 -1 -1 -1 -9.84 1.76 14.87 -1 1.000000
70 3 unknown -1 -1 -1 19 217 87 262 -1 -1 -1 -9.77 1.75 12.82 -1 1.000000
70 4 unknown -1 -1 -1 317 204 397 248 -1 -1 -1 -5.95 1.73 16.83 -1 1.000000
70 6 window -1 -1 -1 162 108 204 191 -1 -1 -1 -9.76 1.76 16.37 -1 1.000000
70 7 wall -1 -1 -1 176 184 216 249 -1 -1 -1 -9.50 1.76 16.41 -1 1.000000
70 8 building -1 -1 -1 1 1 273 315 -1 -1 -1 -9.65 1.76 15.40 -1 1.000000
70 13 traffic light -1 -1 -1 220 85 248 154 -1 -1 -1 -6.58 1.72 12.38 -1 1.000000
71 2 wall -1 -1 -1 94 188 170 257 -1 -1 -1 -9.88 1.76 14.89 -1 1.000000
71 3 unknown -1 -1 -1 19 217 87 262 -1 -1 -1 -9.76 1.76 12.80 -1 1.000000
71 4 unknown -1 -1 -1 317 204 396 248 -1 -1 -1 -5.95 1.74 16.80 -1 1.000000
71 6 window -1 -1 -1 162 108 205 191 -1 -1 -1 -9.77 1.77 16.37 -1 1.000000
71 7 wall -1 -1 -1 177 184 216 249 -1 -1 -1 -9.50 1.77 16.41 -1 1.000000
71 8 building -1 -1 -1 1 1 273 315 -1 -1 -1 -9.65 1.76 15.42 -1 1.000000
71 13 traffic light -1 -1 -1 220 86 247 155 -1 -1 -1 -6.58 1.73 12.39 -1 1.000000
72 2 wall -1 -1 -1 94 188 170 257 -1 -1 -1 -9.89 1.77 14.91 -1 1.000000
72 3 unknown -1 -1 -1 20 217 86 262 -1 -1 -1 -9.76 1.76 12.80 -1 1.000000
72 4 unknown -1 -1 -1 317 204 396 248 -1 -1 -1 -5.93 1.74 16.77 -1 1.000000
72 6 window -1 -1 -1 163 108 202 191 -1 -1 -1 -9.77 1.78 16.40 -1 1.000000
72 7 wall -1 -1 -1 176 184 216 249 -1 -1 -1 -9.51 1.77 16.42 -1 1.000000
72 8 building -1 -1 -1 1 1 273 315 -1 -1 -1 -9.66 1.77 15.43 -1 1.000000
72 13 traffic light -1 -1 -1 220 86 248 155 -1 -1 -1 -6.59 1.73 12.40 -1 1.000000
73 2 wall -1 -1 -1 94 188 172 257 -1 -1 -1 -9.87 1.78 14.93 -1 1.000000
73 3 unknown -1 -1 -1 20 217 87 262 -1 -1 -1 -9.77 1.77 12.80 -1 1.000000
73 4 unknown -1 -1 -1 317 204 396 248 -1 -1 -1 -5.93 1.75 16.80 -1 1.000000
