1 0 car -1 -1 -1 303 166 402 235 -1 -1 -1 -8.28 2.00 25.07 -1 1.000000
1 1 car -1 -1 -1 397 179 462 219 -1 -1 -1 -8.15 2.05 33.06 -1 1.000000
2 0 car -1 -1 -1 278 168 382 238 -1 -1 -1 -8.32 2.02 23.24 -1 1.000000
2 1 car -1 -1 -1 386 181 454 221 -1 -1 -1 -8.15 2.07 31.60 -1 1.000000
3 0 car -1 -1 -1 256 169 367 246 -1 -1 -1 -8.42 1.99 21.75 -1 1.000000
3 1 car -1 -1 -1 373 181 444 224 -1 -1 -1 -8.12 2.05 30.06 -1 1.000000
4 0 car -1 -1 -1 267 169 352 252 -1 -1 -1 -8.37 1.97 20.43 -1 1.000000
4 1 car -1 -1 -1 359 181 433 228 -1 -1 -1 -8.23 2.02 28.51 -1 1.000000
5 0 car -1 -1 -1 227 169 330 248 -1 -1 -1 -8.40 1.94 19.10 -1 1.000000
5 1 car -1 -1 -1 344 180 423 227 -1 -1 -1 -8.22 1.97 27.11 -1 1.000000
6 0 car -1 -1 -1 167 164 308 262 -1 -1 -1 -8.50 1.91 17.64 -1 1.000000
6 1 car -1 -1 -1 325 182 414 234 -1 -1 -1 -8.31 1.96 25.73 -1 1.000000
7 0 car -1 -1 -1 119 152 296 275 -1 -1 -1 -8.57 1.90 16.02 -1 1.000000
7 1 car -1 -1 -1 305 183 400 238 -1 -1 -1 -8.41 1.90 24.18 -1 1.000000
8 0 car -1 -1 -1 59 161 267 288 -1 -1 -1 -8.56 1.91 14.54 -1 1.000000
8 1 car -1 -1 -1 285 184 386 244 -1 -1 -1 -8.48 1.97 22.71 -1 1.000000
8 2 car -1 -1 -1 398 184 461 219 -1 -1 -1 -8.04 2.04 32.61 -1 1.000000
9 1 car -1 -1 -1 257 161 371 242 -1 -1 -1 -8.52 1.93 21.37 -1 1.000000
9 2 car -1 -1 -1 385 184 451 219 -1 -1 -1 -8.19 1.99 31.39 -1 1.000000
10 1 car -1 -1 -1 227 174 352 248 -1 -1 -1 -8.56 1.84 20.05 -1 1.000000
10 2 car -1 -1 -1 372 182 441 220 -1 -1 -1 -8.39 1.88 30.16 -1 1.000000
10 3 car -1 -1 -1 465 175 522 205 -1 -1 -1 -6.92 1.90 42.59 -1 1.000000
11 1 car -1 -1 -1 199 176 334 249 -1 -1 -1 -8.55 1.86 18.78 -1 1.000000
11 2 car -1 -1 -1 354 181 430 221 -1 -1 -1 -8.57 1.89 29.00 -1 1.000000
11 3 car -1 -1 -1 461 174 518 205 -1 -1 -1 -6.99 1.87 41.67 -1 1.000000
12 1 car -1 -1 -1 153 182 311 262 -1 -1 -1 -8.66 1.83 17.37 -1 1.000000
12 2 car -1 -1 -1 341 183 423 226 -1 -1 -1 -8.69 1.87 27.80 -1 1.000000
12 4 car -1 -1 -1 414 172 476 212 -1 -1 -1 -7.96 1.87 34.94 -1 1.000000
13 1 car -1 -1 -1 110 183 291 273 -1 -1 -1 -8.67 1.84 15.84 -1 1.000000
13 2 car -1 -1 -1 324 185 409 229 -1 -1 -1 -8.75 1.87 26.22 -1 1.000000
13 4 car -1 -1 -1 404 175 462 210 -1 -1 -1 -8.16 1.87 33.55 -1 1.000000
14 1 car -1 -1 -1 57 184 259 281 -1 -1 -1 -8.77 1.89 14.65 -1 1.000000
14 2 car -1 -1 -1 304 185 395 232 -1 -1 -1 -8.73 1.92 24.75 -1 1.000000
14 4 car -1 -1 -1 391 174 450 215 -1 -1 -1 -8.30 1.92 32.19 -1 1.000000
15 1 car -1 -1 -1 31 187 227 291 -1 -1 -1 -8.72 1.88 13.44 -1 1.000000
15 2 car -1 -1 -1 282 189 381 236 -1 -1 -1 -8.74 1.95 23.22 -1 1.000000
15 4 car -1 -1 -1 376 176 440 220 -1 -1 -1 -8.39 1.97 30.56 -1 1.000000
16 1 car -1 -1 -1 1 176 189 317 -1 -1 -1 -8.67 1.85 12.35 -1 1.000000
16 2 car -1 -1 -1 257 188 364 237 -1 -1 -1 -8.85 1.89 22.15 -1 1.000000
16 4 car -1 -1 -1 366 175 429 215 -1 -1 -1 -8.46 1.92 29.23 -1 1.000000
17 1 car -1 -1 -1 1 187 143 321 -1 -1 -1 -8.65 1.85 11.74 -1 1.000000
17 2 car -1 -1 -1 242 192 351 242 -1 -1 -1 -8.73 1.92 20.75 -1 1.000000
17 4 car -1 -1 -1 349 178 420 221 -1 -1 -1 -8.52 1.95 27.90 -1 1.000000
17 5 car -1 -1 -1 478 178 533 206 -1 -1 -1 -7.20 2.04 48.90 -1 1.000000
18 1 car -1 -1 -1 1 184 100 303 -1 -1 -1 -8.60 1.88 11.09 -1 1.000000
18 2 car -1 -1 -1 226 189 334 248 -1 -1 -1 -8.68 1.94 19.54 -1 1.000000
18 4 car -1 -1 -1 332 178 410 222 -1 -1 -1 -8.54 1.97 26.50 -1 1.000000
18 5 car -1 -1 -1 473 179 528 205 -1 -1 -1 -7.40 2.04 48.10 -1 1.000000
19 1 car -1 -1 -1 0 190 28 316 -1 -1 -1 -8.71 1.85 9.96 -1 1.000000
19 2 car -1 -1 -1 206 190 316 253 -1 -1 -1 -8.60 1.90 18.11 -1 1.000000
19 4 car -1 -1 -1 315 177 398 222 -1 -1 -1 -8.58 1.93 25.13 -1 1.000000
19 5 car -1 -1 -1 468 178 525 204 -1 -1 -1 -7.40 2.02 47.19 -1 1.000000
19 6 car -1 -1 -1 392 183 456 219 -1 -1 -1 -8.17 1.96 31.35 -1 1.000000
20 2 car -1 -1 -1 127 189 303 262 -1 -1 -1 -8.82 1.85 16.64 -1 1.000000
20 4 car -1 -1 -1 299 177 384 225 -1 -1 -1 -8.66 1.88 23.80 -1 1.000000
20 5 car -1 -1 -1 462 140 520 205 -1 -1 -1 -7.44 1.93 46.25 -1 1.000000
20 6 car -1 -1 -1 381 184 431 221 -1 -1 -1 -8.20 1.89 29.63 -1 1.000000
20 7 car -1 -1 -1 412 168 460 216 -1 -1 -1 -7.83 1.89 34.34 -1 1.000000
21 2 car -1 -1 -1 75 190 273 273 -1 -1 -1 -8.87 1.82 15.26 -1 1.000000
21 4 car -1 -1 -1 272 177 373 238 -1 -1 -1 -8.71 1.84 22.45 -1 1.000000
21 5 car -1 -1 -1 455 178 517 205 -1 -1 -1 -7.67 1.92 45.06 -1 1.000000
21 6 car -1 -1 -1 368 184 424 224 -1 -1 -1 -8.33 1.86 28.32 -1 1.000000
21 7 car -1 -1 -1 402 167 456 217 -1 -1 -1 -8.01 1.86 33.38 -1 1.000000
22 2 car -1 -1 -1 28 192 245 283 -1 -1 -1 -8.82 1.83 14.01 -1 1.000000
22 4 car -1 -1 -1 251 177 358 241 -1 -1 -1 -8.76 1.87 21.06 -1 1.000000
22 5 car -1 -1 -1 447 178 511 206 -1 -1 -1 -7.83 1.97 43.69 -1 1.000000
22 6 car -1 -1 -1 353 185 411 223 -1 -1 -1 -8.39 1.88 26.96 -1 1.000000
22 7 car -1 -1 -1 389 175 449 219 -1 -1 -1 -8.08 1.90 32.30 -1 1.000000
22 8 greenery -1 -1 -1 890 133 933 209 -1 -1 -1 10.66 1.61 25.72 -1 1.000000
23 2 car -1 -1 -1 1 194 209 301 -1 -1 -1 -8.65 1.85 12.80 -1 1.000000
23 4 car -1 -1 -1 226 177 340 243 -1 -1 -1 -8.73 1.89 19.55 -1 1.000000
23 5 car -1 -1 -1 442 178 507 207 -1 -1 -1 -7.83 1.95 42.58 -1 1.000000
23 6 car -1 -1 -1 336 186 398 229 -1 -1 -1 -8.47 1.90 25.56 -1 1.000000
23 7 car -1 -1 -1 381 177 440 220 -1 -1 -1 -8.17 1.91 31.09 -1 1.000000
24 2 car -1 -1 -1 16 196 171 291 -1 -1 -1 -8.60 1.82 12.00 -1 1.000000
24 4 car -1 -1 -1 192 173 320 250 -1 -1 -1 -8.80 1.86 18.21 -1 1.000000
24 5 car -1 -1 -1 433 178 502 209 -1 -1 -1 -8.02 1.97 41.37 -1 1.000000
24 6 car -1 -1 -1 317 189 387 234 -1 -1 -1 -8.60 1.90 24.39 -1 1.000000
24 7 car -1 -1 -1 368 177 432 221 -1 -1 -1 -8.31 1.91 29.96 -1 1.000000
24 8 greenery -1 -1 -1 919 140 973 213 -1 -1 -1 10.44 1.59 22.88 -1 1.000000
25 2 car -1 -1 -1 1 198 122 285 -1 -1 -1 -8.55 1.78 11.29 -1 1.000000
25 4 car -1 -1 -1 155 173 299 257 -1 -1 -1 -8.89 1.81 16.90 -1 1.000000
25 5 car -1 -1 -1 428 178 498 208 -1 -1 -1 -8.02 1.87 39.62 -1 1.000000
25 6 car -1 -1 -1 294 189 372 234 -1 -1 -1 -8.68 1.84 22.97 -1 1.000000
25 7 car -1 -1 -1 356 178 425 226 -1 -1 -1 -8.32 1.84 28.37 -1 1.000000
25 8 greenery -1 -1 -1 932 139 997 214 -1 -1 -1 10.36 1.54 21.48 -1 1.000000
26 2 car -1 -1 -1 1 204 72 304 -1 -1 -1 -8.61 1.78 10.91 -1 1.000000
26 4 car -1 -1 -1 124 175 279 261 -1 -1 -1 -8.78 1.81 15.85 -1 1.000000
26 5 car -1 -1 -1 418 178 492 210 -1 -1 -1 -8.10 1.82 38.48 -1 1.000000
26 6 car -1 -1 -1 278 189 357 237 -1 -1 -1 -8.61 1.82 21.66 -1 1.000000
26 7 car -1 -1 -1 342 177 413 225 -1 -1 -1 -8.40 1.82 27.00 -1 1.000000
27 2 car -1 -1 -1 0 234 10 279 -1 -1 -1 -8.61 1.80 9.70 -1 1.000000
27 4 car -1 -1 -1 66 170 256 275 -1 -1 -1 -8.86 1.80 14.55 -1 1.000000
27 5 car -1 -1 -1 407 178 487 210 -1 -1 -1 -8.27 1.72 37.27 -1 1.000000
27 6 car -1 -1 -1 247 191 342 245 -1 -1 -1 -8.67 1.79 20.36 -1 1.000000
27 7 car -1 -1 -1 326 177 400 228 -1 -1 -1 -8.42 1.77 25.57 -1 1.000000
28 4 car -1 -1 -1 24 171 225 279 -1 -1 -1 -8.78 1.83 13.43 -1 1.000000
28 5 car -1 -1 -1 396 177 483 215 -1 -1 -1 -8.27 1.87 35.57 -1 1.000000
28 6 car -1 -1 -1 219 192 324 251 -1 -1 -1 -8.64 1.85 18.90 -1 1.000000
28 7 car -1 -1 -1 306 176 387 232 -1 -1 -1 -8.40 1.85 24.13 -1 1.000000
29 4 car -1 -1 -1 1 174 190 306 -1 -1 -1 -8.67 1.84 12.51 -1 1.000000
29 5 car -1 -1 -1 388 181 470 216 -1 -1 -1 -8.42 1.88 33.85 -1 1.000000
29 6 car -1 -1 -1 183 193 312 255 -1 -1 -1 -8.81 1.85 17.97 -1 1.000000
29 7 car -1 -1 -1 289 179 379 242 -1 -1 -1 -8.42 1.87 22.68 -1 1.000000
30 4 car -1 -1 -1 1 164 154 307 -1 -1 -1 -8.61 1.83 11.87 -1 1.000000
30 5 car -1 -1 -1 378 182 445 218 -1 -1 -1 -8.61 1.92 32.26 -1 1.000000
30 6 car -1 -1 -1 146 193 278 265 -1 -1 -1 -8.84 1.87 16.55 -1 1.000000
30 7 car -1 -1 -1 264 180 360 242 -1 -1 -1 -8.43 1.88 21.23 -1 1.000000
31 4 car -1 -1 -1 1 182 98 303 -1 -1 -1 -8.59 1.83 11.05 -1 1.000000
31 5 car -1 -1 -1 365 182 437 220 -1 -1 -1 -8.79 1.87 30.95 -1 1.000000
31 6 car -1 -1 -1 91 193 257 274 -1 -1 -1 -8.89 1.86 15.23 -1 1.000000
31 7 car -1 -1 -1 241 180 344 248 -1 -1 -1 -8.47 1.85 19.86 -1 1.000000
32 5 car -1 -1 -1 354 182 428 222 -1 -1 -1 -8.85 1.87 29.68 -1 1.000000
32 6 car -1 -1 -1 43 192 220 282 -1 -1 -1 -9.02 1.86 14.03 -1 1.000000
32 7 car -1 -1 -1 213 170 328 255 -1 -1 -1 -8.50 1.84 18.74 -1 1.000000
32 9 tracking error -1 -1 -1 0 192 44 311 -1 -1 -1 -8.60 1.84 9.75 -1 1.000000
33 5 car -1 -1 -1 339 183 419 225 -1 -1 -1 -8.85 1.93 28.35 -1 1.000000
33 6 car -1 -1 -1 1 201 189 305 -1 -1 -1 -8.96 1.89 13.01 -1 1.000000
33 7 car -1 -1 -1 178 179 310 261 -1 -1 -1 -8.48 1.89 17.46 -1 1.000000
34 5 car -1 -1 -1 325 186 408 226 -1 -1 -1 -8.84 1.92 26.91 -1 1.000000
34 6 car -1 -1 -1 1 204 149 311 -1 -1 -1 -8.75 1.87 12.02 -1 1.000000
34 7 car -1 -1 -1 135 182 286 271 -1 -1 -1 -8.59 1.88 16.10 -1 1.000000
34 10 car -1 -1 -1 392 179 444 216 -1 -1 -1 -8.35 1.90 32.84 -1 1.000000
35 5 car -1 -1 -1 311 186 398 225 -1 -1 -1 -8.78 1.92 25.65 -1 1.000000
35 6 car -1 -1 -1 1 209 106 308 -1 -1 -1 -8.62 1.87 11.37 -1 1.000000
35 7 car -1 -1 -1 89 180 265 284 -1 -1 -1 -8.62 1.88 14.81 -1 1.000000
35 10 car -1 -1 -1 385 180 437 218 -1 -1 -1 -8.39 1.92 31.51 -1 1.000000
36 5 car -1 -1 -1 290 185 387 236 -1 -1 -1 -8.93 1.90 24.20 -1 1.000000
36 7 car -1 -1 -1 37 179 237 285 -1 -1 -1 -8.68 1.88 13.64 -1 1.000000
36 10 car -1 -1 -1 373 181 428 219 -1 -1 -1 -8.38 1.88 30.37 -1 1.000000
36 11 tracking error -1 -1 -1 0 222 56 313 -1 -1 -1 -8.72 1.86 10.32 -1 1.000000
37 5 car -1 -1 -1 270 186 374 241 -1 -1 -1 -9.06 1.90 22.88 -1 1.000000
37 7 car -1 -1 -1 1 187 206 317 -1 -1 -1 -8.64 1.88 12.63 -1 1.000000
37 10 car -1 -1 -1 360 183 419 223 -1 -1 -1 -8.44 1.88 29.02 -1 1.000000
38 5 car -1 -1 -1 251 189 361 238 -1 -1 -1 -8.92 1.88 21.87 -1 1.000000
38 7 car -1 -1 -1 1 186 180 334 -1 -1 -1 -8.64 1.86 12.17 -1 1.000000
38 10 car -1 -1 -1 347 183 411 223 -1 -1 -1 -8.58 1.88 27.81 -1 1.000000
39 5 car -1 -1 -1 225 190 343 246 -1 -1 -1 -9.02 1.90 20.53 -1 1.000000
39 7 car -1 -1 -1 1 189 125 313 -1 -1 -1 -8.66 1.87 11.53 -1 1.000000
39 10 car -1 -1 -1 331 184 399 226 -1 -1 -1 -8.63 1.88 26.43 -1 1.000000
40 5 car -1 -1 -1 193 190 326 255 -1 -1 -1 -8.91 1.92 19.15 -1 1.000000
40 7 car -1 -1 -1 1 196 65 312 -1 -1 -1 -8.65 1.89 10.99 -1 1.000000
40 10 car -1 -1 -1 318 188 388 233 -1 -1 -1 -8.62 1.91 25.04 -1 1.000000
41 5 car -1 -1 -1 162 191 310 258 -1 -1 -1 -8.84 1.93 17.71 -1 1.000000
41 10 car -1 -1 -1 298 188 376 236 -1 -1 -1 -8.61 1.92 23.68 -1 1.000000
41 12 tracking error -1 -1 -1 0 226 6 291 -1 -1 -1 -8.70 1.88 9.92 -1 1.000000
42 5 car -1 -1 -1 129 194 290 264 -1 -1 -1 -8.80 1.95 16.49 -1 1.000000
42 10 car -1 -1 -1 279 189 361 238 -1 -1 -1 -8.69 1.95 22.66 -1 1.000000
42 13 car -1 -1 -1 434 170 503 205 -1 -1 -1 -9.17 1.97 42.86 -1 1.000000
43 5 car -1 -1 -1 85 190 267 272 -1 -1 -1 -8.85 1.95 15.56 -1 1.000000
43 10 car -1 -1 -1 257 188 347 241 -1 -1 -1 -8.74 1.94 21.43 -1 1.000000
43 13 car -1 -1 -1 427 175 478 207 -1 -1 -1 -9.31 1.99 42.10 -1 1.000000
44 5 car -1 -1 -1 40 193 233 280 -1 -1 -1 -8.84 1.92 14.00 -1 1.000000
44 10 car -1 -1 -1 229 191 331 246 -1 -1 -1 -8.78 1.92 20.06 -1 1.000000
44 13 car -1 -1 -1 420 177 470 209 -1 -1 -1 -9.36 1.94 40.30 -1 1.000000
45 5 car -1 -1 -1 1 198 203 304 -1 -1 -1 -8.79 1.91 13.02 -1 1.000000
45 10 car -1 -1 -1 201 192 314 252 -1 -1 -1 -8.83 1.93 18.77 -1 1.000000
45 13 car -1 -1 -1 412 176 468 209 -1 -1 -1 -9.45 1.96 39.13 -1 1.000000
46 5 car -1 -1 -1 1 200 171 313 -1 -1 -1 -8.73 1.89 12.18 -1 1.000000
46 10 car -1 -1 -1 163 191 294 257 -1 -1 -1 -8.87 1.91 17.48 -1 1.000000
46 13 car -1 -1 -1 406 160 576 210 -1 -1 -1 -9.41 1.93 37.93 -1 1.000000
47 5 car -1 -1 -1 1 207 103 305 -1 -1 -1 -8.68 1.88 11.33 -1 1.000000
47 10 car -1 -1 -1 122 193 273 263 -1 -1 -1 -8.85 1.89 16.27 -1 1.000000
47 13 car -1 -1 -1 396 177 453 213 -1 -1 -1 -9.58 1.92 36.75 -1 1.000000
48 10 car -1 -1 -1 69 192 251 273 -1 -1 -1 -8.90 1.87 15.00 -1 1.000000
48 13 car -1 -1 -1 386 177 447 213 -1 -1 -1 -9.71 1.91 35.60 -1 1.000000
48 14 tracking error -1 -1 -1 1 208 77 276 -1 -1 -1 -8.74 1.85 11.17 -1 1.000000
49 10 car -1 -1 -1 2 197 220 292 -1 -1 -1 -8.88 1.90 13.76 -1 1.000000
49 13 car -1 -1 -1 377 181 440 216 -1 -1 -1 -9.66 1.99 34.27 -1 1.000000
49 14 tracking error -1 -1 -1 0 230 24 278 -1 -1 -1 -8.77 1.85 10.11 -1 1.000000
50 10 car -1 -1 -1 1 200 189 300 -1 -1 -1 -8.80 1.89 12.75 -1 1.000000
50 13 car -1 -1 -1 366 183 431 219 -1 -1 -1 -9.83 2.02 33.02 -1 1.000000
51 10 car -1 -1 -1 1 202 151 315 -1 -1 -1 -8.78 1.92 12.01 -1 1.000000
51 13 car -1 -1 -1 356 183 425 222 -1 -1 -1 -9.86 2.10 31.99 -1 1.000000
52 10 car -1 -1 -1 1 214 76 304 -1 -1 -1 -8.72 1.89 11.17 -1 1.000000
52 13 car -1 -1 -1 347 184 420 223 -1 -1 -1 -9.78 2.04 30.65 -1 1.000000
53 10 car -1 -1 -1 0 222 22 288 -1 -1 -1 -8.76 1.88 10.11 -1 1.000000
53 13 car -1 -1 -1 335 187 411 223 -1 -1 -1 -9.75 2.00 29.58 -1 1.000000
54 13 car -1 -1 -1 323 184 405 226 -1 -1 -1 -9.68 2.01 28.43 -1 1.000000
55 13 car -1 -1 -1 309 184 396 228 -1 -1 -1 -9.73 1.89 27.45 -1 1.000000
56 13 car -1 -1 -1 297 184 387 230 -1 -1 -1 -9.65 1.98 26.27 -1 1.000000
57 13 car -1 -1 -1 282 185 378 232 -1 -1 -1 -9.63 1.94 25.29 -1 1.000000
57 15 cyclist -1 -1 -1 913 158 951 206 -1 -1 -1 11.64 1.44 25.72 -1 1.000000
58 13 car -1 -1 -1 266 188 369 237 -1 -1 -1 -9.64 1.98 24.13 -1 1.000000
58 15 cyclist -1 -1 -1 922 156 954 207 -1 -1 -1 11.60 1.38 25.33 -1 1.000000
59 13 car -1 -1 -1 249 188 359 240 -1 -1 -1 -9.61 1.95 23.03 -1 1.000000
59 15 cyclist -1 -1 -1 932 157 961 207 -1 -1 -1 11.54 1.42 24.60 -1 1.000000
60 13 car -1 -1 -1 236 189 348 238 -1 -1 -1 -9.52 1.89 22.02 -1 1.000000
60 15 cyclist -1 -1 -1 937 154 967 208 -1 -1 -1 11.48 1.44 24.08 -1 1.000000
61 13 car -1 -1 -1 208 186 338 247 -1 -1 -1 -9.51 1.95 20.94 -1 1.000000
61 15 cyclist -1 -1 -1 943 153 974 207 -1 -1 -1 11.46 1.32 23.69 -1 1.000000
62 13 car -1 -1 -1 185 188 324 252 -1 -1 -1 -9.49 1.95 19.77 -1 1.000000
62 15 cyclist -1 -1 -1 948 156 981 208 -1 -1 -1 11.34 1.38 23.05 -1 1.000000
63 13 car -1 -1 -1 160 188 311 255 -1 -1 -1 -9.45 1.92 18.78 -1 1.000000
63 15 cyclist -1 -1 -1 955 155 993 207 -1 -1 -1 11.35 1.41 22.61 -1 1.000000
64 13 car -1 -1 -1 133 188 301 262 -1 -1 -1 -9.45 1.91 17.71 -1 1.000000
64 15 cyclist -1 -1 -1 964 155 1007 209 -1 -1 -1 11.37 1.43 22.20 -1 1.000000
65 13 car -1 -1 -1 102 190 285 266 -1 -1 -1 -9.39 1.92 16.71 -1 1.000000
65 15 cyclist -1 -1 -1 971 157 1006 213 -1 -1 -1 11.37 1.42 21.60 -1 1.000000
66 13 car -1 -1 -1 67 192 267 275 -1 -1 -1 -9.39 1.91 15.80 -1 1.000000
66 15 cyclist -1 -1 -1 978 158 1013 211 -1 -1 -1 11.46 1.44 21.38 -1 1.000000
67 13 car -1 -1 -1 30 194 245 275 -1 -1 -1 -9.31 1.93 14.91 -1 1.000000
67 15 cyclist -1 -1 -1 983 157 1026 213 -1 -1 -1 11.48 1.46 21.05 -1 1.000000
68 13 car -1 -1 -1 1 200 227 294 -1 -1 -1 -9.23 1.95 14.00 -1 1.000000
68 15 cyclist -1 -1 -1 992 159 1030 216 -1 -1 -1 11.54 1.48 20.66 -1 1.000000
69 13 car -1 -1 -1 1 202 203 300 -1 -1 -1 -9.10 1.94 13.20 -1 1.000000
69 15 cyclist -1 -1 -1 998 160 1038 219 -1 -1 -1 11.52 1.52 20.29 -1 1.000000
70 13 car -1 -1 -1 1 203 182 307 -1 -1 -1 -9.02 1.94 12.61 -1 1.000000
70 15 cyclist -1 -1 -1 1006 160 1048 224 -1 -1 -1 11.55 1.55 19.89 -1 1.000000
71 13 car -1 -1 -1 1 202 152 301 -1 -1 -1 -9.01 1.90 12.33 -1 1.000000
71 15 cyclist -1 -1 -1 1009 161 1057 224 -1 -1 -1 11.53 1.54 19.49 -1 1.000000
72 13 car -1 -1 -1 1 202 125 295 -1 -1 -1 -8.97 1.89 11.83 -1 1.000000
72 15 cyclist -1 -1 -1 1019 159 1064 223 -1 -1 -1 11.49 1.50 19.16 -1 1.000000
73 13 car -1 -1 -1 1 208 89 314 -1 -1 -1 -8.95 1.89 11.42 -1 1.000000
73 15 cyclist -1 -1 -1 1027 157 1074 222 -1 -1 -1 11.48 1.38 18.72 -1 1.000000
74 15 cyclist -1 -1 -1 1047 157 1085 224 -1 -1 -1 11.51 1.49 18.33 -1 1.000000
74 16 tracking error -1 -1 -1 0 226 60 301 -1 -1 -1 -8.97 1.86 10.53 -1 1.000000
75 15 cyclist -1 -1 -1 1044 160 1095 227 -1 -1 -1 11.44 1.49 17.77 -1 1.000000
75 16 tracking error -1 -1 -1 0 238 28 281 -1 -1 -1 -8.98 1.85 9.66 -1 1.000000
76 15 cyclist -1 -1 -1 1053 158 1102 227 -1 -1 -1 11.31 1.49 17.37 -1 1.000000
77 15 cyclist -1 -1 -1 1061 153 1115 229 -1 -1 -1 11.41 1.50 17.21 -1 1.000000
78 15 cyclist -1 -1 -1 1075 152 1123 225 -1 -1 -1 11.47 1.45 16.97 -1 1.000000
79 15 cyclist -1 -1 -1 1079 165 1133 223 -1 -1 -1 11.49 1.41 16.70 -1 1.000000
80 15 cyclist -1 -1 -1 1081 163 1144 225 -1 -1 -1 11.52 1.36 16.46 -1 1.000000
80 17 unknown -1 -1 -1 152 178 212 202 -1 -1 -1 -19.80 1.94 33.76 -1 1.000000
81 15 cyclist -1 -1 -1 1095 164 1156 228 -1 -1 -1 11.56 1.40 16.11 -1 1.000000
81 18 wall -1 -1 -1 956 143 1025 196 -1 -1 -1 15.33 1.33 28.76 -1 1.000000
82 15 cyclist -1 -1 -1 1105 162 1166 235 -1 -1 -1 11.64 1.33 15.92 -1 1.000000
82 18 wall -1 -1 -1 971 141 1049 198 -1 -1 -1 15.24 1.21 27.58 -1 1.000000
83 15 cyclist -1 -1 -1 1113 186 1177 235 -1 -1 -1 11.66 1.40 15.73 -1 1.000000
83 18 wall -1 -1 -1 978 142 1053 197 -1 -1 -1 15.34 1.35 27.34 -1 1.000000
84 15 cyclist -1 -1 -1 1121 178 1187 237 -1 -1 -1 11.70 1.45 15.52 -1 1.000000
84 18 wall -1 -1 -1 993 139 1069 199 -1 -1 -1 15.44 1.41 26.64 -1 1.000000
85 15 cyclist -1 -1 -1 1131 182 1199 239 -1 -1 -1 11.74 1.41 15.32 -1 1.000000
85 18 wall -1 -1 -1 1001 141 1089 204 -1 -1 -1 15.41 1.35 25.35 -1 1.000000
86 15 cyclist -1 -1 -1 1137 180 1210 239 -1 -1 -1 11.77 1.37 15.11 -1 1.000000
86 18 wall -1 -1 -1 1016 137 1101 200 -1 -1 -1 15.45 1.29 24.93 -1 1.000000
87 15 cyclist -1 -1 -1 1146 183 1219 240 -1 -1 -1 11.81 1.39 14.82 -1 1.000000
87 18 wall -1 -1 -1 1030 138 1116 200 -1 -1 -1 15.42 1.30 23.99 -1 1.000000
88 15 cyclist -1 -1 -1 1147 175 1237 240 -1 -1 -1 11.75 1.36 14.58 -1 1.000000
88 19 car -1 -1 -1 36 185 172 214 -1 -1 -1 -20.17 2.11 29.77 -1 1.000000
88 20 car -1 -1 -1 220 167 310 211 -1 -1 -1 -21.75 2.13 45.62 -1 1.000000
89 15 cyclist -1 -1 -1 1153 174 1240 241 -1 -1 -1 11.74 1.38 14.34 -1 1.000000
89 19 car -1 -1 -1 69 188 170 220 -1 -1 -1 -20.24 2.08 29.46 -1 1.000000
89 20 car -1 -1 -1 214 179 308 213 -1 -1 -1 -21.56 2.11 44.71 -1 1.000000
90 15 cyclist -1 -1 -1 1177 191 1240 243 -1 -1 -1 11.79 1.30 14.24 -1 1.000000
90 19 car -1 -1 -1 49 189 157 218 -1 -1 -1 -20.22 2.15 28.55 -1 1.000000
90 20 car -1 -1 -1 210 182 305 211 -1 -1 -1 -21.38 2.14 43.70 -1 1.000000
91 15 cyclist -1 -1 -1 1176 187 1240 241 -1 -1 -1 11.80 1.35 14.13 -1 1.000000
91 19 car -1 -1 -1 27 190 151 218 -1 -1 -1 -20.55 2.17 28.00 -1 1.000000
91 20 car -1 -1 -1 198 182 296 214 -1 -1 -1 -21.29 2.20 42.57 -1 1.000000
92 15 cyclist -1 -1 -1 1180 183 1240 237 -1 -1 -1 11.77 1.31 14.19 -1 1.000000
92 19 car -1 -1 -1 1 190 109 219 -1 -1 -1 -20.37 2.20 26.84 -1 1.000000
92 20 car -1 -1 -1 195 185 292 215 -1 -1 -1 -21.38 2.23 42.21 -1 1.000000
93 15 cyclist -1 -1 -1 1182 189 1240 235 -1 -1 -1 11.75 1.24 14.09 -1 1.000000
93 19 car -1 -1 -1 1 189 117 221 -1 -1 -1 -20.43 2.12 26.35 -1 1.000000
93 20 car -1 -1 -1 186 185 265 210 -1 -1 -1 -21.70 2.07 41.73 -1 1.000000
93 21 car -1 -1 -1 250 175 316 201 -1 -1 -1 -22.44 2.05 49.01 -1 1.000000
94 15 cyclist -1 -1 -1 1189 177 1240 235 -1 -1 -1 11.76 1.22 14.02 -1 1.000000
94 19 car -1 -1 -1 1 191 74 223 -1 -1 -1 -20.27 2.16 25.55 -1 1.000000
94 20 car -1 -1 -1 174 185 252 210 -1 -1 -1 -21.93 2.10 41.44 -1 1.000000
94 21 car -1 -1 -1 244 177 308 199 -1 -1 -1 -22.42 2.10 48.37 -1 1.000000
95 15 cyclist -1 -1 -1 1195 167 1240 235 -1 -1 -1 11.78 1.20 14.01 -1 1.000000
95 19 car -1 -1 -1 1 192 71 220 -1 -1 -1 -20.30 2.04 25.46 -1 1.000000
95 20 car -1 -1 -1 167 184 269 215 -1 -1 -1 -22.20 1.98 41.40 -1 1.000000
95 21 car -1 -1 -1 239 177 304 199 -1 -1 -1 -22.68 1.94 48.02 -1 1.000000
96 15 cyclist -1 -1 -1 1200 162 1240 234 -1 -1 -1 11.75 1.22 13.89 -1 1.000000
96 19 car -1 -1 -1 1 191 70 227 -1 -1 -1 -20.44 1.95 25.66 -1 1.000000
96 20 car -1 -1 -1 150 183 263 214 -1 -1 -1 -22.29 1.90 40.75 -1 1.000000
96 21 car -1 -1 -1 231 177 297 199 -1 -1 -1 -22.86 1.82 47.78 -1 1.000000
97 15 cyclist -1 -1 -1 1202 164 1240 236 -1 -1 -1 11.74 1.26 13.81 -1 1.000000
97 19 car -1 -1 -1 0 197 56 227 -1 -1 -1 -20.51 1.96 25.02 -1 1.000000
97 20 car -1 -1 -1 166 186 259 216 -1 -1 -1 -22.21 2.02 39.96 -1 1.000000
97 21 car -1 -1 -1 212 170 291 201 -1 -1 -1 -22.75 2.01 46.49 -1 1.000000
98 20 car -1 -1 -1 155 187 247 217 -1 -1 -1 -22.45 2.17 39.39 -1 1.000000
98 21 car -1 -1 -1 220 176 279 201 -1 -1 -1 -22.73 2.16 45.80 -1 1.000000
99 20 car -1 -1 -1 145 187 244 218 -1 -1 -1 -22.41 2.17 38.38 -1 1.000000
100 20 car -1 -1 -1 132 187 233 220 -1 -1 -1 -22.62 2.14 37.80 -1 1.000000
101 20 car -1 -1 -1 121 170 188 217 -1 -1 -1 -23.05 2.26 37.35 -1 1.000000
102 20 car -1 -1 -1 107 188 185 222 -1 -1 -1 -23.38 2.21 36.84 -1 1.000000
103 20 car -1 -1 -1 106 190 186 220 -1 -1 -1 -23.48 2.32 36.31 -1 1.000000
104 20 car -1 -1 -1 95 191 172 223 -1 -1 -1 -23.69 2.48 35.63 -1 1.000000
105 20 car -1 -1 -1 84 192 184 228 -1 -1 -1 -23.65 2.53 35.10 -1 1.000000
106 20 car -1 -1 -1 70 192 173 232 -1 -1 -1 -23.74 2.46 34.74 -1 1.000000
107 20 car -1 -1 -1 64 190 168 231 -1 -1 -1 -23.96 2.42 34.34 -1 1.000000
