64 0 car -1 -1 -1 592 174 633 199 -1 -1 -1 -0.03 1.79 47.95 -1 1.000000
65 0 car -1 -1 -1 582 176 622 201 -1 -1 -1 -0.57 1.72 43.76 -1 1.000000
66 0 car -1 -1 -1 570 177 634 205 -1 -1 -1 -1.07 1.81 39.00 -1 1.000000
67 0 car -1 -1 -1 556 178 623 209 -1 -1 -1 -1.54 1.71 35.30 -1 1.000000
68 0 car -1 -1 -1 539 178 591 213 -1 -1 -1 -1.94 1.73 30.66 -1 1.000000
69 0 car -1 -1 -1 519 180 580 220 -1 -1 -1 -2.28 1.72 26.75 -1 1.000000
70 0 car -1 -1 -1 493 181 564 228 -1 -1 -1 -2.57 1.66 22.72 -1 1.000000
71 0 car -1 -1 -1 458 184 546 241 -1 -1 -1 -2.69 1.69 18.57 -1 1.000000
72 0 car -1 -1 -1 408 187 524 261 -1 -1 -1 -2.80 1.70 14.82 -1 1.000000
73 0 car -1 -1 -1 324 187 496 290 -1 -1 -1 -2.82 1.71 10.80 -1 1.000000
74 0 car -1 -1 -1 137 195 445 358 -1 -1 -1 -2.81 1.69 6.80 -1 1.000000
75 0 car -1 -1 -1 0 222 341 375 -1 -1 -1 -2.83 1.69 2.95 -1 1.000000
111 1 car -1 -1 -1 525 172 567 207 -1 -1 -1 -3.98 2.08 42.89 -1 1.000000
112 1 car -1 -1 -1 520 171 559 210 -1 -1 -1 -4.04 1.98 40.05 -1 1.000000
113 1 car -1 -1 -1 510 170 567 213 -1 -1 -1 -3.91 1.98 36.42 -1 1.000000
114 1 car -1 -1 -1 496 182 547 217 -1 -1 -1 -3.72 1.92 31.37 -1 1.000000
115 1 car -1 -1 -1 485 175 576 222 -1 -1 -1 -3.63 1.92 27.12 -1 1.000000
116 1 car -1 -1 -1 463 184 531 232 -1 -1 -1 -3.74 1.87 23.54 -1 1.000000
117 1 car -1 -1 -1 449 188 517 241 -1 -1 -1 -3.40 1.84 19.57 -1 1.000000
118 1 car -1 -1 -1 413 191 498 260 -1 -1 -1 -3.12 1.81 15.54 -1 1.000000
119 1 car -1 -1 -1 315 192 468 292 -1 -1 -1 -3.04 1.78 11.34 -1 1.000000
120 1 car -1 -1 -1 91 201 418 374 -1 -1 -1 -3.04 1.72 7.00 -1 1.000000
121 1 car -1 -1 -1 0 226 306 375 -1 -1 -1 -3.02 1.68 3.29 -1 1.000000
196 2 road sign -1 -1 -1 921 140 939 205 -1 -1 -1 14.81 1.59 33.23 -1 1.000000
221 3 car -1 -1 -1 548 176 592 203 -1 -1 -1 -2.80 2.04 48.16 -1 1.000000
222 3 car -1 -1 -1 542 178 589 204 -1 -1 -1 -2.77 2.01 43.42 -1 1.000000
223 3 car -1 -1 -1 533 177 584 207 -1 -1 -1 -2.81 1.96 38.52 -1 1.000000
224 3 car -1 -1 -1 525 177 581 210 -1 -1 -1 -2.80 1.89 33.91 -1 1.000000
225 3 car -1 -1 -1 510 178 574 215 -1 -1 -1 -2.96 1.87 30.89 -1 1.000000
226 3 car -1 -1 -1 494 159 568 226 -1 -1 -1 -3.05 1.88 26.97 -1 1.000000
227 3 car -1 -1 -1 473 180 546 229 -1 -1 -1 -3.09 1.84 22.70 -1 1.000000
227 4 car -1 -1 -1 510 177 563 213 -1 -1 -1 -2.76 1.89 32.42 -1 1.000000
228 3 car -1 -1 -1 442 181 527 241 -1 -1 -1 -3.18 1.72 18.68 -1 1.000000
228 4 car -1 -1 -1 493 178 554 214 -1 -1 -1 -2.87 1.76 29.18 -1 1.000000
229 3 car -1 -1 -1 400 184 509 259 -1 -1 -1 -3.10 1.77 14.80 -1 1.000000
229 4 car -1 -1 -1 496 179 549 223 -1 -1 -1 -2.74 1.89 25.24 -1 1.000000
230 3 car -1 -1 -1 328 186 484 289 -1 -1 -1 -3.05 1.72 10.90 -1 1.000000
230 4 car -1 -1 -1 473 178 539 233 -1 -1 -1 -2.83 1.76 21.20 -1 1.000000
231 3 car -1 -1 -1 177 191 441 347 -1 -1 -1 -2.90 1.71 7.03 -1 1.000000
231 4 car -1 -1 -1 437 181 523 249 -1 -1 -1 -2.97 1.75 17.47 -1 1.000000
232 3 car -1 -1 -1 0 214 336 375 -1 -1 -1 -2.83 1.73 2.98 -1 1.000000
232 4 car -1 -1 -1 413 190 497 260 -1 -1 -1 -2.85 1.72 13.66 -1 1.000000
233 4 car -1 -1 -1 333 189 471 310 -1 -1 -1 -2.64 1.74 9.59 -1 1.000000
234 4 car -1 -1 -1 162 195 410 374 -1 -1 -1 -2.54 1.70 6.03 -1 1.000000
235 4 car -1 -1 -1 0 236 279 375 -1 -1 -1 -2.49 1.72 2.60 -1 1.000000
263 5 tracking error -1 -1 -1 536 175 574 204 -1 -1 -1 -3.48 1.81 43.33 -1 1.000000
264 5 tracking error -1 -1 -1 528 177 570 206 -1 -1 -1 -3.35 1.92 39.13 -1 1.000000
265 5 tracking error -1 -1 -1 516 178 559 210 -1 -1 -1 -3.50 1.98 35.81 -1 1.000000
266 5 tracking error -1 -1 -1 503 177 606 216 -1 -1 -1 -3.53 1.91 31.48 -1 1.000000
267 5 tracking error -1 -1 -1 485 180 618 221 -1 -1 -1 -3.43 1.81 27.22 -1 1.000000
268 5 tracking error -1 -1 -1 461 181 533 231 -1 -1 -1 -3.53 1.81 22.94 -1 1.000000
269 5 tracking error -1 -1 -1 427 185 516 244 -1 -1 -1 -3.60 1.82 18.78 -1 1.000000
270 5 tracking error -1 -1 -1 381 189 528 260 -1 -1 -1 -3.55 1.75 14.90 -1 1.000000
271 5 tracking error -1 -1 -1 290 184 470 290 -1 -1 -1 -3.41 1.75 11.31 -1 1.000000
272 5 tracking error -1 -1 -1 189 179 410 348 -1 -1 -1 -3.15 1.67 7.89 -1 1.000000
273 5 tracking error -1 -1 -1 0 220 274 375 -1 -1 -1 -3.11 1.68 2.33 -1 1.000000
274 6 unknown -1 -1 -1 0 223 260 375 -1 -1 -1 -3.15 1.70 3.79 -1 1.000000
278 7 tracking error -1 -1 -1 534 170 597 208 -1 -1 -1 -3.37 2.09 40.96 -1 1.000000
279 7 tracking error -1 -1 -1 526 179 587 209 -1 -1 -1 -3.34 2.01 37.33 -1 1.000000
280 7 tracking error -1 -1 -1 514 175 562 215 -1 -1 -1 -3.38 1.98 33.03 -1 1.000000
281 7 tracking error -1 -1 -1 501 181 555 220 -1 -1 -1 -3.38 2.02 29.04 -1 1.000000
282 7 tracking error -1 -1 -1 486 178 549 226 -1 -1 -1 -3.41 1.94 25.49 -1 1.000000
283 7 tracking error -1 -1 -1 459 184 535 237 -1 -1 -1 -3.39 1.84 21.49 -1 1.000000
284 7 tracking error -1 -1 -1 423 187 521 255 -1 -1 -1 -3.29 1.87 17.35 -1 1.000000
285 7 tracking error -1 -1 -1 367 189 500 280 -1 -1 -1 -3.20 1.84 13.57 -1 1.000000
286 7 tracking error -1 -1 -1 276 194 468 321 -1 -1 -1 -3.10 1.74 9.55 -1 1.000000
287 7 tracking error -1 -1 -1 34 198 417 372 -1 -1 -1 -2.93 1.70 6.62 -1 1.000000
288 7 tracking error -1 -1 -1 0 218 353 375 -1 -1 -1 -2.83 1.70 4.40 -1 1.000000
289 7 tracking error -1 -1 -1 0 255 250 375 -1 -1 -1 -2.74 1.69 2.17 -1 1.000000
297 8 car -1 -1 -1 522 163 562 212 -1 -1 -1 -3.79 2.08 38.92 -1 1.000000
298 8 car -1 -1 -1 513 178 563 215 -1 -1 -1 -3.75 2.02 35.14 -1 1.000000
299 8 car -1 -1 -1 502 178 554 218 -1 -1 -1 -3.67 2.02 31.93 -1 1.000000
300 8 car -1 -1 -1 487 182 550 223 -1 -1 -1 -3.64 1.99 28.49 -1 1.000000
301 8 car -1 -1 -1 467 183 534 233 -1 -1 -1 -3.51 2.01 24.61 -1 1.000000
302 8 car -1 -1 -1 440 187 520 244 -1 -1 -1 -3.40 1.95 19.75 -1 1.000000
303 8 car -1 -1 -1 403 184 504 251 -1 -1 -1 -3.43 1.85 16.12 -1 1.000000
304 8 car -1 -1 -1 330 191 478 291 -1 -1 -1 -3.32 1.75 11.91 -1 1.000000
305 8 car -1 -1 -1 195 194 437 342 -1 -1 -1 -3.18 1.69 7.90 -1 1.000000
306 8 car -1 -1 -1 1 207 359 374 -1 -1 -1 -2.86 1.70 5.18 -1 1.000000
306 9 car -1 -1 -1 530 178 597 209 -1 -1 -1 -3.47 2.10 40.65 -1 1.000000
307 8 car -1 -1 -1 0 304 221 375 -1 -1 -1 -2.78 1.69 1.71 -1 1.000000
307 9 car -1 -1 -1 520 180 572 213 -1 -1 -1 -3.39 2.05 36.02 -1 1.000000
308 9 car -1 -1 -1 512 181 561 216 -1 -1 -1 -3.44 2.04 32.31 -1 1.000000
309 9 car -1 -1 -1 498 181 558 220 -1 -1 -1 -3.43 1.94 28.60 -1 1.000000
310 9 car -1 -1 -1 479 182 548 229 -1 -1 -1 -3.27 1.95 24.18 -1 1.000000
311 9 car -1 -1 -1 453 185 537 239 -1 -1 -1 -3.24 1.95 19.92 -1 1.000000
312 9 car -1 -1 -1 415 187 522 258 -1 -1 -1 -3.20 1.90 15.87 -1 1.000000
313 9 car -1 -1 -1 353 190 480 277 -1 -1 -1 -3.30 1.84 12.02 -1 1.000000
314 9 car -1 -1 -1 216 194 465 336 -1 -1 -1 -3.09 1.67 7.92 -1 1.000000
315 9 car -1 -1 -1 1 208 393 374 -1 -1 -1 -2.71 1.71 4.87 -1 1.000000
316 9 car -1 -1 -1 0 256 198 375 -1 -1 -1 -2.67 1.70 1.08 -1 1.000000
317 9 car -1 -1 -1 1084 0 1242 4 -1 -1 -1 -2.62 1.71 -2.70 -1 1.000000
373 10 car -1 -1 -1 515 177 582 212 -1 -1 -1 -3.80 1.99 35.76 -1 1.000000
374 10 car -1 -1 -1 504 181 575 216 -1 -1 -1 -3.90 1.70 32.55 -1 1.000000
375 10 car -1 -1 -1 490 182 549 225 -1 -1 -1 -3.58 1.91 27.59 -1 1.000000
376 10 car -1 -1 -1 469 179 549 233 -1 -1 -1 -3.61 1.85 23.36 -1 1.000000
377 10 car -1 -1 -1 440 188 521 245 -1 -1 -1 -3.60 1.79 19.38 -1 1.000000
378 10 car -1 -1 -1 398 190 506 266 -1 -1 -1 -3.42 1.78 15.21 -1 1.000000
379 10 car -1 -1 -1 317 193 478 294 -1 -1 -1 -3.24 1.72 11.18 -1 1.000000
380 10 car -1 -1 -1 161 198 433 355 -1 -1 -1 -3.04 1.63 7.12 -1 1.000000
381 10 car -1 -1 -1 0 217 339 375 -1 -1 -1 -2.99 1.65 3.21 -1 1.000000
