1 0 car -1 -1 -1 338 188 473 278 -1 -1 -1 -3.73 1.85 13.70 -1 1.000000
1 1 van -1 -1 -1 503 157 548 215 -1 -1 -1 -3.92 1.93 36.67 -1 1.000000
2 0 car -1 -1 -1 329 189 465 281 -1 -1 -1 -3.71 1.84 13.26 -1 1.000000
2 1 van -1 -1 -1 502 158 545 214 -1 -1 -1 -3.95 1.93 36.03 -1 1.000000
3 0 car -1 -1 -1 315 190 461 285 -1 -1 -1 -3.72 1.84 12.58 -1 1.000000
3 1 van -1 -1 -1 500 157 544 214 -1 -1 -1 -4.00 1.92 35.69 -1 1.000000
4 0 car -1 -1 -1 301 195 428 283 -1 -1 -1 -3.84 1.84 11.81 -1 1.000000
4 1 van -1 -1 -1 499 156 542 214 -1 -1 -1 -4.02 1.91 35.40 -1 1.000000
4 2 wheel -1 -1 -1 265 283 303 360 -1 -1 -1 -3.05 1.78 6.83 -1 1.000000
4 3 cyclist -1 -1 -1 1062 132 1180 237 -1 -1 -1 5.32 1.36 7.45 -1 1.000000
5 0 car -1 -1 -1 279 193 443 292 -1 -1 -1 -3.76 1.81 11.41 -1 1.000000
5 1 van -1 -1 -1 494 156 541 211 -1 -1 -1 -4.12 1.87 35.18 -1 1.000000
5 2 wheel -1 -1 -1 242 290 286 372 -1 -1 -1 -3.06 1.77 6.44 -1 1.000000
5 3 cyclist -1 -1 -1 1064 133 1184 238 -1 -1 -1 5.27 1.36 7.44 -1 1.000000
6 0 car -1 -1 -1 279 193 438 289 -1 -1 -1 -3.71 1.79 11.27 -1 1.000000
6 1 van -1 -1 -1 493 154 539 210 -1 -1 -1 -4.20 1.85 34.92 -1 1.000000
6 2 wheel -1 -1 -1 213 297 263 374 -1 -1 -1 -3.07 1.75 6.07 -1 1.000000
6 3 cyclist -1 -1 -1 1052 125 1172 235 -1 -1 -1 5.20 1.35 7.46 -1 1.000000
7 0 car -1 -1 -1 263 157 442 298 -1 -1 -1 -3.72 1.78 10.89 -1 1.000000
7 1 van -1 -1 -1 489 154 537 210 -1 -1 -1 -4.29 1.79 34.65 -1 1.000000
7 3 cyclist -1 -1 -1 1047 132 1161 232 -1 -1 -1 5.17 1.32 7.55 -1 1.000000
8 0 car -1 -1 -1 238 193 429 301 -1 -1 -1 -3.72 1.78 10.27 -1 1.000000
8 1 van -1 -1 -1 487 153 535 211 -1 -1 -1 -4.33 1.73 34.32 -1 1.000000
8 3 cyclist -1 -1 -1 1043 126 1162 255 -1 -1 -1 5.17 1.33 7.63 -1 1.000000
8 4 bicycle -1 -1 -1 975 200 1155 309 -1 -1 -1 5.21 1.33 7.48 -1 1.000000
9 0 car -1 -1 -1 226 194 423 307 -1 -1 -1 -3.74 1.77 9.89 -1 1.000000
9 1 van -1 -1 -1 486 153 535 211 -1 -1 -1 -4.31 1.71 33.88 -1 1.000000
9 4 bicycle -1 -1 -1 1004 191 1151 306 -1 -1 -1 5.17 1.31 7.53 -1 1.000000
9 5 car -1 -1 -1 453 180 510 224 -1 -1 -1 -4.66 1.76 25.44 -1 1.000000
10 0 car -1 -1 -1 210 193 419 307 -1 -1 -1 -3.70 1.74 9.57 -1 1.000000
10 1 van -1 -1 -1 484 152 534 211 -1 -1 -1 -4.35 1.73 33.44 -1 1.000000
10 5 car -1 -1 -1 452 181 508 222 -1 -1 -1 -4.66 1.76 25.10 -1 1.000000
10 6 cyclist -1 -1 -1 1033 131 1138 305 -1 -1 -1 5.14 1.34 7.77 -1 1.000000
11 0 car -1 -1 -1 191 194 413 317 -1 -1 -1 -3.69 1.74 9.06 -1 1.000000
11 1 van -1 -1 -1 483 151 533 211 -1 -1 -1 -4.31 1.78 32.87 -1 1.000000
11 5 car -1 -1 -1 449 179 507 223 -1 -1 -1 -4.61 1.80 24.63 -1 1.000000
11 6 cyclist -1 -1 -1 1027 134 1125 305 -1 -1 -1 5.13 1.26 7.86 -1 1.000000
12 0 car -1 -1 -1 175 194 407 322 -1 -1 -1 -3.64 1.75 8.62 -1 1.000000
12 1 van -1 -1 -1 482 151 533 211 -1 -1 -1 -4.26 1.75 32.54 -1 1.000000
12 5 car -1 -1 -1 448 179 508 223 -1 -1 -1 -4.55 1.77 24.37 -1 1.000000
12 6 cyclist -1 -1 -1 1011 135 1116 312 -1 -1 -1 5.12 1.30 7.97 -1 1.000000
13 0 car -1 -1 -1 152 193 403 333 -1 -1 -1 -3.63 1.75 8.26 -1 1.000000
13 1 van -1 -1 -1 481 152 533 212 -1 -1 -1 -4.27 1.75 32.27 -1 1.000000
13 5 car -1 -1 -1 446 180 507 225 -1 -1 -1 -4.55 1.78 24.08 -1 1.000000
13 6 cyclist -1 -1 -1 1016 135 1112 304 -1 -1 -1 5.13 1.28 8.06 -1 1.000000
14 0 car -1 -1 -1 128 195 395 343 -1 -1 -1 -3.59 1.77 8.01 -1 1.000000
14 1 van -1 -1 -1 480 152 533 213 -1 -1 -1 -4.22 1.81 31.87 -1 1.000000
14 5 car -1 -1 -1 444 180 506 226 -1 -1 -1 -4.56 1.83 23.80 -1 1.000000
14 6 cyclist -1 -1 -1 1013 133 1104 292 -1 -1 -1 5.13 1.28 8.16 -1 1.000000
15 0 car -1 -1 -1 105 199 386 353 -1 -1 -1 -3.60 1.77 7.60 -1 1.000000
15 1 van -1 -1 -1 480 153 532 214 -1 -1 -1 -4.19 1.87 31.37 -1 1.000000
15 5 car -1 -1 -1 441 180 504 229 -1 -1 -1 -4.56 1.87 23.46 -1 1.000000
15 6 cyclist -1 -1 -1 999 143 1100 299 -1 -1 -1 5.14 1.32 8.25 -1 1.000000
16 0 car -1 -1 -1 77 199 379 366 -1 -1 -1 -3.58 1.78 7.50 -1 1.000000
16 1 van -1 -1 -1 479 153 534 214 -1 -1 -1 -4.14 1.84 31.03 -1 1.000000
16 5 car -1 -1 -1 439 182 510 230 -1 -1 -1 -4.53 1.85 23.08 -1 1.000000
16 6 cyclist -1 -1 -1 1000 138 1097 300 -1 -1 -1 5.16 1.35 8.34 -1 1.000000
16 7 car -1 -1 -1 534 174 590 217 -1 -1 -1 -1.97 1.72 28.46 -1 1.000000
17 0 car -1 -1 -1 40 200 380 367 -1 -1 -1 -3.54 1.77 7.08 -1 1.000000
17 1 van -1 -1 -1 479 153 533 220 -1 -1 -1 -4.06 1.95 30.60 -1 1.000000
17 5 car -1 -1 -1 438 181 504 231 -1 -1 -1 -4.47 1.92 22.72 -1 1.000000
17 7 car -1 -1 -1 532 178 586 216 -1 -1 -1 -1.99 1.83 28.29 -1 1.000000
17 8 cyclist -1 -1 -1 1004 144 1094 232 -1 -1 -1 5.17 1.33 8.55 -1 1.000000
18 0 car -1 -1 -1 1 203 376 372 -1 -1 -1 -3.50 1.79 7.03 -1 1.000000
18 1 van -1 -1 -1 478 153 533 218 -1 -1 -1 -4.08 1.78 30.23 -1 1.000000
18 5 car -1 -1 -1 435 185 501 233 -1 -1 -1 -4.45 1.82 22.35 -1 1.000000
18 7 car -1 -1 -1 530 178 585 219 -1 -1 -1 -2.00 1.69 27.63 -1 1.000000
18 8 cyclist -1 -1 -1 1002 146 1098 242 -1 -1 -1 5.23 1.37 8.80 -1 1.000000
19 0 car -1 -1 -1 1 202 365 374 -1 -1 -1 -3.45 1.82 6.91 -1 1.000000
19 1 van -1 -1 -1 478 154 534 220 -1 -1 -1 -4.02 1.75 29.80 -1 1.000000
19 5 car -1 -1 -1 432 185 499 235 -1 -1 -1 -4.45 1.82 21.96 -1 1.000000
19 7 car -1 -1 -1 530 178 586 220 -1 -1 -1 -1.93 1.65 26.90 -1 1.000000
19 8 cyclist -1 -1 -1 999 144 1064 230 -1 -1 -1 5.21 1.33 8.98 -1 1.000000
20 0 car -1 -1 -1 1 209 354 374 -1 -1 -1 -3.42 1.78 6.53 -1 1.000000
20 1 van -1 -1 -1 476 154 535 221 -1 -1 -1 -4.01 1.97 29.49 -1 1.000000
20 5 car -1 -1 -1 429 186 498 238 -1 -1 -1 -4.42 1.93 21.51 -1 1.000000
20 7 car -1 -1 -1 529 178 585 223 -1 -1 -1 -1.92 1.83 26.16 -1 1.000000
20 8 cyclist -1 -1 -1 991 146 1069 241 -1 -1 -1 5.21 1.37 9.05 -1 1.000000
21 0 car -1 -1 -1 50 211 342 370 -1 -1 -1 -3.39 1.77 6.21 -1 1.000000
21 1 van -1 -1 -1 475 154 536 224 -1 -1 -1 -4.00 2.00 29.05 -1 1.000000
21 5 car -1 -1 -1 428 187 497 238 -1 -1 -1 -4.38 1.95 21.10 -1 1.000000
21 7 car -1 -1 -1 528 180 585 225 -1 -1 -1 -1.84 1.87 25.50 -1 1.000000
21 8 cyclist -1 -1 -1 984 147 1051 231 -1 -1 -1 5.20 1.43 9.15 -1 1.000000
22 0 car -1 -1 -1 48 214 335 371 -1 -1 -1 -3.33 1.77 5.94 -1 1.000000
22 1 van -1 -1 -1 473 155 533 224 -1 -1 -1 -4.00 1.96 28.61 -1 1.000000
22 5 car -1 -1 -1 424 186 497 241 -1 -1 -1 -4.35 1.93 20.71 -1 1.000000
22 7 car -1 -1 -1 526 177 585 226 -1 -1 -1 -1.84 1.84 24.95 -1 1.000000
22 9 bicycle -1 -1 -1 1014 205 1060 284 -1 -1 -1 5.32 1.42 8.95 -1 1.000000
23 0 car -1 -1 -1 39 226 321 375 -1 -1 -1 -3.34 1.76 5.65 -1 1.000000
23 1 van -1 -1 -1 471 154 532 224 -1 -1 -1 -3.95 1.92 28.25 -1 1.000000
23 5 car -1 -1 -1 423 186 494 241 -1 -1 -1 -4.35 1.91 20.31 -1 1.000000
23 7 car -1 -1 -1 526 178 584 227 -1 -1 -1 -1.84 1.81 24.28 -1 1.000000
23 9 bicycle -1 -1 -1 994 204 1053 285 -1 -1 -1 5.33 1.40 9.23 -1 1.000000
24 0 car -1 -1 -1 10 227 311 375 -1 -1 -1 -3.34 1.76 5.37 -1 1.000000
24 1 van -1 -1 -1 470 154 532 225 -1 -1 -1 -3.89 1.95 27.87 -1 1.000000
24 5 car -1 -1 -1 420 186 493 242 -1 -1 -1 -4.31 1.91 19.98 -1 1.000000
24 7 car -1 -1 -1 524 178 584 228 -1 -1 -1 -1.77 1.83 23.69 -1 1.000000
24 9 bicycle -1 -1 -1 998 205 1042 285 -1 -1 -1 5.36 1.40 9.41 -1 1.000000
25 1 van -1 -1 -1 469 153 532 225 -1 -1 -1 -3.95 1.68 27.57 -1 1.000000
25 5 car -1 -1 -1 418 186 492 243 -1 -1 -1 -4.34 1.76 19.72 -1 1.000000
25 7 car -1 -1 -1 522 178 584 228 -1 -1 -1 -1.83 1.64 23.24 -1 1.000000
25 9 bicycle -1 -1 -1 978 199 1039 271 -1 -1 -1 5.36 1.45 9.60 -1 1.000000
26 1 van -1 -1 -1 468 153 531 226 -1 -1 -1 -3.95 1.88 27.27 -1 1.000000
26 5 car -1 -1 -1 415 186 491 244 -1 -1 -1 -4.24 1.85 19.33 -1 1.000000
26 7 car -1 -1 -1 522 180 583 231 -1 -1 -1 -1.76 1.78 22.42 -1 1.000000
26 10 cyclist -1 -1 -1 948 140 1048 279 -1 -1 -1 5.39 1.45 10.35 -1 1.000000
27 1 van -1 -1 -1 467 153 530 226 -1 -1 -1 -3.95 1.85 26.94 -1 1.000000
27 5 car -1 -1 -1 412 186 491 244 -1 -1 -1 -4.27 1.81 19.08 -1 1.000000
27 10 cyclist -1 -1 -1 942 145 1015 270 -1 -1 -1 5.35 1.63 10.40 -1 1.000000
27 11 car -1 -1 -1 520 180 584 233 -1 -1 -1 -1.73 1.79 21.82 -1 1.000000
28 1 van -1 -1 -1 467 153 530 227 -1 -1 -1 -3.89 2.00 26.65 -1 1.000000
28 5 car -1 -1 -1 408 186 490 245 -1 -1 -1 -4.16 1.92 18.70 -1 1.000000
28 10 cyclist -1 -1 -1 939 150 1013 265 -1 -1 -1 5.30 1.40 10.50 -1 1.000000
28 11 car -1 -1 -1 519 179 584 235 -1 -1 -1 -1.64 1.83 21.33 -1 1.000000
29 1 van -1 -1 -1 466 152 530 225 -1 -1 -1 -3.99 1.66 26.32 -1 1.000000
29 5 car -1 -1 -1 408 186 487 246 -1 -1 -1 -4.24 1.73 18.55 -1 1.000000
29 10 cyclist -1 -1 -1 925 148 998 270 -1 -1 -1 5.28 1.48 10.70 -1 1.000000
29 11 car -1 -1 -1 518 179 583 236 -1 -1 -1 -1.69 1.63 20.96 -1 1.000000
30 1 van -1 -1 -1 465 152 530 218 -1 -1 -1 -4.01 1.65 26.11 -1 1.000000
30 5 car -1 -1 -1 405 186 485 247 -1 -1 -1 -4.22 1.73 18.15 -1 1.000000
30 10 cyclist -1 -1 -1 923 147 988 271 -1 -1 -1 5.27 1.42 10.96 -1 1.000000
30 11 car -1 -1 -1 512 179 582 238 -1 -1 -1 -1.70 1.62 20.37 -1 1.000000
31 1 van -1 -1 -1 464 151 530 220 -1 -1 -1 -3.96 1.75 25.80 -1 1.000000
31 5 car -1 -1 -1 404 185 485 248 -1 -1 -1 -4.16 1.74 17.90 -1 1.000000
31 10 cyclist -1 -1 -1 916 152 976 265 -1 -1 -1 5.25 1.61 11.20 -1 1.000000
31 11 car -1 -1 -1 512 180 582 240 -1 -1 -1 -1.68 1.72 19.53 -1 1.000000
32 1 van -1 -1 -1 463 150 530 218 -1 -1 -1 -3.97 1.86 25.62 -1 1.000000
32 5 car -1 -1 -1 401 186 483 248 -1 -1 -1 -4.10 1.81 17.59 -1 1.000000
32 10 cyclist -1 -1 -1 907 152 967 258 -1 -1 -1 5.20 1.51 11.48 -1 1.000000
32 11 car -1 -1 -1 509 179 582 241 -1 -1 -1 -1.72 1.75 19.04 -1 1.000000
33 1 van -1 -1 -1 462 150 530 224 -1 -1 -1 -4.03 1.90 25.46 -1 1.000000
33 5 car -1 -1 -1 401 186 482 248 -1 -1 -1 -4.08 1.85 17.47 -1 1.000000
33 10 cyclist -1 -1 -1 900 157 954 261 -1 -1 -1 5.19 1.44 11.72 -1 1.000000
33 11 car -1 -1 -1 507 180 582 242 -1 -1 -1 -1.71 1.78 18.31 -1 1.000000
34 1 van -1 -1 -1 460 151 531 235 -1 -1 -1 -4.00 1.78 25.25 -1 1.000000
34 5 car -1 -1 -1 396 187 482 251 -1 -1 -1 -4.12 1.76 17.24 -1 1.000000
34 10 cyclist -1 -1 -1 890 151 951 261 -1 -1 -1 5.20 1.67 11.94 -1 1.000000
34 11 car -1 -1 -1 506 179 582 244 -1 -1 -1 -1.76 1.75 17.75 -1 1.000000
35 1 van -1 -1 -1 459 151 531 235 -1 -1 -1 -3.90 1.83 24.97 -1 1.000000
35 5 car -1 -1 -1 394 186 479 251 -1 -1 -1 -4.06 1.81 16.88 -1 1.000000
35 10 cyclist -1 -1 -1 876 155 941 271 -1 -1 -1 5.20 1.48 12.35 -1 1.000000
35 11 car -1 -1 -1 503 179 581 245 -1 -1 -1 -1.79 1.74 17.22 -1 1.000000
36 1 van -1 -1 -1 457 149 529 225 -1 -1 -1 -3.94 1.75 24.65 -1 1.000000
36 5 car -1 -1 -1 390 186 480 250 -1 -1 -1 -4.05 1.78 16.63 -1 1.000000
36 10 cyclist -1 -1 -1 881 155 934 255 -1 -1 -1 5.21 1.42 12.62 -1 1.000000
36 11 car -1 -1 -1 498 177 580 246 -1 -1 -1 -1.78 1.69 16.80 -1 1.000000
37 1 van -1 -1 -1 455 148 528 225 -1 -1 -1 -3.93 1.65 24.44 -1 1.000000
37 5 car -1 -1 -1 386 186 479 252 -1 -1 -1 -4.09 1.72 16.52 -1 1.000000
37 10 cyclist -1 -1 -1 877 148 925 255 -1 -1 -1 5.20 1.36 12.85 -1 1.000000
37 11 car -1 -1 -1 498 177 580 249 -1 -1 -1 -1.81 1.63 16.42 -1 1.000000
38 1 van -1 -1 -1 454 148 527 225 -1 -1 -1 -3.94 1.74 24.16 -1 1.000000
38 5 car -1 -1 -1 383 186 478 253 -1 -1 -1 -4.05 1.76 16.26 -1 1.000000
38 10 cyclist -1 -1 -1 868 149 920 250 -1 -1 -1 5.24 1.44 13.10 -1 1.000000
38 11 car -1 -1 -1 498 178 579 259 -1 -1 -1 -1.78 1.68 15.95 -1 1.000000
39 1 van -1 -1 -1 452 148 526 225 -1 -1 -1 -3.97 1.44 24.06 -1 1.000000
39 5 car -1 -1 -1 381 186 477 254 -1 -1 -1 -4.07 1.63 16.08 -1 1.000000
39 10 cyclist -1 -1 -1 866 159 910 248 -1 -1 -1 5.16 1.28 13.38 -1 1.000000
39 11 car -1 -1 -1 496 178 579 259 -1 -1 -1 -1.77 1.54 15.67 -1 1.000000
40 5 car -1 -1 -1 379 186 475 255 -1 -1 -1 -4.03 1.66 15.82 -1 1.000000
40 10 cyclist -1 -1 -1 861 161 903 253 -1 -1 -1 5.16 1.33 13.70 -1 1.000000
40 11 car -1 -1 -1 491 182 578 253 -1 -1 -1 -1.80 1.58 15.26 -1 1.000000
40 12 unknown -1 -1 -1 455 147 524 187 -1 -1 -1 -4.45 1.55 24.51 -1 1.000000
41 5 car -1 -1 -1 375 187 472 258 -1 -1 -1 -4.01 1.75 15.59 -1 1.000000
41 10 cyclist -1 -1 -1 854 160 900 247 -1 -1 -1 5.10 1.48 13.95 -1 1.000000
41 11 car -1 -1 -1 490 180 578 256 -1 -1 -1 -1.78 1.68 14.94 -1 1.000000
41 12 unknown -1 -1 -1 454 147 524 185 -1 -1 -1 -4.46 1.76 24.34 -1 1.000000
42 5 car -1 -1 -1 373 187 472 261 -1 -1 -1 -4.04 1.70 15.41 -1 1.000000
42 10 cyclist -1 -1 -1 847 156 890 243 -1 -1 -1 5.14 1.61 14.29 -1 1.000000
42 11 car -1 -1 -1 488 194 576 255 -1 -1 -1 -1.83 1.68 14.60 -1 1.000000
42 12 unknown -1 -1 -1 453 147 524 187 -1 -1 -1 -4.49 1.65 24.31 -1 1.000000
43 5 car -1 -1 -1 369 187 471 259 -1 -1 -1 -4.05 1.61 15.28 -1 1.000000
43 10 cyclist -1 -1 -1 848 161 884 242 -1 -1 -1 5.09 1.35 14.60 -1 1.000000
43 11 car -1 -1 -1 485 194 576 257 -1 -1 -1 -1.85 1.57 14.28 -1 1.000000
43 12 unknown -1 -1 -1 451 147 524 186 -1 -1 -1 -4.52 1.43 24.13 -1 1.000000
44 5 car -1 -1 -1 367 187 470 261 -1 -1 -1 -4.00 1.69 15.05 -1 1.000000
44 10 cyclist -1 -1 -1 836 158 875 246 -1 -1 -1 5.12 1.43 14.93 -1 1.000000
44 11 car -1 -1 -1 484 188 576 257 -1 -1 -1 -1.81 1.64 13.98 -1 1.000000
44 12 unknown -1 -1 -1 450 146 523 186 -1 -1 -1 -4.47 1.63 23.91 -1 1.000000
45 5 car -1 -1 -1 365 187 468 260 -1 -1 -1 -3.97 1.71 14.76 -1 1.000000
45 10 cyclist -1 -1 -1 831 158 869 235 -1 -1 -1 5.13 1.57 15.33 -1 1.000000
45 11 car -1 -1 -1 478 178 577 265 -1 -1 -1 -1.80 1.68 13.67 -1 1.000000
45 12 unknown -1 -1 -1 449 145 524 187 -1 -1 -1 -4.50 1.67 23.76 -1 1.000000
46 5 car -1 -1 -1 364 188 467 261 -1 -1 -1 -3.97 1.73 14.53 -1 1.000000
46 10 cyclist -1 -1 -1 828 160 860 238 -1 -1 -1 5.12 1.71 15.65 -1 1.000000
46 11 car -1 -1 -1 476 177 576 267 -1 -1 -1 -1.85 1.72 13.30 -1 1.000000
46 12 unknown -1 -1 -1 449 145 523 186 -1 -1 -1 -4.50 1.75 23.67 -1 1.000000
47 5 car -1 -1 -1 360 188 466 262 -1 -1 -1 -3.99 1.65 14.53 -1 1.000000
47 10 cyclist -1 -1 -1 825 160 854 238 -1 -1 -1 5.10 1.54 16.04 -1 1.000000
47 11 car -1 -1 -1 474 177 576 268 -1 -1 -1 -1.88 1.66 12.91 -1 1.000000
47 12 unknown -1 -1 -1 448 144 522 185 -1 -1 -1 -4.51 1.55 23.54 -1 1.000000
48 5 car -1 -1 -1 356 187 469 263 -1 -1 -1 -3.96 1.72 14.43 -1 1.000000
48 10 cyclist -1 -1 -1 819 155 853 231 -1 -1 -1 5.15 1.68 16.47 -1 1.000000
48 11 car -1 -1 -1 464 178 575 270 -1 -1 -1 -1.89 1.71 12.74 -1 1.000000
48 12 unknown -1 -1 -1 447 144 522 185 -1 -1 -1 -4.47 1.74 23.44 -1 1.000000
49 5 car -1 -1 -1 355 187 465 265 -1 -1 -1 -3.97 1.70 14.26 -1 1.000000
49 11 car -1 -1 -1 462 178 574 272 -1 -1 -1 -1.87 1.69 12.52 -1 1.000000
49 12 unknown -1 -1 -1 446 145 521 191 -1 -1 -1 -4.44 1.66 23.26 -1 1.000000
50 5 car -1 -1 -1 353 188 462 265 -1 -1 -1 -3.98 1.65 14.14 -1 1.000000
50 11 car -1 -1 -1 458 180 574 275 -1 -1 -1 -1.92 1.62 12.35 -1 1.000000
50 12 unknown -1 -1 -1 449 144 521 185 -1 -1 -1 -4.25 1.49 23.05 -1 1.000000
51 5 car -1 -1 -1 351 188 462 268 -1 -1 -1 -3.96 1.62 13.93 -1 1.000000
51 11 car -1 -1 -1 457 185 574 276 -1 -1 -1 -1.85 1.61 12.16 -1 1.000000
51 12 unknown -1 -1 -1 443 145 518 186 -1 -1 -1 -4.46 1.43 22.88 -1 1.000000
52 5 car -1 -1 -1 350 188 461 267 -1 -1 -1 -3.92 1.69 13.70 -1 1.000000
52 11 car -1 -1 -1 459 180 574 278 -1 -1 -1 -1.79 1.64 12.17 -1 1.000000
52 12 unknown -1 -1 -1 438 146 519 191 -1 -1 -1 -4.46 1.61 22.62 -1 1.000000
53 5 car -1 -1 -1 348 189 460 268 -1 -1 -1 -3.95 1.68 13.60 -1 1.000000
53 11 car -1 -1 -1 450 181 574 276 -1 -1 -1 -1.77 1.65 12.07 -1 1.000000
53 12 unknown -1 -1 -1 441 145 517 187 -1 -1 -1 -4.52 1.58 22.57 -1 1.000000
54 5 car -1 -1 -1 346 189 457 268 -1 -1 -1 -3.94 1.70 13.44 -1 1.000000
54 11 car -1 -1 -1 447 180 573 280 -1 -1 -1 -1.81 1.69 11.84 -1 1.000000
54 12 unknown -1 -1 -1 436 145 518 204 -1 -1 -1 -4.49 1.63 22.50 -1 1.000000
55 5 car -1 -1 -1 345 189 458 267 -1 -1 -1 -3.94 1.72 13.33 -1 1.000000
55 11 car -1 -1 -1 444 184 571 287 -1 -1 -1 -1.81 1.71 11.59 -1 1.000000
55 12 unknown -1 -1 -1 439 144 517 188 -1 -1 -1 -4.52 1.73 22.45 -1 1.000000
56 5 car -1 -1 -1 343 189 455 268 -1 -1 -1 -3.98 1.68 13.27 -1 1.000000
56 11 car -1 -1 -1 434 183 572 280 -1 -1 -1 -1.83 1.65 11.65 -1 1.000000
56 12 unknown -1 -1 -1 438 144 517 187 -1 -1 -1 -4.60 1.58 22.36 -1 1.000000
57 5 car -1 -1 -1 344 189 454 269 -1 -1 -1 -3.98 1.72 13.20 -1 1.000000
57 11 car -1 -1 -1 445 185 570 286 -1 -1 -1 -1.73 1.71 11.53 -1 1.000000
57 13 unknown -1 -1 -1 442 141 513 178 -1 -1 -1 -4.46 1.70 22.76 -1 1.000000
58 5 car -1 -1 -1 346 189 450 270 -1 -1 -1 -3.96 1.71 13.11 -1 1.000000
58 11 car -1 -1 -1 428 185 570 285 -1 -1 -1 -1.83 1.70 11.39 -1 1.000000
58 13 unknown -1 -1 -1 442 141 512 177 -1 -1 -1 -4.44 1.66 22.56 -1 1.000000
59 5 car -1 -1 -1 336 190 447 271 -1 -1 -1 -4.02 1.69 12.97 -1 1.000000
59 11 car -1 -1 -1 428 192 558 286 -1 -1 -1 -1.97 1.68 10.92 -1 1.000000
59 14 van -1 -1 -1 430 145 516 213 -1 -1 -1 -4.32 1.56 21.90 -1 1.000000
60 5 car -1 -1 -1 335 190 447 270 -1 -1 -1 -4.05 1.72 12.80 -1 1.000000
60 11 car -1 -1 -1 417 189 557 287 -1 -1 -1 -1.98 1.71 10.82 -1 1.000000
60 14 van -1 -1 -1 430 145 516 216 -1 -1 -1 -4.28 1.68 21.79 -1 1.000000
61 5 car -1 -1 -1 334 190 446 270 -1 -1 -1 -4.05 1.67 12.75 -1 1.000000
61 11 car -1 -1 -1 423 183 538 289 -1 -1 -1 -2.13 1.65 10.89 -1 1.000000
61 14 van -1 -1 -1 430 145 516 214 -1 -1 -1 -4.31 1.50 21.72 -1 1.000000
62 5 car -1 -1 -1 334 190 444 270 -1 -1 -1 -4.06 1.67 12.68 -1 1.000000
62 11 car -1 -1 -1 421 190 538 290 -1 -1 -1 -2.03 1.66 10.90 -1 1.000000
62 14 van -1 -1 -1 430 144 516 215 -1 -1 -1 -4.24 1.56 21.66 -1 1.000000
63 5 car -1 -1 -1 333 190 442 269 -1 -1 -1 -4.17 1.63 12.76 -1 1.000000
63 11 car -1 -1 -1 413 196 530 292 -1 -1 -1 -2.14 1.65 10.29 -1 1.000000
63 14 van -1 -1 -1 430 144 515 212 -1 -1 -1 -4.36 1.42 21.64 -1 1.000000
64 5 car -1 -1 -1 332 190 440 270 -1 -1 -1 -4.15 1.68 12.62 -1 1.000000
64 11 car -1 -1 -1 410 197 527 290 -1 -1 -1 -2.14 1.69 9.96 -1 1.000000
64 14 van -1 -1 -1 430 144 515 212 -1 -1 -1 -4.30 1.58 21.50 -1 1.000000
65 5 car -1 -1 -1 331 190 439 268 -1 -1 -1 -4.20 1.72 12.67 -1 1.000000
65 11 car -1 -1 -1 406 200 516 290 -1 -1 -1 -2.24 1.71 9.72 -1 1.000000
65 14 van -1 -1 -1 430 144 515 207 -1 -1 -1 -4.33 1.74 21.41 -1 1.000000
66 5 car -1 -1 -1 326 186 467 276 -1 -1 -1 -4.27 1.69 12.71 -1 1.000000
66 11 car -1 -1 -1 401 199 514 293 -1 -1 -1 -2.23 1.71 9.57 -1 1.000000
66 14 van -1 -1 -1 430 144 515 207 -1 -1 -1 -4.30 1.60 21.37 -1 1.000000
67 5 car -1 -1 -1 330 191 437 266 -1 -1 -1 -4.25 1.67 12.55 -1 1.000000
67 11 car -1 -1 -1 396 198 513 297 -1 -1 -1 -2.22 1.70 9.45 -1 1.000000
67 14 van -1 -1 -1 430 145 526 216 -1 -1 -1 -4.21 1.52 21.29 -1 1.000000
68 5 car -1 -1 -1 324 186 466 277 -1 -1 -1 -4.34 1.68 12.46 -1 1.000000
68 11 car -1 -1 -1 392 221 488 295 -1 -1 -1 -2.28 1.69 9.33 -1 1.000000
68 14 van -1 -1 -1 432 145 515 205 -1 -1 -1 -4.15 1.52 21.19 -1 1.000000
68 15 wheel -1 -1 -1 504 236 561 298 -1 -1 -1 -1.14 1.66 10.31 -1 1.000000
69 5 car -1 -1 -1 321 187 454 278 -1 -1 -1 -4.37 1.69 12.30 -1 1.000000
69 14 van -1 -1 -1 430 144 515 196 -1 -1 -1 -4.22 1.57 21.19 -1 1.000000
69 15 wheel -1 -1 -1 505 236 560 304 -1 -1 -1 -1.16 1.68 10.15 -1 1.000000
70 5 car -1 -1 -1 321 192 425 280 -1 -1 -1 -4.36 1.74 12.09 -1 1.000000
70 14 van -1 -1 -1 414 144 515 211 -1 -1 -1 -4.19 1.75 21.04 -1 1.000000
70 15 wheel -1 -1 -1 504 237 559 301 -1 -1 -1 -1.17 1.71 10.18 -1 1.000000
71 5 car -1 -1 -1 318 192 424 282 -1 -1 -1 -4.42 1.68 12.04 -1 1.000000
71 14 van -1 -1 -1 429 145 513 200 -1 -1 -1 -4.32 1.49 20.95 -1 1.000000
71 15 wheel -1 -1 -1 499 237 558 303 -1 -1 -1 -1.19 1.67 10.10 -1 1.000000
72 5 car -1 -1 -1 317 192 428 280 -1 -1 -1 -4.42 1.68 11.94 -1 1.000000
72 16 car -1 -1 -1 369 144 557 312 -1 -1 -1 -1.99 1.68 9.80 -1 1.000000
73 5 car -1 -1 -1 317 191 428 279 -1 -1 -1 -4.44 1.67 11.94 -1 1.000000
73 16 car -1 -1 -1 365 143 556 313 -1 -1 -1 -2.07 1.65 9.77 -1 1.000000
74 5 car -1 -1 -1 315 191 428 280 -1 -1 -1 -4.47 1.67 11.77 -1 1.000000
74 16 car -1 -1 -1 357 143 554 315 -1 -1 -1 -2.12 1.68 9.61 -1 1.000000
75 5 car -1 -1 -1 312 218 400 278 -1 -1 -1 -4.46 1.69 11.62 -1 1.000000
75 16 car -1 -1 -1 347 191 533 314 -1 -1 -1 -2.09 1.68 8.69 -1 1.000000
75 17 unknown -1 -1 -1 495 240 552 303 -1 -1 -1 -1.19 1.64 10.33 -1 1.000000
75 18 van -1 -1 -1 426 144 512 203 -1 -1 -1 -4.27 1.58 20.74 -1 1.000000
76 16 car -1 -1 -1 344 192 509 315 -1 -1 -1 -2.21 1.71 8.47 -1 1.000000
76 17 unknown -1 -1 -1 494 241 550 299 -1 -1 -1 -1.21 1.68 10.16 -1 1.000000
76 18 van -1 -1 -1 426 143 511 199 -1 -1 -1 -4.30 1.61 20.75 -1 1.000000
76 19 car -1 -1 -1 310 186 430 280 -1 -1 -1 -4.54 1.70 11.74 -1 1.000000
77 16 car -1 -1 -1 336 193 501 317 -1 -1 -1 -2.26 1.70 8.39 -1 1.000000
77 17 unknown -1 -1 -1 495 241 549 298 -1 -1 -1 -1.23 1.67 10.05 -1 1.000000
77 18 van -1 -1 -1 417 144 527 200 -1 -1 -1 -4.36 1.58 20.81 -1 1.000000
77 19 car -1 -1 -1 309 187 429 280 -1 -1 -1 -4.59 1.69 11.72 -1 1.000000
78 16 car -1 -1 -1 329 194 500 317 -1 -1 -1 -2.37 1.72 8.15 -1 1.000000
78 17 unknown -1 -1 -1 498 242 547 298 -1 -1 -1 -1.23 1.68 9.98 -1 1.000000
78 18 van -1 -1 -1 423 144 514 201 -1 -1 -1 -4.37 1.58 20.70 -1 1.000000
78 19 car -1 -1 -1 306 194 406 282 -1 -1 -1 -4.61 1.68 11.84 -1 1.000000
79 16 car -1 -1 -1 322 195 503 320 -1 -1 -1 -2.45 1.70 8.01 -1 1.000000
79 17 unknown -1 -1 -1 481 243 545 294 -1 -1 -1 -1.28 1.63 9.82 -1 1.000000
79 18 van -1 -1 -1 422 144 514 200 -1 -1 -1 -4.42 1.36 20.64 -1 1.000000
79 19 car -1 -1 -1 306 192 406 280 -1 -1 -1 -4.58 1.63 11.88 -1 1.000000
80 14 van -1 -1 -1 422 144 513 199 -1 -1 -1 -4.34 1.51 20.57 -1 1.000000
80 16 car -1 -1 -1 318 197 486 325 -1 -1 -1 -2.45 1.69 7.85 -1 1.000000
81 16 car -1 -1 -1 312 197 485 329 -1 -1 -1 -2.51 1.69 7.69 -1 1.000000
82 16 car -1 -1 -1 295 195 475 331 -1 -1 -1 -2.56 1.72 7.55 -1 1.000000
83 16 car -1 -1 -1 293 195 444 334 -1 -1 -1 -2.63 1.72 7.38 -1 1.000000
84 16 car -1 -1 -1 287 198 426 334 -1 -1 -1 -2.70 1.71 7.25 -1 1.000000
85 16 car -1 -1 -1 278 204 436 337 -1 -1 -1 -2.72 1.69 7.11 -1 1.000000
