2 0 car -1 -1 -1 182 177 253 217 -1 -1 -1 -16.77 2.01 31.81 -1 1.000000
3 0 car -1 -1 -1 146 180 235 221 -1 -1 -1 -17.03 2.03 29.97 -1 1.000000
4 0 car -1 -1 -1 126 179 204 221 -1 -1 -1 -17.14 1.38 28.17 -1 1.000000
5 0 car -1 -1 -1 93 180 194 226 -1 -1 -1 -16.88 1.98 26.11 -1 1.000000
6 0 car -1 -1 -1 64 177 167 226 -1 -1 -1 -17.32 1.32 25.20 -1 1.000000
7 0 car -1 -1 -1 36 172 140 226 -1 -1 -1 -17.45 1.79 24.32 -1 1.000000
8 0 car -1 -1 -1 1 178 111 231 -1 -1 -1 -17.53 1.97 23.36 -1 1.000000
9 0 car -1 -1 -1 0 176 85 232 -1 -1 -1 -17.76 1.95 22.24 -1 1.000000
9 1 trailer -1 -1 -1 149 158 221 214 -1 -1 -1 -15.95 1.21 27.21 -1 1.000000
10 0 car -1 -1 -1 0 179 61 233 -1 -1 -1 -17.98 2.02 21.11 -1 1.000000
10 1 trailer -1 -1 -1 106 158 199 221 -1 -1 -1 -15.80 1.86 25.25 -1 1.000000
11 1 trailer -1 -1 -1 77 160 184 227 -1 -1 -1 -15.98 1.95 24.06 -1 1.000000
12 1 trailer -1 -1 -1 26 156 171 233 -1 -1 -1 -16.28 2.12 22.84 -1 1.000000
13 1 trailer -1 -1 -1 1 144 132 238 -1 -1 -1 -16.33 1.67 21.90 -1 1.000000
14 1 trailer -1 -1 -1 1 152 92 246 -1 -1 -1 -16.29 1.55 20.96 -1 1.000000
15 1 trailer -1 -1 -1 1 165 53 247 -1 -1 -1 -16.26 1.58 20.09 -1 1.000000
16 1 trailer -1 -1 -1 0 167 20 234 -1 -1 -1 -16.41 1.60 18.81 -1 1.000000
52 2 car -1 -1 -1 456 171 527 201 -1 -1 -1 -7.63 1.63 47.36 -1 1.000000
53 2 car -1 -1 -1 448 175 506 200 -1 -1 -1 -7.97 1.79 44.72 -1 1.000000
54 2 car -1 -1 -1 429 176 491 201 -1 -1 -1 -8.36 1.80 42.84 -1 1.000000
55 2 car -1 -1 -1 420 176 479 202 -1 -1 -1 -8.69 1.81 39.62 -1 1.000000
56 2 car -1 -1 -1 398 153 465 203 -1 -1 -1 -9.16 1.62 38.26 -1 1.000000
57 2 car -1 -1 -1 386 176 451 207 -1 -1 -1 -9.24 1.78 35.57 -1 1.000000
58 2 car -1 -1 -1 362 178 434 212 -1 -1 -1 -9.66 1.77 33.41 -1 1.000000
59 2 car -1 -1 -1 340 179 417 212 -1 -1 -1 -9.83 1.80 31.52 -1 1.000000
60 2 car -1 -1 -1 315 178 398 214 -1 -1 -1 -10.05 1.80 29.50 -1 1.000000
61 2 car -1 -1 -1 282 176 374 218 -1 -1 -1 -10.36 1.73 27.26 -1 1.000000
62 2 car -1 -1 -1 248 175 355 222 -1 -1 -1 -10.51 1.68 25.15 -1 1.000000
63 2 car -1 -1 -1 205 170 330 225 -1 -1 -1 -10.78 1.67 23.08 -1 1.000000
64 2 car -1 -1 -1 156 176 295 232 -1 -1 -1 -11.04 1.69 21.18 -1 1.000000
64 3 unknown -1 -1 -1 1084 112 1143 166 -1 -1 -1 21.97 1.43 31.74 -1 1.000000
65 2 car -1 -1 -1 104 182 261 242 -1 -1 -1 -10.96 1.78 19.06 -1 1.000000
65 4 car -1 -1 -1 692 170 760 205 -1 -1 -1 5.25 1.56 35.21 -1 1.000000
66 2 car -1 -1 -1 25 182 224 258 -1 -1 -1 -11.00 1.83 17.14 -1 1.000000
66 4 car -1 -1 -1 693 171 738 206 -1 -1 -1 4.96 1.62 34.07 -1 1.000000
67 2 car -1 -1 -1 1 185 174 272 -1 -1 -1 -10.98 1.76 15.54 -1 1.000000
67 4 car -1 -1 -1 693 167 740 207 -1 -1 -1 4.84 1.61 32.98 -1 1.000000
68 2 car -1 -1 -1 1 187 106 268 -1 -1 -1 -10.94 1.74 14.12 -1 1.000000
68 4 car -1 -1 -1 693 166 740 205 -1 -1 -1 4.66 1.49 31.75 -1 1.000000
69 2 car -1 -1 -1 0 195 51 266 -1 -1 -1 -11.10 1.71 12.29 -1 1.000000
69 4 car -1 -1 -1 693 167 743 205 -1 -1 -1 4.64 1.39 30.68 -1 1.000000
70 4 car -1 -1 -1 694 165 749 207 -1 -1 -1 4.51 1.48 29.54 -1 1.000000
71 4 car -1 -1 -1 696 170 749 209 -1 -1 -1 4.41 1.44 28.46 -1 1.000000
72 4 car -1 -1 -1 697 171 751 212 -1 -1 -1 4.38 1.38 27.52 -1 1.000000
73 4 car -1 -1 -1 699 173 755 215 -1 -1 -1 4.30 1.57 26.28 -1 1.000000
74 4 car -1 -1 -1 701 173 759 217 -1 -1 -1 4.23 1.54 25.43 -1 1.000000
75 4 car -1 -1 -1 705 176 766 219 -1 -1 -1 4.21 1.65 24.35 -1 1.000000
76 4 car -1 -1 -1 707 168 770 220 -1 -1 -1 4.15 1.57 23.34 -1 1.000000
77 4 car -1 -1 -1 710 168 775 220 -1 -1 -1 4.11 1.49 22.46 -1 1.000000
78 4 car -1 -1 -1 712 167 781 221 -1 -1 -1 4.09 1.46 21.53 -1 1.000000
79 4 car -1 -1 -1 714 162 787 227 -1 -1 -1 4.03 1.49 20.62 -1 1.000000
80 4 car -1 -1 -1 718 175 793 230 -1 -1 -1 3.98 1.57 19.65 -1 1.000000
80 5 advertising -1 -1 -1 194 134 232 199 -1 -1 -1 -24.20 2.01 43.83 -1 1.000000
81 4 car -1 -1 -1 733 177 802 234 -1 -1 -1 4.01 1.59 18.72 -1 1.000000
82 4 car -1 -1 -1 723 181 810 237 -1 -1 -1 3.93 1.59 17.90 -1 1.000000
83 4 car -1 -1 -1 726 180 818 240 -1 -1 -1 3.89 1.59 17.18 -1 1.000000
84 4 car -1 -1 -1 730 180 826 244 -1 -1 -1 3.85 1.56 16.33 -1 1.000000
85 4 car -1 -1 -1 734 180 837 248 -1 -1 -1 3.80 1.59 15.54 -1 1.000000
86 4 car -1 -1 -1 737 180 847 251 -1 -1 -1 3.77 1.55 14.85 -1 1.000000
87 4 car -1 -1 -1 739 182 858 253 -1 -1 -1 3.75 1.59 14.07 -1 1.000000
87 6 car -1 -1 -1 369 178 429 201 -1 -1 -1 -14.40 1.86 48.66 -1 1.000000
88 4 car -1 -1 -1 744 179 873 258 -1 -1 -1 3.72 1.56 13.31 -1 1.000000
88 6 car -1 -1 -1 376 178 435 200 -1 -1 -1 -14.33 1.85 48.72 -1 1.000000
88 7 car -1 -1 -1 634 166 699 196 -1 -1 -1 3.97 1.50 48.64 -1 1.000000
89 4 car -1 -1 -1 749 180 884 263 -1 -1 -1 3.68 1.56 12.55 -1 1.000000
89 6 car -1 -1 -1 377 179 438 201 -1 -1 -1 -14.11 1.94 48.51 -1 1.000000
89 7 car -1 -1 -1 621 164 685 196 -1 -1 -1 3.34 1.57 47.56 -1 1.000000
90 4 car -1 -1 -1 754 177 899 268 -1 -1 -1 3.66 1.57 11.85 -1 1.000000
90 7 car -1 -1 -1 610 167 675 196 -1 -1 -1 2.51 1.62 47.91 -1 1.000000
90 8 car -1 -1 -1 971 164 1042 193 -1 -1 -1 26.09 1.22 47.58 -1 1.000000
91 4 car -1 -1 -1 759 174 914 275 -1 -1 -1 3.65 1.54 11.20 -1 1.000000
91 7 car -1 -1 -1 596 170 666 197 -1 -1 -1 1.72 1.43 47.57 -1 1.000000
91 8 car -1 -1 -1 974 165 1044 193 -1 -1 -1 25.87 0.90 46.93 -1 1.000000
91 9 building -1 -1 -1 1041 132 1178 185 -1 -1 -1 34.83 0.67 49.76 -1 1.000000
91 10 car -1 -1 -1 384 177 454 203 -1 -1 -1 -12.78 1.70 45.73 -1 1.000000
92 4 car -1 -1 -1 764 173 933 283 -1 -1 -1 3.62 1.56 10.53 -1 1.000000
92 7 car -1 -1 -1 584 154 675 198 -1 -1 -1 0.84 1.62 45.31 -1 1.000000
92 8 car -1 -1 -1 976 164 1044 193 -1 -1 -1 25.91 1.09 46.59 -1 1.000000
92 9 building -1 -1 -1 1046 134 1186 183 -1 -1 -1 36.40 0.86 51.41 -1 1.000000
92 10 car -1 -1 -1 390 171 454 202 -1 -1 -1 -12.28 1.84 44.41 -1 1.000000
93 4 car -1 -1 -1 772 173 952 289 -1 -1 -1 3.61 1.57 9.90 -1 1.000000
93 7 car -1 -1 -1 569 172 640 199 -1 -1 -1 0.00 1.67 44.27 -1 1.000000
93 8 car -1 -1 -1 983 162 1054 194 -1 -1 -1 25.27 1.22 45.30 -1 1.000000
93 9 building -1 -1 -1 1050 133 1192 181 -1 -1 -1 36.26 0.97 50.28 -1 1.000000
93 10 car -1 -1 -1 397 176 462 203 -1 -1 -1 -11.98 1.84 43.83 -1 1.000000
94 4 car -1 -1 -1 773 174 972 296 -1 -1 -1 3.60 1.56 9.40 -1 1.000000
94 7 car -1 -1 -1 557 172 629 199 -1 -1 -1 -0.78 1.65 43.29 -1 1.000000
94 8 car -1 -1 -1 985 164 1059 195 -1 -1 -1 25.18 1.23 44.82 -1 1.000000
94 9 building -1 -1 -1 1056 134 1201 183 -1 -1 -1 35.96 0.96 49.64 -1 1.000000
94 10 car -1 -1 -1 402 152 467 203 -1 -1 -1 -11.49 1.79 43.49 -1 1.000000
95 4 car -1 -1 -1 769 182 996 306 -1 -1 -1 3.51 1.55 8.74 -1 1.000000
95 7 car -1 -1 -1 540 165 614 201 -1 -1 -1 -1.70 1.65 41.50 -1 1.000000
95 10 car -1 -1 -1 411 164 474 202 -1 -1 -1 -10.94 1.79 43.08 -1 1.000000
95 11 car -1 -1 -1 754 165 824 194 -1 -1 -1 11.91 1.31 46.86 -1 1.000000
96 4 car -1 -1 -1 791 185 1021 314 -1 -1 -1 3.41 1.57 8.13 -1 1.000000
96 7 car -1 -1 -1 529 174 602 202 -1 -1 -1 -2.40 1.66 39.89 -1 1.000000
96 11 car -1 -1 -1 746 166 816 194 -1 -1 -1 11.37 1.36 46.30 -1 1.000000
97 4 car -1 -1 -1 797 172 1046 322 -1 -1 -1 3.38 1.56 7.61 -1 1.000000
97 7 car -1 -1 -1 524 174 589 203 -1 -1 -1 -2.94 1.66 38.55 -1 1.000000
97 11 car -1 -1 -1 736 167 807 194 -1 -1 -1 10.86 1.36 46.15 -1 1.000000
98 4 car -1 -1 -1 803 180 1082 334 -1 -1 -1 3.37 1.56 7.12 -1 1.000000
98 7 car -1 -1 -1 511 173 577 205 -1 -1 -1 -3.66 1.69 37.11 -1 1.000000
98 11 car -1 -1 -1 724 167 796 195 -1 -1 -1 10.23 1.39 45.30 -1 1.000000
99 4 car -1 -1 -1 809 185 1114 345 -1 -1 -1 3.29 1.56 6.61 -1 1.000000
99 7 car -1 -1 -1 488 174 561 206 -1 -1 -1 -4.07 1.67 34.59 -1 1.000000
99 11 car -1 -1 -1 714 167 786 195 -1 -1 -1 9.35 1.41 44.51 -1 1.000000
100 4 car -1 -1 -1 815 185 1152 355 -1 -1 -1 3.24 1.58 6.09 -1 1.000000
100 7 car -1 -1 -1 478 175 545 207 -1 -1 -1 -4.80 1.74 34.30 -1 1.000000
100 11 car -1 -1 -1 702 167 777 197 -1 -1 -1 8.42 1.49 43.75 -1 1.000000
101 4 car -1 -1 -1 828 119 1236 366 -1 -1 -1 3.34 1.58 5.74 -1 1.000000
101 7 car -1 -1 -1 470 175 532 209 -1 -1 -1 -5.28 1.78 33.04 -1 1.000000
101 11 car -1 -1 -1 689 167 766 197 -1 -1 -1 7.77 1.60 43.18 -1 1.000000
101 12 car -1 -1 -1 222 158 296 209 -1 -1 -1 -19.43 2.00 39.82 -1 1.000000
102 4 car -1 -1 -1 836 169 1241 372 -1 -1 -1 3.20 1.58 5.29 -1 1.000000
102 7 car -1 -1 -1 447 163 519 214 -1 -1 -1 -5.35 1.75 30.88 -1 1.000000
102 11 car -1 -1 -1 680 167 757 197 -1 -1 -1 7.00 1.56 42.93 -1 1.000000
102 12 car -1 -1 -1 227 180 322 208 -1 -1 -1 -19.35 1.98 39.44 -1 1.000000
103 4 car -1 -1 -1 843 182 1241 374 -1 -1 -1 3.10 1.60 4.95 -1 1.000000
103 11 car -1 -1 -1 678 168 746 197 -1 -1 -1 6.29 1.52 42.34 -1 1.000000
103 12 car -1 -1 -1 223 178 298 209 -1 -1 -1 -19.07 1.92 38.77 -1 1.000000
103 13 car -1 -1 -1 489 175 555 203 -1 -1 -1 -5.76 1.69 41.38 -1 1.000000
103 14 car -1 -1 -1 397 171 469 216 -1 -1 -1 -5.63 1.71 25.05 -1 1.000000
103 15 car -1 -1 -1 883 166 957 195 -1 -1 -1 18.35 1.30 43.08 -1 1.000000
104 4 car -1 -1 -1 854 126 1241 374 -1 -1 -1 3.07 1.59 5.10 -1 1.000000
104 11 car -1 -1 -1 669 168 736 199 -1 -1 -1 5.38 1.52 40.98 -1 1.000000
104 12 car -1 -1 -1 224 179 300 209 -1 -1 -1 -18.84 1.91 38.46 -1 1.000000
104 13 car -1 -1 -1 495 174 561 202 -1 -1 -1 -5.21 1.66 41.03 -1 1.000000
104 15 car -1 -1 -1 861 167 953 197 -1 -1 -1 17.95 1.28 42.83 -1 1.000000
104 16 car -1 -1 -1 378 158 478 225 -1 -1 -1 -5.70 1.74 26.32 -1 1.000000
105 4 car -1 -1 -1 865 203 1242 375 -1 -1 -1 3.07 1.59 4.70 -1 1.000000
105 11 car -1 -1 -1 654 169 723 200 -1 -1 -1 4.64 1.57 39.84 -1 1.000000
105 12 car -1 -1 -1 225 179 302 209 -1 -1 -1 -18.76 1.89 37.94 -1 1.000000
105 13 car -1 -1 -1 502 176 570 202 -1 -1 -1 -4.57 1.67 40.69 -1 1.000000
105 15 car -1 -1 -1 853 165 945 196 -1 -1 -1 17.43 1.36 42.11 -1 1.000000
105 16 car -1 -1 -1 357 168 463 226 -1 -1 -1 -6.59 1.74 24.49 -1 1.000000
106 4 car -1 -1 -1 880 206 1242 375 -1 -1 -1 3.08 1.59 4.32 -1 1.000000
106 11 car -1 -1 -1 651 167 712 200 -1 -1 -1 4.00 1.58 38.95 -1 1.000000
106 12 car -1 -1 -1 223 179 308 211 -1 -1 -1 -18.25 1.85 37.59 -1 1.000000
106 13 car -1 -1 -1 513 175 580 202 -1 -1 -1 -3.87 1.66 40.63 -1 1.000000
106 15 car -1 -1 -1 846 168 937 195 -1 -1 -1 16.75 1.41 41.62 -1 1.000000
106 16 car -1 -1 -1 328 179 439 225 -1 -1 -1 -7.17 1.72 23.65 -1 1.000000
106 17 bicycle -1 -1 -1 941 189 1000 244 -1 -1 -1 7.65 1.54 15.41 -1 1.000000
107 11 car -1 -1 -1 635 168 701 201 -1 -1 -1 3.38 1.51 38.25 -1 1.000000
107 13 car -1 -1 -1 524 174 590 201 -1 -1 -1 -3.23 1.59 40.54 -1 1.000000
107 15 car -1 -1 -1 839 168 930 197 -1 -1 -1 15.86 1.30 41.10 -1 1.000000
107 16 car -1 -1 -1 300 178 431 229 -1 -1 -1 -7.64 1.71 22.84 -1 1.000000
107 17 bicycle -1 -1 -1 951 191 995 243 -1 -1 -1 7.66 1.49 15.22 -1 1.000000
108 11 car -1 -1 -1 622 167 690 201 -1 -1 -1 2.65 1.52 37.15 -1 1.000000
108 13 car -1 -1 -1 532 170 610 200 -1 -1 -1 -2.62 1.60 40.03 -1 1.000000
108 15 car -1 -1 -1 849 168 922 194 -1 -1 -1 15.03 1.33 40.41 -1 1.000000
108 16 car -1 -1 -1 270 177 398 233 -1 -1 -1 -8.03 1.72 21.79 -1 1.000000
108 17 bicycle -1 -1 -1 960 189 1004 246 -1 -1 -1 7.67 1.50 14.83 -1 1.000000
109 11 car -1 -1 -1 617 168 678 203 -1 -1 -1 1.98 1.55 36.14 -1 1.000000
109 13 car -1 -1 -1 546 170 616 200 -1 -1 -1 -2.13 1.57 39.91 -1 1.000000
109 15 car -1 -1 -1 842 168 913 196 -1 -1 -1 14.51 1.37 39.77 -1 1.000000
109 16 car -1 -1 -1 237 177 375 237 -1 -1 -1 -8.38 1.71 20.64 -1 1.000000
109 17 bicycle -1 -1 -1 968 191 1016 250 -1 -1 -1 7.68 1.52 14.47 -1 1.000000
109 18 person -1 -1 -1 408 170 450 232 -1 -1 -1 -5.20 1.68 19.95 -1 1.000000
109 19 traffic light -1 -1 -1 1005 66 1037 138 -1 -1 -1 7.18 1.53 12.41 -1 1.000000
110 11 car -1 -1 -1 581 168 668 207 -1 -1 -1 0.88 1.59 35.82 -1 1.000000
110 15 car -1 -1 -1 826 168 905 197 -1 -1 -1 14.01 1.39 39.17 -1 1.000000
110 16 car -1 -1 -1 199 177 350 243 -1 -1 -1 -8.65 1.75 19.07 -1 1.000000
110 17 bicycle -1 -1 -1 975 189 1026 250 -1 -1 -1 7.70 1.52 14.16 -1 1.000000
110 18 person -1 -1 -1 400 170 428 233 -1 -1 -1 -5.16 1.69 19.41 -1 1.000000
110 19 traffic light -1 -1 -1 1021 70 1048 135 -1 -1 -1 7.19 1.53 12.07 -1 1.000000
111 11 car -1 -1 -1 567 170 656 208 -1 -1 -1 0.18 1.55 35.05 -1 1.000000
111 15 car -1 -1 -1 804 164 895 198 -1 -1 -1 13.46 1.33 38.74 -1 1.000000
111 16 car -1 -1 -1 156 168 333 252 -1 -1 -1 -8.82 1.74 17.68 -1 1.000000
111 17 bicycle -1 -1 -1 982 191 1038 254 -1 -1 -1 7.69 1.51 13.82 -1 1.000000
111 18 person -1 -1 -1 398 169 424 233 -1 -1 -1 -5.18 1.67 19.16 -1 1.000000
111 19 traffic light -1 -1 -1 1034 67 1066 134 -1 -1 -1 7.19 1.52 11.73 -1 1.000000
111 20 traffic light -1 -1 -1 136 135 180 237 -1 -1 -1 -15.64 1.80 25.01 -1 1.000000
112 11 car -1 -1 -1 553 171 643 208 -1 -1 -1 -0.41 1.60 34.08 -1 1.000000
112 15 car -1 -1 -1 809 169 888 196 -1 -1 -1 12.75 1.39 38.36 -1 1.000000
112 16 car -1 -1 -1 107 184 294 259 -1 -1 -1 -8.91 1.75 16.10 -1 1.000000
112 17 bicycle -1 -1 -1 991 189 1048 259 -1 -1 -1 7.70 1.53 13.51 -1 1.000000
112 18 person -1 -1 -1 397 169 422 235 -1 -1 -1 -5.17 1.69 18.87 -1 1.000000
112 19 traffic light -1 -1 -1 1046 66 1077 133 -1 -1 -1 7.19 1.54 11.45 -1 1.000000
112 20 traffic light -1 -1 -1 131 125 171 210 -1 -1 -1 -15.69 1.81 24.79 -1 1.000000
112 21 bicycle -1 -1 -1 1067 184 1107 254 -1 -1 -1 8.94 1.50 13.51 -1 1.000000
113 11 car -1 -1 -1 541 170 646 209 -1 -1 -1 -0.90 1.65 33.01 -1 1.000000
113 15 car -1 -1 -1 790 155 880 197 -1 -1 -1 12.12 1.43 37.98 -1 1.000000
113 16 car -1 -1 -1 49 183 259 268 -1 -1 -1 -8.93 1.78 14.48 -1 1.000000
113 17 bicycle -1 -1 -1 998 194 1059 256 -1 -1 -1 7.70 1.53 13.27 -1 1.000000
113 18 person -1 -1 -1 398 174 419 236 -1 -1 -1 -5.14 1.71 18.45 -1 1.000000
113 19 traffic light -1 -1 -1 1056 58 1088 128 -1 -1 -1 7.19 1.53 11.19 -1 1.000000
113 20 traffic light -1 -1 -1 123 125 170 189 -1 -1 -1 -15.84 1.88 24.75 -1 1.000000
113 21 bicycle -1 -1 -1 1075 186 1115 252 -1 -1 -1 8.98 1.50 13.26 -1 1.000000
113 22 car -1 -1 -1 260 178 340 213 -1 -1 -1 -16.13 1.86 34.94 -1 1.000000
114 11 car -1 -1 -1 526 171 653 210 -1 -1 -1 -1.36 1.62 32.25 -1 1.000000
114 16 car -1 -1 -1 1 183 220 282 -1 -1 -1 -8.87 1.78 13.27 -1 1.000000
114 17 bicycle -1 -1 -1 1006 196 1071 258 -1 -1 -1 7.73 1.51 13.01 -1 1.000000
114 18 person -1 -1 -1 392 171 415 237 -1 -1 -1 -5.20 1.71 18.38 -1 1.000000
114 19 traffic light -1 -1 -1 1066 54 1107 124 -1 -1 -1 7.22 1.52 10.94 -1 1.000000
114 20 traffic light -1 -1 -1 117 122 162 187 -1 -1 -1 -15.96 1.86 24.51 -1 1.000000
114 21 bicycle -1 -1 -1 1094 184 1128 255 -1 -1 -1 9.40 1.47 13.44 -1 1.000000
114 22 car -1 -1 -1 265 156 340 213 -1 -1 -1 -15.39 1.84 34.60 -1 1.000000
115 11 car -1 -1 -1 510 171 607 212 -1 -1 -1 -2.09 1.63 31.05 -1 1.000000
115 16 car -1 -1 -1 1 157 175 304 -1 -1 -1 -8.71 1.76 12.05 -1 1.000000
115 17 bicycle -1 -1 -1 1012 208 1081 259 -1 -1 -1 7.74 1.52 12.78 -1 1.000000
115 18 person -1 -1 -1 389 168 411 238 -1 -1 -1 -5.21 1.69 18.15 -1 1.000000
115 19 traffic light -1 -1 -1 1076 53 1113 124 -1 -1 -1 7.24 1.53 10.70 -1 1.000000
115 20 traffic light -1 -1 -1 119 130 159 196 -1 -1 -1 -16.01 1.84 24.45 -1 1.000000
115 21 bicycle -1 -1 -1 1105 187 1138 257 -1 -1 -1 9.40 1.49 13.11 -1 1.000000
115 22 car -1 -1 -1 275 177 357 212 -1 -1 -1 -14.92 1.79 34.53 -1 1.000000
115 23 car -1 -1 -1 763 138 864 201 -1 -1 -1 11.31 1.40 37.99 -1 1.000000
116 11 car -1 -1 -1 494 171 594 213 -1 -1 -1 -2.65 1.65 30.09 -1 1.000000
116 16 car -1 -1 -1 1 188 118 288 -1 -1 -1 -8.65 1.75 11.46 -1 1.000000
116 17 bicycle -1 -1 -1 1021 188 1093 261 -1 -1 -1 7.72 1.52 12.50 -1 1.000000
116 18 person -1 -1 -1 386 170 408 239 -1 -1 -1 -5.18 1.71 17.81 -1 1.000000
116 19 traffic light -1 -1 -1 1094 51 1121 122 -1 -1 -1 7.24 1.52 10.44 -1 1.000000
116 20 traffic light -1 -1 -1 110 120 159 191 -1 -1 -1 -16.09 1.86 24.37 -1 1.000000
116 21 bicycle -1 -1 -1 1108 194 1147 258 -1 -1 -1 9.20 1.50 12.70 -1 1.000000
116 22 car -1 -1 -1 284 177 381 213 -1 -1 -1 -14.24 1.82 34.30 -1 1.000000
116 23 car -1 -1 -1 754 166 848 202 -1 -1 -1 10.53 1.42 37.83 -1 1.000000
117 11 car -1 -1 -1 477 170 578 214 -1 -1 -1 -3.19 1.65 28.93 -1 1.000000
117 16 car -1 -1 -1 1 198 49 303 -1 -1 -1 -8.72 1.76 10.83 -1 1.000000
117 17 bicycle -1 -1 -1 1029 194 1104 270 -1 -1 -1 7.73 1.50 12.29 -1 1.000000
117 18 person -1 -1 -1 384 169 406 239 -1 -1 -1 -5.20 1.70 17.69 -1 1.000000
117 19 traffic light -1 -1 -1 1103 52 1133 122 -1 -1 -1 7.26 1.51 10.24 -1 1.000000
117 20 traffic light -1 -1 -1 101 125 150 192 -1 -1 -1 -16.07 1.85 24.04 -1 1.000000
117 21 bicycle -1 -1 -1 1120 195 1159 259 -1 -1 -1 9.20 1.48 12.43 -1 1.000000
117 22 car -1 -1 -1 292 177 385 213 -1 -1 -1 -13.55 1.81 33.91 -1 1.000000
117 23 car -1 -1 -1 739 168 838 202 -1 -1 -1 9.89 1.40 37.67 -1 1.000000
118 11 car -1 -1 -1 459 171 564 218 -1 -1 -1 -3.64 1.65 27.89 -1 1.000000
118 17 bicycle -1 -1 -1 1037 198 1114 270 -1 -1 -1 7.72 1.50 12.06 -1 1.000000
118 18 person -1 -1 -1 379 170 403 229 -1 -1 -1 -5.24 1.70 17.57 -1 1.000000
118 19 traffic light -1 -1 -1 1115 52 1146 125 -1 -1 -1 7.24 1.51 10.01 -1 1.000000
118 20 traffic light -1 -1 -1 98 127 147 191 -1 -1 -1 -16.09 1.87 23.90 -1 1.000000
118 22 car -1 -1 -1 302 178 381 211 -1 -1 -1 -13.06 1.79 33.87 -1 1.000000
118 23 car -1 -1 -1 726 167 828 201 -1 -1 -1 9.55 1.39 37.36 -1 1.000000
119 11 car -1 -1 -1 443 171 549 217 -1 -1 -1 -4.13 1.67 26.87 -1 1.000000
119 17 bicycle -1 -1 -1 1041 201 1123 265 -1 -1 -1 7.71 1.50 11.86 -1 1.000000
119 18 person -1 -1 -1 377 168 404 235 -1 -1 -1 -5.23 1.71 17.27 -1 1.000000
119 19 traffic light -1 -1 -1 1128 50 1158 134 -1 -1 -1 7.25 1.52 9.80 -1 1.000000
119 20 traffic light -1 -1 -1 95 127 141 191 -1 -1 -1 -16.13 1.85 23.61 -1 1.000000
119 22 car -1 -1 -1 311 164 382 212 -1 -1 -1 -12.68 1.78 32.98 -1 1.000000
119 23 car -1 -1 -1 717 167 818 204 -1 -1 -1 8.75 1.47 36.92 -1 1.000000
120 11 car -1 -1 -1 427 170 531 220 -1 -1 -1 -4.53 1.65 25.79 -1 1.000000
120 17 bicycle -1 -1 -1 1051 206 1133 267 -1 -1 -1 7.71 1.49 11.65 -1 1.000000
120 18 person -1 -1 -1 375 170 404 217 -1 -1 -1 -5.24 1.70 17.00 -1 1.000000
120 19 traffic light -1 -1 -1 1139 50 1170 122 -1 -1 -1 7.27 1.51 9.59 -1 1.000000
120 20 traffic light -1 -1 -1 88 124 138 196 -1 -1 -1 -16.06 1.83 23.25 -1 1.000000
120 22 car -1 -1 -1 309 155 370 213 -1 -1 -1 -12.52 1.77 32.55 -1 1.000000
120 23 car -1 -1 -1 704 171 804 204 -1 -1 -1 7.85 1.42 36.28 -1 1.000000
120 24 car -1 -1 -1 974 158 1076 199 -1 -1 -1 21.88 1.13 37.84 -1 1.000000
121 11 car -1 -1 -1 420 171 515 221 -1 -1 -1 -4.85 1.61 24.64 -1 1.000000
121 17 bicycle -1 -1 -1 1057 216 1142 270 -1 -1 -1 7.90 1.50 11.55 -1 1.000000
121 18 person -1 -1 -1 374 166 405 232 -1 -1 -1 -5.25 1.66 16.86 -1 1.000000
121 19 traffic light -1 -1 -1 1150 44 1181 118 -1 -1 -1 7.26 1.52 9.40 -1 1.000000
121 20 traffic light -1 -1 -1 91 125 135 196 -1 -1 -1 -16.04 1.77 23.04 -1 1.000000
121 23 car -1 -1 -1 692 171 792 205 -1 -1 -1 6.92 1.37 35.64 -1 1.000000
121 24 car -1 -1 -1 962 158 1062 199 -1 -1 -1 21.46 1.14 37.84 -1 1.000000
121 25 car -1 -1 -1 330 175 382 211 -1 -1 -1 -12.06 1.65 32.14 -1 1.000000
122 11 car -1 -1 -1 395 170 500 224 -1 -1 -1 -5.17 1.69 23.49 -1 1.000000
122 18 person -1 -1 -1 370 165 404 233 -1 -1 -1 -5.29 1.66 16.84 -1 1.000000
122 19 traffic light -1 -1 -1 1161 42 1192 118 -1 -1 -1 7.27 1.51 9.23 -1 1.000000
122 20 traffic light -1 -1 -1 87 129 130 195 -1 -1 -1 -16.01 1.86 22.86 -1 1.000000
122 23 car -1 -1 -1 685 171 781 206 -1 -1 -1 6.09 1.46 35.13 -1 1.000000
122 24 car -1 -1 -1 949 158 1050 198 -1 -1 -1 20.77 1.20 38.05 -1 1.000000
122 26 bicycle -1 -1 -1 1066 205 1216 271 -1 -1 -1 7.73 1.49 11.30 -1 1.000000
123 11 car -1 -1 -1 389 170 483 228 -1 -1 -1 -5.34 1.67 22.64 -1 1.000000
123 19 traffic light -1 -1 -1 1171 41 1203 115 -1 -1 -1 7.29 1.50 9.07 -1 1.000000
123 20 traffic light -1 -1 -1 78 118 128 195 -1 -1 -1 -16.12 1.88 22.74 -1 1.000000
123 23 car -1 -1 -1 666 171 767 205 -1 -1 -1 5.27 1.44 34.69 -1 1.000000
123 24 car -1 -1 -1 944 157 1037 199 -1 -1 -1 20.22 1.17 37.92 -1 1.000000
123 26 bicycle -1 -1 -1 1072 206 1159 270 -1 -1 -1 7.76 1.48 11.21 -1 1.000000
124 11 car -1 -1 -1 378 171 466 228 -1 -1 -1 -5.43 1.72 22.38 -1 1.000000
124 19 traffic light -1 -1 -1 1179 38 1217 113 -1 -1 -1 7.29 1.49 8.94 -1 1.000000
124 20 traffic light -1 -1 -1 75 116 113 174 -1 -1 -1 -15.96 1.89 22.25 -1 1.000000
124 23 car -1 -1 -1 653 172 755 207 -1 -1 -1 4.55 1.49 33.95 -1 1.000000
124 24 car -1 -1 -1 911 158 1023 201 -1 -1 -1 19.23 1.22 37.59 -1 1.000000
124 26 bicycle -1 -1 -1 1080 207 1172 273 -1 -1 -1 7.80 1.48 11.03 -1 1.000000
125 19 traffic light -1 -1 -1 1188 38 1222 111 -1 -1 -1 7.27 1.51 8.79 -1 1.000000
125 20 traffic light -1 -1 -1 77 118 120 202 -1 -1 -1 -16.41 1.84 22.99 -1 1.000000
125 23 car -1 -1 -1 639 172 743 207 -1 -1 -1 3.94 1.49 33.31 -1 1.000000
125 26 bicycle -1 -1 -1 1087 205 1180 275 -1 -1 -1 7.83 1.49 10.89 -1 1.000000
125 27 car -1 -1 -1 311 173 430 236 -1 -1 -1 -6.44 1.70 19.04 -1 1.000000
125 28 car -1 -1 -1 911 161 977 198 -1 -1 -1 16.83 1.22 35.63 -1 1.000000
125 29 advertising -1 -1 -1 1101 117 1179 188 -1 -1 -1 16.56 1.29 22.86 -1 1.000000
126 19 traffic light -1 -1 -1 1197 34 1234 112 -1 -1 -1 7.26 1.50 8.63 -1 1.000000
126 23 car -1 -1 -1 625 172 729 208 -1 -1 -1 3.24 1.47 32.75 -1 1.000000
126 26 bicycle -1 -1 -1 1092 201 1188 277 -1 -1 -1 7.86 1.48 10.73 -1 1.000000
126 27 car -1 -1 -1 286 169 449 236 -1 -1 -1 -6.56 1.71 18.56 -1 1.000000
126 28 car -1 -1 -1 898 158 996 199 -1 -1 -1 16.28 1.19 35.41 -1 1.000000
126 29 advertising -1 -1 -1 1101 117 1172 191 -1 -1 -1 16.61 1.25 22.72 -1 1.000000
126 30 traffic light -1 -1 -1 66 114 105 166 -1 -1 -1 -15.36 1.85 21.10 -1 1.000000
127 19 traffic light -1 -1 -1 1208 32 1240 112 -1 -1 -1 7.23 1.51 8.48 -1 1.000000
127 23 car -1 -1 -1 610 173 719 209 -1 -1 -1 2.52 1.48 32.05 -1 1.000000
127 26 bicycle -1 -1 -1 1097 197 1198 277 -1 -1 -1 7.87 1.49 10.65 -1 1.000000
127 27 car -1 -1 -1 254 172 417 242 -1 -1 -1 -6.72 1.72 17.69 -1 1.000000
127 28 car -1 -1 -1 884 158 982 199 -1 -1 -1 15.62 1.21 35.41 -1 1.000000
127 29 advertising -1 -1 -1 1111 116 1181 188 -1 -1 -1 16.76 1.26 22.62 -1 1.000000
127 30 traffic light -1 -1 -1 63 117 100 163 -1 -1 -1 -15.44 1.86 21.04 -1 1.000000
127 31 car -1 -1 -1 386 176 457 208 -1 -1 -1 -8.32 1.65 34.95 -1 1.000000
127 32 person -1 -1 -1 360 173 389 249 -1 -1 -1 -5.17 1.70 15.98 -1 1.000000
128 19 traffic light -1 -1 -1 1217 28 1240 105 -1 -1 -1 7.19 1.51 8.36 -1 1.000000
128 23 car -1 -1 -1 595 172 713 210 -1 -1 -1 1.97 1.47 31.56 -1 1.000000
128 26 bicycle -1 -1 -1 1103 195 1205 277 -1 -1 -1 7.93 1.49 10.49 -1 1.000000
128 27 car -1 -1 -1 221 172 370 247 -1 -1 -1 -7.04 1.72 16.82 -1 1.000000
128 28 car -1 -1 -1 876 158 969 200 -1 -1 -1 14.71 1.22 35.27 -1 1.000000
128 29 advertising -1 -1 -1 1112 115 1182 191 -1 -1 -1 16.76 1.26 22.56 -1 1.000000
128 30 traffic light -1 -1 -1 62 120 100 201 -1 -1 -1 -15.46 1.83 20.98 -1 1.000000
128 31 car -1 -1 -1 388 176 458 207 -1 -1 -1 -8.63 1.62 35.25 -1 1.000000
128 32 person -1 -1 -1 358 177 385 249 -1 -1 -1 -5.16 1.69 15.75 -1 1.000000
129 19 traffic light -1 -1 -1 1225 31 1240 105 -1 -1 -1 7.14 1.52 8.25 -1 1.000000
129 23 car -1 -1 -1 589 167 689 211 -1 -1 -1 1.36 1.44 30.80 -1 1.000000
129 26 bicycle -1 -1 -1 1108 196 1218 297 -1 -1 -1 7.90 1.49 10.34 -1 1.000000
129 27 car -1 -1 -1 187 172 381 258 -1 -1 -1 -7.16 1.70 15.91 -1 1.000000
129 28 car -1 -1 -1 859 158 957 200 -1 -1 -1 14.01 1.18 35.20 -1 1.000000
129 29 advertising -1 -1 -1 1111 115 1182 191 -1 -1 -1 16.77 1.24 22.48 -1 1.000000
129 30 traffic light -1 -1 -1 57 116 108 187 -1 -1 -1 -15.35 1.79 20.68 -1 1.000000
129 31 car -1 -1 -1 397 176 462 207 -1 -1 -1 -8.72 1.56 35.39 -1 1.000000
129 32 person -1 -1 -1 358 177 384 249 -1 -1 -1 -5.16 1.67 15.66 -1 1.000000
130 20 traffic light -1 -1 -1 57 115 109 193 -1 -1 -1 -16.24 1.79 22.10 -1 1.000000
130 23 car -1 -1 -1 584 172 675 211 -1 -1 -1 0.85 1.45 30.23 -1 1.000000
130 26 bicycle -1 -1 -1 1113 198 1224 281 -1 -1 -1 7.90 1.49 10.24 -1 1.000000
130 27 car -1 -1 -1 145 173 339 263 -1 -1 -1 -7.35 1.71 14.86 -1 1.000000
130 28 car -1 -1 -1 845 163 906 201 -1 -1 -1 13.01 1.22 35.05 -1 1.000000
130 29 advertising -1 -1 -1 1121 118 1178 191 -1 -1 -1 16.88 1.24 22.44 -1 1.000000
130 31 car -1 -1 -1 398 171 463 208 -1 -1 -1 -8.71 1.53 35.81 -1 1.000000
130 32 person -1 -1 -1 354 178 380 251 -1 -1 -1 -5.16 1.67 15.55 -1 1.000000
131 20 traffic light -1 -1 -1 55 116 107 195 -1 -1 -1 -16.17 1.85 22.04 -1 1.000000
131 23 car -1 -1 -1 565 171 661 212 -1 -1 -1 0.22 1.52 29.61 -1 1.000000
131 26 bicycle -1 -1 -1 1120 201 1232 282 -1 -1 -1 7.90 1.49 10.18 -1 1.000000
131 27 car -1 -1 -1 97 176 309 270 -1 -1 -1 -7.49 1.75 13.75 -1 1.000000
131 28 car -1 -1 -1 831 161 904 201 -1 -1 -1 12.57 1.26 34.91 -1 1.000000
131 29 advertising -1 -1 -1 1120 115 1196 188 -1 -1 -1 16.94 1.26 22.37 -1 1.000000
131 31 car -1 -1 -1 400 174 463 207 -1 -1 -1 -8.77 1.64 36.46 -1 1.000000
131 32 person -1 -1 -1 353 176 378 251 -1 -1 -1 -5.16 1.70 15.44 -1 1.000000
132 20 traffic light -1 -1 -1 53 115 101 211 -1 -1 -1 -16.16 1.81 21.84 -1 1.000000
132 23 car -1 -1 -1 552 168 646 213 -1 -1 -1 -0.37 1.51 28.88 -1 1.000000
132 26 bicycle -1 -1 -1 1121 200 1240 284 -1 -1 -1 7.97 1.50 10.10 -1 1.000000
132 27 car -1 -1 -1 41 174 287 280 -1 -1 -1 -7.63 1.74 12.71 -1 1.000000
132 28 car -1 -1 -1 819 161 884 201 -1 -1 -1 12.02 1.26 34.85 -1 1.000000
132 29 advertising -1 -1 -1 1121 115 1194 191 -1 -1 -1 16.95 1.27 22.27 -1 1.000000
132 31 car -1 -1 -1 399 173 463 207 -1 -1 -1 -8.86 1.61 36.69 -1 1.000000
132 32 person -1 -1 -1 352 175 377 252 -1 -1 -1 -5.16 1.68 15.34 -1 1.000000
133 20 traffic light -1 -1 -1 48 127 101 192 -1 -1 -1 -16.01 1.79 21.36 -1 1.000000
133 23 car -1 -1 -1 534 170 632 214 -1 -1 -1 -0.96 1.54 28.09 -1 1.000000
133 26 bicycle -1 -1 -1 1130 212 1241 284 -1 -1 -1 7.98 1.50 9.96 -1 1.000000
133 27 car -1 -1 -1 1 175 246 291 -1 -1 -1 -7.65 1.73 11.87 -1 1.000000
133 28 car -1 -1 -1 804 161 883 201 -1 -1 -1 11.43 1.28 34.62 -1 1.000000
133 29 advertising -1 -1 -1 1121 114 1193 191 -1 -1 -1 16.92 1.29 22.12 -1 1.000000
133 31 car -1 -1 -1 407 176 463 207 -1 -1 -1 -8.99 1.64 37.44 -1 1.000000
133 32 person -1 -1 -1 349 175 375 251 -1 -1 -1 -5.15 1.68 15.19 -1 1.000000
134 20 traffic light -1 -1 -1 46 114 99 181 -1 -1 -1 -15.97 1.83 21.18 -1 1.000000
134 23 car -1 -1 -1 512 171 617 215 -1 -1 -1 -1.61 1.55 27.41 -1 1.000000
134 26 bicycle -1 -1 -1 1136 207 1241 292 -1 -1 -1 7.94 1.50 9.91 -1 1.000000
134 27 car -1 -1 -1 1 177 205 312 -1 -1 -1 -7.66 1.75 11.11 -1 1.000000
134 28 car -1 -1 -1 792 158 885 203 -1 -1 -1 11.02 1.28 34.48 -1 1.000000
134 29 advertising -1 -1 -1 1122 114 1193 189 -1 -1 -1 16.90 1.27 21.98 -1 1.000000
134 31 car -1 -1 -1 410 169 462 207 -1 -1 -1 -9.01 1.63 37.16 -1 1.000000
134 32 person -1 -1 -1 348 174 373 250 -1 -1 -1 -5.15 1.69 15.06 -1 1.000000
134 33 traffic light -1 -1 -1 256 123 288 190 -1 -1 -1 -16.14 1.76 33.98 -1 1.000000
135 20 traffic light -1 -1 -1 43 113 97 185 -1 -1 -1 -15.91 1.81 20.82 -1 1.000000
135 23 car -1 -1 -1 482 172 604 217 -1 -1 -1 -2.31 1.60 26.36 -1 1.000000
135 26 bicycle -1 -1 -1 1144 207 1241 293 -1 -1 -1 7.90 1.51 9.83 -1 1.000000
135 27 car -1 -1 -1 1 177 157 292 -1 -1 -1 -7.66 1.74 10.70 -1 1.000000
135 28 car -1 -1 -1 778 161 871 203 -1 -1 -1 10.26 1.33 34.28 -1 1.000000
135 29 advertising -1 -1 -1 1135 114 1200 184 -1 -1 -1 16.93 1.31 21.86 -1 1.000000
135 31 car -1 -1 -1 413 169 462 208 -1 -1 -1 -9.06 1.64 37.23 -1 1.000000
135 32 person -1 -1 -1 346 175 372 253 -1 -1 -1 -5.15 1.69 14.94 -1 1.000000
136 20 traffic light -1 -1 -1 42 112 92 174 -1 -1 -1 -15.60 1.91 20.23 -1 1.000000
136 23 car -1 -1 -1 467 174 587 219 -1 -1 -1 -2.86 1.65 25.73 -1 1.000000
136 26 bicycle -1 -1 -1 1151 206 1241 290 -1 -1 -1 7.96 1.50 9.73 -1 1.000000
136 27 car -1 -1 -1 1 185 103 303 -1 -1 -1 -7.63 1.79 10.26 -1 1.000000
136 28 car -1 -1 -1 765 159 863 204 -1 -1 -1 9.75 1.38 34.38 -1 1.000000
136 29 advertising -1 -1 -1 1134 115 1199 183 -1 -1 -1 16.87 1.29 21.67 -1 1.000000
136 32 person -1 -1 -1 344 179 370 253 -1 -1 -1 -5.14 1.73 14.83 -1 1.000000
137 20 traffic light -1 -1 -1 22 108 83 164 -1 -1 -1 -15.72 1.91 20.32 -1 1.000000
137 23 car -1 -1 -1 444 175 573 223 -1 -1 -1 -3.29 1.66 25.00 -1 1.000000
137 26 bicycle -1 -1 -1 1155 215 1241 290 -1 -1 -1 7.92 1.51 9.63 -1 1.000000
137 27 car -1 -1 -1 14 191 81 312 -1 -1 -1 -7.61 1.78 9.76 -1 1.000000
137 28 car -1 -1 -1 750 162 845 206 -1 -1 -1 9.01 1.40 34.04 -1 1.000000
137 29 advertising -1 -1 -1 1136 125 1200 193 -1 -1 -1 16.89 1.30 21.55 -1 1.000000
137 32 person -1 -1 -1 343 176 370 257 -1 -1 -1 -5.13 1.74 14.77 -1 1.000000
138 20 traffic light -1 -1 -1 21 107 81 168 -1 -1 -1 -15.57 1.91 20.14 -1 1.000000
138 23 car -1 -1 -1 426 174 558 224 -1 -1 -1 -3.90 1.70 24.34 -1 1.000000
138 26 bicycle -1 -1 -1 1162 204 1241 303 -1 -1 -1 7.89 1.51 9.54 -1 1.000000
138 27 car -1 -1 -1 0 193 55 319 -1 -1 -1 -7.59 1.78 9.25 -1 1.000000
138 28 car -1 -1 -1 734 163 830 207 -1 -1 -1 8.38 1.44 33.92 -1 1.000000
138 29 advertising -1 -1 -1 1145 116 1204 202 -1 -1 -1 16.98 1.31 21.48 -1 1.000000
138 32 person -1 -1 -1 340 177 368 258 -1 -1 -1 -5.14 1.74 14.67 -1 1.000000
139 23 car -1 -1 -1 406 176 544 226 -1 -1 -1 -4.49 1.69 23.65 -1 1.000000
139 26 bicycle -1 -1 -1 1167 205 1241 303 -1 -1 -1 7.86 1.52 9.45 -1 1.000000
139 28 car -1 -1 -1 720 162 814 208 -1 -1 -1 7.52 1.46 33.53 -1 1.000000
139 32 person -1 -1 -1 337 171 367 258 -1 -1 -1 -5.14 1.74 14.53 -1 1.000000
139 34 bus -1 -1 -1 1053 128 1242 199 -1 -1 -1 21.93 1.19 32.47 -1 1.000000
139 35 traffic light -1 -1 -1 24 111 91 200 -1 -1 -1 -15.91 1.91 20.64 -1 1.000000
139 36 traffic light -1 -1 -1 252 135 274 214 -1 -1 -1 -16.10 1.88 33.33 -1 1.000000
140 23 car -1 -1 -1 392 176 525 227 -1 -1 -1 -4.83 1.73 22.83 -1 1.000000
140 26 bicycle -1 -1 -1 1175 204 1241 303 -1 -1 -1 7.83 1.52 9.36 -1 1.000000
140 28 car -1 -1 -1 703 164 799 209 -1 -1 -1 6.67 1.51 33.01 -1 1.000000
140 32 person -1 -1 -1 337 179 363 256 -1 -1 -1 -5.14 1.75 14.40 -1 1.000000
140 34 bus -1 -1 -1 1047 131 1160 199 -1 -1 -1 21.84 1.21 32.99 -1 1.000000
140 35 traffic light -1 -1 -1 6 128 84 201 -1 -1 -1 -15.84 1.92 20.35 -1 1.000000
140 36 traffic light -1 -1 -1 249 130 273 214 -1 -1 -1 -16.13 1.91 33.28 -1 1.000000
141 23 car -1 -1 -1 382 174 508 234 -1 -1 -1 -5.10 1.73 22.14 -1 1.000000
141 26 bicycle -1 -1 -1 1174 218 1241 304 -1 -1 -1 7.83 1.53 9.41 -1 1.000000
141 28 car -1 -1 -1 688 160 786 209 -1 -1 -1 5.93 1.54 32.59 -1 1.000000
141 32 person -1 -1 -1 335 183 366 257 -1 -1 -1 -5.15 1.74 14.31 -1 1.000000
141 33 traffic light -1 -1 -1 243 123 271 192 -1 -1 -1 -16.00 1.92 32.83 -1 1.000000
141 34 bus -1 -1 -1 1033 128 1150 198 -1 -1 -1 21.43 1.27 33.28 -1 1.000000
141 35 traffic light -1 -1 -1 4 128 82 199 -1 -1 -1 -15.74 1.90 20.00 -1 1.000000
142 23 car -1 -1 -1 370 172 492 235 -1 -1 -1 -5.32 1.69 21.48 -1 1.000000
142 26 bicycle -1 -1 -1 1181 235 1241 304 -1 -1 -1 7.73 1.53 9.31 -1 1.000000
142 28 car -1 -1 -1 673 164 769 209 -1 -1 -1 4.92 1.46 32.10 -1 1.000000
142 32 person -1 -1 -1 331 182 363 258 -1 -1 -1 -5.17 1.72 14.24 -1 1.000000
142 33 traffic light -1 -1 -1 239 123 270 192 -1 -1 -1 -15.86 1.82 32.34 -1 1.000000
142 35 traffic light -1 -1 -1 25 127 81 183 -1 -1 -1 -16.61 1.87 21.47 -1 1.000000
142 37 traffic light -1 -1 -1 327 99 355 165 -1 -1 -1 -5.29 1.72 14.62 -1 1.000000
142 38 bus -1 -1 -1 998 128 1239 208 -1 -1 -1 20.09 1.19 32.29 -1 1.000000
143 23 car -1 -1 -1 354 172 471 241 -1 -1 -1 -5.52 1.75 20.78 -1 1.000000
143 26 bicycle -1 -1 -1 1186 237 1241 298 -1 -1 -1 7.71 1.53 9.22 -1 1.000000
143 28 car -1 -1 -1 657 165 755 211 -1 -1 -1 4.22 1.59 31.64 -1 1.000000
143 32 person -1 -1 -1 312 177 369 259 -1 -1 -1 -5.22 1.74 14.25 -1 1.000000
143 33 traffic light -1 -1 -1 242 122 267 196 -1 -1 -1 -15.83 1.95 32.24 -1 1.000000
143 35 traffic light -1 -1 -1 23 126 77 176 -1 -1 -1 -16.78 1.97 21.77 -1 1.000000
143 37 traffic light -1 -1 -1 327 96 353 167 -1 -1 -1 -5.29 1.75 14.50 -1 1.000000
143 38 bus -1 -1 -1 966 123 1234 209 -1 -1 -1 19.58 1.34 32.45 -1 1.000000
144 23 car -1 -1 -1 354 180 453 243 -1 -1 -1 -5.53 1.71 20.15 -1 1.000000
144 26 bicycle -1 -1 -1 1189 239 1241 298 -1 -1 -1 7.62 1.53 9.13 -1 1.000000
144 28 car -1 -1 -1 641 166 738 211 -1 -1 -1 3.41 1.52 31.13 -1 1.000000
144 32 person -1 -1 -1 279 174 361 259 -1 -1 -1 -5.42 1.71 14.59 -1 1.000000
144 33 traffic light -1 -1 -1 241 122 266 194 -1 -1 -1 -15.82 1.86 32.05 -1 1.000000
144 35 traffic light -1 -1 -1 20 123 75 167 -1 -1 -1 -16.90 1.92 22.05 -1 1.000000
144 37 traffic light -1 -1 -1 326 95 351 153 -1 -1 -1 -5.29 1.73 14.37 -1 1.000000
144 38 bus -1 -1 -1 945 117 1234 207 -1 -1 -1 18.70 1.25 32.38 -1 1.000000
145 23 car -1 -1 -1 354 181 432 238 -1 -1 -1 -5.61 1.75 19.48 -1 1.000000
145 26 bicycle -1 -1 -1 1197 240 1240 299 -1 -1 -1 7.60 1.52 9.06 -1 1.000000
145 28 car -1 -1 -1 623 166 730 212 -1 -1 -1 2.65 1.54 30.53 -1 1.000000
145 33 traffic light -1 -1 -1 240 122 265 196 -1 -1 -1 -15.94 1.88 32.15 -1 1.000000
145 37 traffic light -1 -1 -1 326 87 350 147 -1 -1 -1 -5.28 1.73 14.30 -1 1.000000
145 38 bus -1 -1 -1 933 115 1234 210 -1 -1 -1 18.71 1.22 32.29 -1 1.000000
145 39 traffic light -1 -1 -1 26 124 78 201 -1 -1 -1 -17.23 1.93 22.60 -1 1.000000
145 40 car -1 -1 -1 279 177 349 243 -1 -1 -1 -7.28 1.76 17.38 -1 1.000000
146 23 car -1 -1 -1 344 181 427 240 -1 -1 -1 -5.72 1.76 19.25 -1 1.000000
146 28 car -1 -1 -1 607 166 708 213 -1 -1 -1 1.89 1.59 30.00 -1 1.000000
146 33 traffic light -1 -1 -1 240 121 265 202 -1 -1 -1 -15.87 1.93 31.86 -1 1.000000
146 37 traffic light -1 -1 -1 326 86 349 147 -1 -1 -1 -5.28 1.75 14.25 -1 1.000000
146 38 bus -1 -1 -1 912 124 1230 209 -1 -1 -1 18.14 1.28 32.44 -1 1.000000
146 39 traffic light -1 -1 -1 18 124 72 176 -1 -1 -1 -17.16 1.96 22.51 -1 1.000000
146 40 car -1 -1 -1 248 184 335 247 -1 -1 -1 -7.40 1.78 16.66 -1 1.000000
146 41 person -1 -1 -1 321 178 354 262 -1 -1 -1 -5.16 1.74 13.82 -1 1.000000
147 28 car -1 -1 -1 590 166 691 215 -1 -1 -1 1.22 1.53 29.43 -1 1.000000
147 33 traffic light -1 -1 -1 239 121 264 202 -1 -1 -1 -15.89 1.84 31.78 -1 1.000000
147 37 traffic light -1 -1 -1 325 86 349 147 -1 -1 -1 -5.28 1.72 14.19 -1 1.000000
147 38 bus -1 -1 -1 882 98 1222 207 -1 -1 -1 18.32 1.21 32.33 -1 1.000000
147 39 traffic light -1 -1 -1 15 124 71 166 -1 -1 -1 -17.25 1.90 22.44 -1 1.000000
147 40 car -1 -1 -1 197 178 333 249 -1 -1 -1 -7.61 1.74 16.19 -1 1.000000
147 41 person -1 -1 -1 323 175 352 262 -1 -1 -1 -5.20 1.72 13.79 -1 1.000000
148 28 car -1 -1 -1 574 166 674 216 -1 -1 -1 0.47 1.58 28.66 -1 1.000000
148 33 traffic light -1 -1 -1 238 121 267 189 -1 -1 -1 -15.94 1.88 31.77 -1 1.000000
148 37 traffic light -1 -1 -1 321 96 347 174 -1 -1 -1 -5.32 1.74 14.14 -1 1.000000
148 38 bus -1 -1 -1 884 124 1191 206 -1 -1 -1 18.37 1.21 32.37 -1 1.000000
148 40 car -1 -1 -1 200 139 327 255 -1 -1 -1 -7.76 1.75 15.85 -1 1.000000
148 41 person -1 -1 -1 321 174 354 264 -1 -1 -1 -5.21 1.73 13.76 -1 1.000000
149 28 car -1 -1 -1 553 166 659 217 -1 -1 -1 -0.25 1.59 28.06 -1 1.000000
149 33 traffic light -1 -1 -1 235 120 266 187 -1 -1 -1 -16.02 1.88 31.91 -1 1.000000
149 38 bus -1 -1 -1 852 88 1212 211 -1 -1 -1 18.16 1.22 32.48 -1 1.000000
149 40 car -1 -1 -1 109 182 328 265 -1 -1 -1 -8.04 1.77 15.22 -1 1.000000
149 41 person -1 -1 -1 320 180 349 263 -1 -1 -1 -5.20 1.73 13.73 -1 1.000000
150 28 car -1 -1 -1 534 166 641 217 -1 -1 -1 -0.88 1.61 27.40 -1 1.000000
150 38 bus -1 -1 -1 838 123 1161 208 -1 -1 -1 18.44 1.22 32.30 -1 1.000000
150 40 car -1 -1 -1 61 178 321 271 -1 -1 -1 -8.26 1.78 14.56 -1 1.000000
150 41 person -1 -1 -1 317 183 351 264 -1 -1 -1 -5.20 1.73 13.70 -1 1.000000
151 28 car -1 -1 -1 522 163 628 219 -1 -1 -1 -1.46 1.64 26.81 -1 1.000000
151 38 bus -1 -1 -1 879 125 1133 206 -1 -1 -1 18.56 1.27 32.27 -1 1.000000
151 40 car -1 -1 -1 1 182 286 276 -1 -1 -1 -8.52 1.78 14.07 -1 1.000000
151 41 person -1 -1 -1 317 179 354 264 -1 -1 -1 -5.20 1.73 13.61 -1 1.000000
152 28 car -1 -1 -1 494 167 605 220 -1 -1 -1 -2.18 1.62 25.99 -1 1.000000
152 38 bus -1 -1 -1 890 117 1127 209 -1 -1 -1 18.67 1.21 32.16 -1 1.000000
152 40 car -1 -1 -1 1 180 257 284 -1 -1 -1 -8.70 1.77 13.52 -1 1.000000
152 41 person -1 -1 -1 314 176 346 266 -1 -1 -1 -5.20 1.72 13.49 -1 1.000000
152 42 traffic light -1 -1 -1 235 120 264 202 -1 -1 -1 -16.56 1.83 32.84 -1 1.000000
153 28 car -1 -1 -1 474 167 586 223 -1 -1 -1 -2.79 1.60 25.27 -1 1.000000
153 29 advertising -1 -1 -1 1163 108 1240 191 -1 -1 -1 16.83 1.28 20.35 -1 1.000000
153 40 car -1 -1 -1 1 192 219 296 -1 -1 -1 -8.84 1.78 12.76 -1 1.000000
153 41 person -1 -1 -1 312 173 344 266 -1 -1 -1 -5.20 1.72 13.41 -1 1.000000
153 42 traffic light -1 -1 -1 234 122 261 203 -1 -1 -1 -16.61 1.81 32.80 -1 1.000000
153 43 bus -1 -1 -1 693 123 1110 206 -1 -1 -1 14.66 1.24 33.26 -1 1.000000
153 44 traffic light -1 -1 -1 309 84 346 173 -1 -1 -1 -5.45 1.71 14.07 -1 1.000000
154 28 car -1 -1 -1 479 166 570 223 -1 -1 -1 -2.93 1.59 24.81 -1 1.000000
154 29 advertising -1 -1 -1 1165 107 1239 191 -1 -1 -1 16.83 1.29 20.30 -1 1.000000
154 40 car -1 -1 -1 1 190 182 299 -1 -1 -1 -8.93 1.76 12.43 -1 1.000000
154 41 person -1 -1 -1 311 174 343 266 -1 -1 -1 -5.20 1.71 13.33 -1 1.000000
154 42 traffic light -1 -1 -1 234 121 276 202 -1 -1 -1 -16.65 1.77 32.77 -1 1.000000
154 43 bus -1 -1 -1 765 126 1075 209 -1 -1 -1 14.27 1.25 33.04 -1 1.000000
154 44 traffic light -1 -1 -1 308 84 342 174 -1 -1 -1 -5.48 1.70 14.04 -1 1.000000
154 45 road sign -1 -1 -1 357 190 386 248 -1 -1 -1 -5.26 1.69 15.97 -1 1.000000
155 29 advertising -1 -1 -1 1166 106 1240 191 -1 -1 -1 16.83 1.27 20.30 -1 1.000000
155 40 car -1 -1 -1 1 169 135 295 -1 -1 -1 -8.88 1.77 12.00 -1 1.000000
155 41 person -1 -1 -1 308 176 343 266 -1 -1 -1 -5.19 1.71 13.27 -1 1.000000
155 42 traffic light -1 -1 -1 232 121 275 202 -1 -1 -1 -16.71 1.77 32.86 -1 1.000000
155 43 bus -1 -1 -1 751 124 1056 208 -1 -1 -1 13.55 1.25 32.88 -1 1.000000
155 44 traffic light -1 -1 -1 313 82 340 146 -1 -1 -1 -5.45 1.70 13.96 -1 1.000000
155 46 car -1 -1 -1 426 170 503 225 -1 -1 -1 -4.45 1.63 22.73 -1 1.000000
156 29 advertising -1 -1 -1 1166 107 1240 191 -1 -1 -1 16.91 1.28 20.34 -1 1.000000
156 40 car -1 -1 -1 1 195 87 303 -1 -1 -1 -8.97 1.79 11.63 -1 1.000000
156 41 person -1 -1 -1 308 176 339 267 -1 -1 -1 -5.19 1.72 13.24 -1 1.000000
156 42 traffic light -1 -1 -1 232 121 259 200 -1 -1 -1 -16.81 1.83 32.91 -1 1.000000
156 43 bus -1 -1 -1 719 127 1034 210 -1 -1 -1 12.59 1.30 32.72 -1 1.000000
156 44 traffic light -1 -1 -1 312 81 339 145 -1 -1 -1 -5.45 1.71 13.93 -1 1.000000
156 46 car -1 -1 -1 402 171 485 226 -1 -1 -1 -4.94 1.68 21.77 -1 1.000000
157 29 advertising -1 -1 -1 1167 109 1240 191 -1 -1 -1 16.89 1.26 20.31 -1 1.000000
157 40 car -1 -1 -1 0 206 39 283 -1 -1 -1 -9.19 1.79 10.92 -1 1.000000
157 41 person -1 -1 -1 308 175 338 267 -1 -1 -1 -5.21 1.74 13.23 -1 1.000000
157 42 traffic light -1 -1 -1 227 121 256 194 -1 -1 -1 -16.87 1.90 32.93 -1 1.000000
157 43 bus -1 -1 -1 715 117 1020 210 -1 -1 -1 12.02 1.32 32.75 -1 1.000000
157 44 traffic light -1 -1 -1 311 82 339 144 -1 -1 -1 -5.40 1.74 13.73 -1 1.000000
157 47 car -1 -1 -1 379 165 507 230 -1 -1 -1 -4.88 1.70 22.05 -1 1.000000
158 29 advertising -1 -1 -1 1167 109 1239 191 -1 -1 -1 16.95 1.27 20.35 -1 1.000000
158 41 person -1 -1 -1 306 174 337 267 -1 -1 -1 -5.22 1.75 13.25 -1 1.000000
158 43 bus -1 -1 -1 700 124 1000 210 -1 -1 -1 11.70 1.34 32.72 -1 1.000000
158 44 traffic light -1 -1 -1 311 83 337 145 -1 -1 -1 -5.37 1.75 13.62 -1 1.000000
158 47 car -1 -1 -1 349 166 485 243 -1 -1 -1 -5.37 1.74 21.22 -1 1.000000
159 29 advertising -1 -1 -1 1168 108 1239 191 -1 -1 -1 16.87 1.27 20.28 -1 1.000000
159 41 person -1 -1 -1 305 174 336 267 -1 -1 -1 -5.24 1.72 13.23 -1 1.000000
159 43 bus -1 -1 -1 691 123 993 208 -1 -1 -1 11.27 1.31 32.65 -1 1.000000
159 44 traffic light -1 -1 -1 308 82 336 145 -1 -1 -1 -5.36 1.72 13.54 -1 1.000000
159 47 car -1 -1 -1 335 165 463 248 -1 -1 -1 -5.69 1.70 20.35 -1 1.000000
160 29 advertising -1 -1 -1 1180 112 1240 191 -1 -1 -1 16.82 1.28 20.24 -1 1.000000
160 41 person -1 -1 -1 291 174 343 266 -1 -1 -1 -5.23 1.76 13.20 -1 1.000000
160 43 bus -1 -1 -1 671 133 987 208 -1 -1 -1 11.30 1.39 32.57 -1 1.000000
160 44 traffic light -1 -1 -1 308 82 335 145 -1 -1 -1 -5.35 1.76 13.50 -1 1.000000
160 47 car -1 -1 -1 330 166 441 244 -1 -1 -1 -5.92 1.77 19.54 -1 1.000000
161 29 advertising -1 -1 -1 1180 112 1240 191 -1 -1 -1 16.78 1.29 20.20 -1 1.000000
161 41 person -1 -1 -1 293 177 337 267 -1 -1 -1 -5.24 1.77 13.17 -1 1.000000
161 43 bus -1 -1 -1 660 132 951 207 -1 -1 -1 10.97 1.42 32.62 -1 1.000000
161 44 traffic light -1 -1 -1 308 82 334 146 -1 -1 -1 -5.34 1.77 13.43 -1 1.000000
161 47 car -1 -1 -1 331 169 417 234 -1 -1 -1 -6.02 1.79 18.82 -1 1.000000
162 29 advertising -1 -1 -1 1179 111 1240 191 -1 -1 -1 16.82 1.28 20.15 -1 1.000000
162 43 bus -1 -1 -1 721 132 939 207 -1 -1 -1 10.43 1.42 32.69 -1 1.000000
162 44 traffic light -1 -1 -1 307 80 334 145 -1 -1 -1 -5.33 1.76 13.36 -1 1.000000
162 45 road sign -1 -1 -1 349 191 383 250 -1 -1 -1 -5.28 1.76 15.58 -1 1.000000
162 48 person -1 -1 -1 304 176 351 243 -1 -1 -1 -5.21 1.76 13.10 -1 1.000000
163 29 advertising -1 -1 -1 1179 110 1240 191 -1 -1 -1 16.81 1.27 20.13 -1 1.000000
163 43 bus -1 -1 -1 658 132 867 208 -1 -1 -1 7.48 1.46 32.90 -1 1.000000
163 44 traffic light -1 -1 -1 308 80 333 145 -1 -1 -1 -5.34 1.75 13.36 -1 1.000000
163 45 road sign -1 -1 -1 349 191 380 251 -1 -1 -1 -5.29 1.75 15.54 -1 1.000000
163 48 person -1 -1 -1 304 175 338 268 -1 -1 -1 -5.23 1.75 13.10 -1 1.000000
164 29 advertising -1 -1 -1 1179 110 1240 191 -1 -1 -1 16.83 1.28 20.18 -1 1.000000
164 44 traffic light -1 -1 -1 307 80 333 145 -1 -1 -1 -5.34 1.73 13.33 -1 1.000000
164 45 road sign -1 -1 -1 349 191 379 251 -1 -1 -1 -5.26 1.71 15.48 -1 1.000000
164 48 person -1 -1 -1 304 176 336 268 -1 -1 -1 -5.24 1.73 13.06 -1 1.000000
165 29 advertising -1 -1 -1 1178 109 1240 191 -1 -1 -1 16.86 1.32 20.21 -1 1.000000
165 44 traffic light -1 -1 -1 306 79 332 145 -1 -1 -1 -5.33 1.75 13.32 -1 1.000000
165 48 person -1 -1 -1 303 177 335 268 -1 -1 -1 -5.22 1.75 13.01 -1 1.000000
165 49 car -1 -1 -1 89 169 303 274 -1 -1 -1 -7.70 1.79 14.07 -1 1.000000
166 29 advertising -1 -1 -1 1178 108 1240 191 -1 -1 -1 16.80 1.25 20.14 -1 1.000000
166 44 traffic light -1 -1 -1 306 79 332 145 -1 -1 -1 -5.33 1.74 13.30 -1 1.000000
166 48 person -1 -1 -1 301 175 334 268 -1 -1 -1 -5.23 1.73 12.98 -1 1.000000
166 49 car -1 -1 -1 35 163 285 281 -1 -1 -1 -7.92 1.78 13.22 -1 1.000000
167 29 advertising -1 -1 -1 1179 108 1240 191 -1 -1 -1 16.80 1.25 20.14 -1 1.000000
167 44 traffic light -1 -1 -1 306 78 332 145 -1 -1 -1 -5.32 1.72 13.29 -1 1.000000
167 48 person -1 -1 -1 302 176 334 268 -1 -1 -1 -5.23 1.72 12.98 -1 1.000000
167 49 car -1 -1 -1 1 169 243 290 -1 -1 -1 -8.06 1.77 12.40 -1 1.000000
168 29 advertising -1 -1 -1 1179 108 1240 191 -1 -1 -1 16.84 1.29 20.16 -1 1.000000
168 44 traffic light -1 -1 -1 306 78 332 145 -1 -1 -1 -5.33 1.75 13.29 -1 1.000000
168 48 person -1 -1 -1 302 176 334 268 -1 -1 -1 -5.22 1.75 12.96 -1 1.000000
168 49 car -1 -1 -1 1 156 198 311 -1 -1 -1 -8.13 1.80 11.66 -1 1.000000
169 29 advertising -1 -1 -1 1179 108 1240 191 -1 -1 -1 16.82 1.29 20.13 -1 1.000000
169 44 traffic light -1 -1 -1 306 78 332 145 -1 -1 -1 -5.34 1.73 13.28 -1 1.000000
169 45 road sign -1 -1 -1 349 191 378 251 -1 -1 -1 -5.23 1.72 15.36 -1 1.000000
169 48 person -1 -1 -1 301 176 334 268 -1 -1 -1 -5.22 1.73 12.96 -1 1.000000
170 29 advertising -1 -1 -1 1179 110 1240 191 -1 -1 -1 16.79 1.29 20.10 -1 1.000000
170 44 traffic light -1 -1 -1 306 78 332 145 -1 -1 -1 -5.35 1.76 13.33 -1 1.000000
170 45 road sign -1 -1 -1 349 191 378 252 -1 -1 -1 -5.22 1.76 15.34 -1 1.000000
170 48 person -1 -1 -1 302 176 334 268 -1 -1 -1 -5.21 1.76 12.95 -1 1.000000
170 50 bus -1 -1 -1 533 133 828 216 -1 -1 -1 2.88 1.59 31.04 -1 1.000000
171 29 advertising -1 -1 -1 1179 110 1240 191 -1 -1 -1 16.72 1.25 20.05 -1 1.000000
171 44 traffic light -1 -1 -1 305 79 332 145 -1 -1 -1 -5.36 1.77 13.35 -1 1.000000
171 45 road sign -1 -1 -1 349 191 378 252 -1 -1 -1 -5.23 1.76 15.37 -1 1.000000
171 48 person -1 -1 -1 301 176 334 268 -1 -1 -1 -5.22 1.77 12.95 -1 1.000000
171 50 bus -1 -1 -1 521 134 814 217 -1 -1 -1 2.50 1.56 31.15 -1 1.000000
171 51 traffic light -1 -1 -1 882 132 902 204 -1 -1 -1 11.72 1.36 29.55 -1 1.000000
172 29 advertising -1 -1 -1 1179 108 1240 191 -1 -1 -1 16.72 1.28 20.05 -1 1.000000
172 44 traffic light -1 -1 -1 306 78 332 145 -1 -1 -1 -5.35 1.77 13.34 -1 1.000000
172 45 road sign -1 -1 -1 349 191 378 252 -1 -1 -1 -5.23 1.77 15.37 -1 1.000000
172 48 person -1 -1 -1 301 176 337 268 -1 -1 -1 -5.22 1.77 12.98 -1 1.000000
172 50 bus -1 -1 -1 510 133 797 220 -1 -1 -1 2.01 1.61 31.23 -1 1.000000
172 51 traffic light -1 -1 -1 881 130 902 204 -1 -1 -1 11.77 1.39 29.63 -1 1.000000
172 52 traffic light -1 -1 -1 226 120 256 202 -1 -1 -1 -16.74 2.03 32.30 -1 1.000000
173 29 advertising -1 -1 -1 1179 109 1240 191 -1 -1 -1 16.69 1.27 20.01 -1 1.000000
173 44 traffic light -1 -1 -1 305 79 332 145 -1 -1 -1 -5.35 1.77 13.32 -1 1.000000
173 45 road sign -1 -1 -1 349 191 378 252 -1 -1 -1 -5.24 1.76 15.39 -1 1.000000
173 48 person -1 -1 -1 301 176 334 269 -1 -1 -1 -5.22 1.77 12.99 -1 1.000000
173 50 bus -1 -1 -1 498 133 787 220 -1 -1 -1 1.23 1.61 31.02 -1 1.000000
173 51 traffic light -1 -1 -1 881 131 902 204 -1 -1 -1 11.74 1.37 29.61 -1 1.000000
173 52 traffic light -1 -1 -1 226 120 256 202 -1 -1 -1 -16.77 2.01 32.30 -1 1.000000
174 29 advertising -1 -1 -1 1179 110 1240 191 -1 -1 -1 16.71 1.29 20.01 -1 1.000000
174 44 traffic light -1 -1 -1 305 80 332 145 -1 -1 -1 -5.35 1.77 13.32 -1 1.000000
174 45 road sign -1 -1 -1 349 191 378 252 -1 -1 -1 -5.25 1.77 15.40 -1 1.000000
174 48 person -1 -1 -1 301 176 334 268 -1 -1 -1 -5.22 1.77 12.98 -1 1.000000
174 50 bus -1 -1 -1 487 130 784 218 -1 -1 -1 0.70 1.64 30.93 -1 1.000000
174 51 traffic light -1 -1 -1 882 131 902 204 -1 -1 -1 11.76 1.41 29.62 -1 1.000000
174 52 traffic light -1 -1 -1 226 120 256 202 -1 -1 -1 -16.78 2.03 32.30 -1 1.000000
175 29 advertising -1 -1 -1 1179 109 1240 191 -1 -1 -1 16.70 1.28 20.03 -1 1.000000
175 44 traffic light -1 -1 -1 306 79 332 145 -1 -1 -1 -5.35 1.77 13.32 -1 1.000000
175 45 road sign -1 -1 -1 349 191 378 252 -1 -1 -1 -5.25 1.77 15.41 -1 1.000000
175 48 person -1 -1 -1 301 176 334 268 -1 -1 -1 -5.22 1.77 12.98 -1 1.000000
175 50 bus -1 -1 -1 473 131 777 217 -1 -1 -1 0.31 1.64 30.77 -1 1.000000
175 51 traffic light -1 -1 -1 881 131 902 205 -1 -1 -1 11.75 1.39 29.61 -1 1.000000
175 52 traffic light -1 -1 -1 226 120 256 202 -1 -1 -1 -16.80 2.02 32.29 -1 1.000000
176 29 advertising -1 -1 -1 1179 108 1240 191 -1 -1 -1 16.72 1.29 20.06 -1 1.000000
176 44 traffic light -1 -1 -1 305 79 332 145 -1 -1 -1 -5.35 1.76 13.32 -1 1.000000
176 45 road sign -1 -1 -1 349 191 378 252 -1 -1 -1 -5.25 1.76 15.43 -1 1.000000
176 48 person -1 -1 -1 302 177 334 268 -1 -1 -1 -5.22 1.76 13.00 -1 1.000000
176 50 bus -1 -1 -1 461 126 758 217 -1 -1 -1 -0.19 1.64 30.54 -1 1.000000
176 51 traffic light -1 -1 -1 881 131 902 204 -1 -1 -1 11.75 1.38 29.60 -1 1.000000
176 52 traffic light -1 -1 -1 226 120 256 202 -1 -1 -1 -16.80 2.00 32.32 -1 1.000000
176 53 traffic light -1 -1 -1 830 136 847 197 -1 -1 -1 13.80 1.33 43.61 -1 1.000000
177 29 advertising -1 -1 -1 1179 109 1240 191 -1 -1 -1 16.72 1.25 20.05 -1 1.000000
177 44 traffic light -1 -1 -1 305 80 332 145 -1 -1 -1 -5.34 1.75 13.31 -1 1.000000
177 45 road sign -1 -1 -1 349 191 378 252 -1 -1 -1 -5.27 1.74 15.46 -1 1.000000
177 48 person -1 -1 -1 302 177 334 268 -1 -1 -1 -5.23 1.75 13.01 -1 1.000000
177 50 bus -1 -1 -1 461 137 709 218 -1 -1 -1 -0.63 1.63 30.35 -1 1.000000
177 51 traffic light -1 -1 -1 881 132 902 205 -1 -1 -1 11.73 1.32 29.57 -1 1.000000
177 52 traffic light -1 -1 -1 226 120 256 202 -1 -1 -1 -16.76 1.92 32.29 -1 1.000000
177 53 traffic light -1 -1 -1 830 135 847 197 -1 -1 -1 13.71 1.23 43.34 -1 1.000000
178 29 advertising -1 -1 -1 1179 109 1240 191 -1 -1 -1 16.75 1.31 20.09 -1 1.000000
178 44 traffic light -1 -1 -1 306 80 332 145 -1 -1 -1 -5.35 1.75 13.32 -1 1.000000
178 45 road sign -1 -1 -1 349 191 378 252 -1 -1 -1 -5.27 1.75 15.48 -1 1.000000
178 48 person -1 -1 -1 302 177 334 268 -1 -1 -1 -5.23 1.75 13.01 -1 1.000000
178 50 bus -1 -1 -1 448 137 700 218 -1 -1 -1 -1.07 1.62 30.15 -1 1.000000
178 51 traffic light -1 -1 -1 882 132 902 204 -1 -1 -1 11.76 1.40 29.64 -1 1.000000
178 52 traffic light -1 -1 -1 226 120 256 202 -1 -1 -1 -16.77 1.97 32.33 -1 1.000000
178 53 traffic light -1 -1 -1 830 136 846 197 -1 -1 -1 13.73 1.35 43.46 -1 1.000000
179 29 advertising -1 -1 -1 1179 108 1240 191 -1 -1 -1 16.71 1.25 20.03 -1 1.000000
179 44 traffic light -1 -1 -1 305 79 332 145 -1 -1 -1 -5.34 1.75 13.32 -1 1.000000
179 45 road sign -1 -1 -1 349 191 378 252 -1 -1 -1 -5.27 1.74 15.49 -1 1.000000
179 48 person -1 -1 -1 302 177 334 268 -1 -1 -1 -5.22 1.75 13.00 -1 1.000000
179 51 traffic light -1 -1 -1 882 131 902 205 -1 -1 -1 11.72 1.31 29.57 -1 1.000000
179 52 traffic light -1 -1 -1 226 120 256 202 -1 -1 -1 -16.78 1.92 32.33 -1 1.000000
179 53 traffic light -1 -1 -1 830 136 846 197 -1 -1 -1 13.67 1.22 43.19 -1 1.000000
180 29 advertising -1 -1 -1 1179 109 1240 191 -1 -1 -1 16.73 1.27 20.04 -1 1.000000
180 44 traffic light -1 -1 -1 305 80 332 145 -1 -1 -1 -5.34 1.77 13.32 -1 1.000000
180 45 road sign -1 -1 -1 349 191 378 252 -1 -1 -1 -5.27 1.76 15.47 -1 1.000000
180 48 person -1 -1 -1 302 177 334 268 -1 -1 -1 -5.22 1.76 13.00 -1 1.000000
180 51 traffic light -1 -1 -1 881 131 902 204 -1 -1 -1 11.75 1.37 29.62 -1 1.000000
180 52 traffic light -1 -1 -1 226 120 256 202 -1 -1 -1 -16.80 2.00 32.37 -1 1.000000
180 53 traffic light -1 -1 -1 830 135 847 197 -1 -1 -1 13.73 1.31 43.39 -1 1.000000
180 54 bus -1 -1 -1 406 127 706 228 -1 -1 -1 -3.39 1.71 29.50 -1 1.000000
181 29 advertising -1 -1 -1 1179 109 1240 191 -1 -1 -1 16.75 1.29 20.04 -1 1.000000
181 44 traffic light -1 -1 -1 305 80 332 145 -1 -1 -1 -5.35 1.77 13.33 -1 1.000000
181 45 road sign -1 -1 -1 349 191 378 252 -1 -1 -1 -5.28 1.76 15.50 -1 1.000000
181 48 person -1 -1 -1 302 177 334 268 -1 -1 -1 -5.22 1.76 13.02 -1 1.000000
181 51 traffic light -1 -1 -1 882 132 902 205 -1 -1 -1 11.75 1.39 29.60 -1 1.000000
181 52 traffic light -1 -1 -1 226 120 256 202 -1 -1 -1 -16.83 2.00 32.43 -1 1.000000
181 53 traffic light -1 -1 -1 830 135 846 197 -1 -1 -1 13.72 1.34 43.40 -1 1.000000
181 54 bus -1 -1 -1 395 126 693 229 -1 -1 -1 -3.70 1.72 29.40 -1 1.000000
182 29 advertising -1 -1 -1 1179 108 1240 191 -1 -1 -1 16.75 1.30 20.04 -1 1.000000
182 44 traffic light -1 -1 -1 305 79 332 145 -1 -1 -1 -5.35 1.76 13.32 -1 1.000000
182 45 road sign -1 -1 -1 349 191 379 252 -1 -1 -1 -5.28 1.76 15.49 -1 1.000000
182 48 person -1 -1 -1 302 177 334 268 -1 -1 -1 -5.22 1.76 13.01 -1 1.000000
182 51 traffic light -1 -1 -1 881 132 902 204 -1 -1 -1 11.75 1.40 29.60 -1 1.000000
182 52 traffic light -1 -1 -1 226 120 256 202 -1 -1 -1 -16.83 1.99 32.43 -1 1.000000
182 53 traffic light -1 -1 -1 830 135 846 197 -1 -1 -1 13.75 1.36 43.54 -1 1.000000
182 54 bus -1 -1 -1 387 128 681 224 -1 -1 -1 -3.79 1.72 28.99 -1 1.000000
183 29 advertising -1 -1 -1 1179 109 1240 191 -1 -1 -1 16.73 1.25 20.03 -1 1.000000
183 44 traffic light -1 -1 -1 306 80 332 145 -1 -1 -1 -5.35 1.76 13.32 -1 1.000000
183 45 road sign -1 -1 -1 349 192 379 252 -1 -1 -1 -5.29 1.76 15.47 -1 1.000000
183 48 person -1 -1 -1 301 176 334 269 -1 -1 -1 -5.23 1.76 13.02 -1 1.000000
183 51 traffic light -1 -1 -1 881 132 902 204 -1 -1 -1 11.72 1.34 29.54 -1 1.000000
183 52 traffic light -1 -1 -1 226 120 256 202 -1 -1 -1 -16.83 1.97 32.43 -1 1.000000
183 53 traffic light -1 -1 -1 830 136 846 197 -1 -1 -1 13.70 1.26 43.39 -1 1.000000
183 54 bus -1 -1 -1 366 129 669 228 -1 -1 -1 -4.57 1.71 28.65 -1 1.000000
184 29 advertising -1 -1 -1 1179 109 1240 191 -1 -1 -1 16.74 1.27 20.03 -1 1.000000
184 44 traffic light -1 -1 -1 305 80 332 145 -1 -1 -1 -5.35 1.77 13.32 -1 1.000000
184 45 road sign -1 -1 -1 345 192 378 251 -1 -1 -1 -5.28 1.76 15.50 -1 1.000000
184 48 person -1 -1 -1 301 176 334 269 -1 -1 -1 -5.23 1.76 13.04 -1 1.000000
184 51 traffic light -1 -1 -1 881 131 902 204 -1 -1 -1 11.74 1.37 29.58 -1 1.000000
184 53 traffic light -1 -1 -1 830 136 846 197 -1 -1 -1 13.74 1.31 43.43 -1 1.000000
184 54 bus -1 -1 -1 354 129 660 234 -1 -1 -1 -4.91 1.75 27.81 -1 1.000000
185 29 advertising -1 -1 -1 1179 108 1240 191 -1 -1 -1 16.73 1.27 20.02 -1 1.000000
185 44 traffic light -1 -1 -1 305 80 332 146 -1 -1 -1 -5.35 1.77 13.33 -1 1.000000
185 45 road sign -1 -1 -1 346 190 379 249 -1 -1 -1 -5.26 1.77 15.47 -1 1.000000
185 48 person -1 -1 -1 301 178 339 269 -1 -1 -1 -5.23 1.77 13.07 -1 1.000000
185 51 traffic light -1 -1 -1 881 131 902 204 -1 -1 -1 11.75 1.37 29.60 -1 1.000000
185 53 traffic light -1 -1 -1 830 135 846 197 -1 -1 -1 13.75 1.32 43.47 -1 1.000000
185 54 bus -1 -1 -1 349 127 648 234 -1 -1 -1 -5.09 1.75 27.52 -1 1.000000
186 29 advertising -1 -1 -1 1179 108 1240 191 -1 -1 -1 16.73 1.28 20.05 -1 1.000000
186 44 traffic light -1 -1 -1 305 79 332 145 -1 -1 -1 -5.36 1.75 13.33 -1 1.000000
186 45 road sign -1 -1 -1 348 191 378 252 -1 -1 -1 -5.27 1.74 15.47 -1 1.000000
186 48 person -1 -1 -1 301 178 335 269 -1 -1 -1 -5.25 1.75 13.11 -1 1.000000
186 51 traffic light -1 -1 -1 881 131 902 204 -1 -1 -1 11.74 1.35 29.59 -1 1.000000
186 53 traffic light -1 -1 -1 830 135 846 197 -1 -1 -1 13.74 1.28 43.47 -1 1.000000
186 54 bus -1 -1 -1 351 128 639 232 -1 -1 -1 -5.37 1.71 27.28 -1 1.000000
187 29 advertising -1 -1 -1 1179 108 1240 191 -1 -1 -1 16.77 1.32 20.06 -1 1.000000
187 44 traffic light -1 -1 -1 306 79 332 145 -1 -1 -1 -5.36 1.77 13.33 -1 1.000000
187 45 road sign -1 -1 -1 348 192 379 252 -1 -1 -1 -5.26 1.77 15.44 -1 1.000000
187 48 person -1 -1 -1 298 177 335 268 -1 -1 -1 -5.24 1.77 13.08 -1 1.000000
187 51 traffic light -1 -1 -1 882 131 902 204 -1 -1 -1 11.75 1.44 29.65 -1 1.000000
187 53 traffic light -1 -1 -1 831 135 846 197 -1 -1 -1 13.85 1.41 43.70 -1 1.000000
187 54 bus -1 -1 -1 321 130 627 234 -1 -1 -1 -5.28 1.78 26.95 -1 1.000000
188 29 advertising -1 -1 -1 1179 109 1240 191 -1 -1 -1 16.76 1.25 20.02 -1 1.000000
188 44 traffic light -1 -1 -1 305 80 332 145 -1 -1 -1 -5.35 1.76 13.34 -1 1.000000
188 45 road sign -1 -1 -1 348 192 378 251 -1 -1 -1 -5.28 1.75 15.43 -1 1.000000
188 48 person -1 -1 -1 301 176 336 269 -1 -1 -1 -5.24 1.75 13.11 -1 1.000000
188 51 traffic light -1 -1 -1 881 131 902 204 -1 -1 -1 11.71 1.33 29.53 -1 1.000000
188 53 traffic light -1 -1 -1 830 136 846 197 -1 -1 -1 13.73 1.25 43.45 -1 1.000000
188 54 bus -1 -1 -1 317 128 624 237 -1 -1 -1 -5.45 1.70 26.77 -1 1.000000
189 29 advertising -1 -1 -1 1179 108 1240 191 -1 -1 -1 16.72 1.23 20.03 -1 1.000000
189 44 traffic light -1 -1 -1 305 79 335 145 -1 -1 -1 -5.35 1.76 13.34 -1 1.000000
189 45 road sign -1 -1 -1 348 192 378 252 -1 -1 -1 -5.26 1.76 15.41 -1 1.000000
189 48 person -1 -1 -1 302 176 335 269 -1 -1 -1 -5.24 1.76 13.13 -1 1.000000
189 51 traffic light -1 -1 -1 881 131 902 204 -1 -1 -1 11.71 1.32 29.54 -1 1.000000
189 53 traffic light -1 -1 -1 830 136 847 197 -1 -1 -1 13.72 1.23 43.37 -1 1.000000
189 54 bus -1 -1 -1 318 126 605 236 -1 -1 -1 -5.51 1.73 26.30 -1 1.000000
190 29 advertising -1 -1 -1 1179 107 1240 191 -1 -1 -1 16.77 1.28 20.10 -1 1.000000
190 44 traffic light -1 -1 -1 305 80 339 146 -1 -1 -1 -5.35 1.77 13.36 -1 1.000000
190 45 road sign -1 -1 -1 347 192 379 253 -1 -1 -1 -5.25 1.77 15.41 -1 1.000000
190 48 person -1 -1 -1 301 175 340 270 -1 -1 -1 -5.25 1.77 13.12 -1 1.000000
190 51 traffic light -1 -1 -1 881 132 902 204 -1 -1 -1 11.76 1.39 29.63 -1 1.000000
190 53 traffic light -1 -1 -1 830 136 846 197 -1 -1 -1 13.81 1.34 43.64 -1 1.000000
190 54 bus -1 -1 -1 316 123 593 235 -1 -1 -1 -5.46 1.77 25.92 -1 1.000000
191 29 advertising -1 -1 -1 1180 108 1240 191 -1 -1 -1 16.76 1.26 20.08 -1 1.000000
191 44 traffic light -1 -1 -1 306 79 333 146 -1 -1 -1 -5.34 1.76 13.33 -1 1.000000
191 45 road sign -1 -1 -1 348 192 379 252 -1 -1 -1 -5.27 1.75 15.45 -1 1.000000
191 48 person -1 -1 -1 302 171 340 270 -1 -1 -1 -5.26 1.76 13.10 -1 1.000000
191 51 traffic light -1 -1 -1 882 132 902 205 -1 -1 -1 11.74 1.34 29.59 -1 1.000000
191 53 traffic light -1 -1 -1 830 136 846 197 -1 -1 -1 13.78 1.25 43.58 -1 1.000000
191 55 bus -1 -1 -1 315 123 594 233 -1 -1 -1 -5.31 1.71 25.69 -1 1.000000
192 29 advertising -1 -1 -1 1157 104 1241 202 -1 -1 -1 16.77 1.29 20.09 -1 1.000000
192 44 traffic light -1 -1 -1 306 79 334 146 -1 -1 -1 -5.33 1.76 13.35 -1 1.000000
192 45 road sign -1 -1 -1 349 192 379 252 -1 -1 -1 -5.27 1.75 15.44 -1 1.000000
192 48 person -1 -1 -1 301 175 349 271 -1 -1 -1 -5.25 1.76 13.06 -1 1.000000
192 51 traffic light -1 -1 -1 881 132 902 204 -1 -1 -1 11.77 1.39 29.65 -1 1.000000
192 53 traffic light -1 -1 -1 830 136 846 197 -1 -1 -1 13.82 1.33 43.68 -1 1.000000
192 55 bus -1 -1 -1 182 115 583 241 -1 -1 -1 -6.92 1.79 20.94 -1 1.000000
193 29 advertising -1 -1 -1 1179 109 1240 191 -1 -1 -1 16.80 1.27 20.07 -1 1.000000
193 44 traffic light -1 -1 -1 306 80 333 146 -1 -1 -1 -5.34 1.76 13.34 -1 1.000000
193 45 road sign -1 -1 -1 348 192 379 252 -1 -1 -1 -5.27 1.75 15.44 -1 1.000000
193 48 person -1 -1 -1 298 174 334 271 -1 -1 -1 -5.24 1.76 13.01 -1 1.000000
193 51 traffic light -1 -1 -1 881 131 902 204 -1 -1 -1 11.77 1.36 29.64 -1 1.000000
193 53 traffic light -1 -1 -1 830 136 846 197 -1 -1 -1 13.80 1.30 43.57 -1 1.000000
193 55 bus -1 -1 -1 195 117 572 241 -1 -1 -1 -7.13 1.78 20.43 -1 1.000000
194 29 advertising -1 -1 -1 1180 109 1240 191 -1 -1 -1 16.81 1.28 20.07 -1 1.000000
194 44 traffic light -1 -1 -1 306 79 335 147 -1 -1 -1 -5.33 1.75 13.33 -1 1.000000
194 45 road sign -1 -1 -1 348 192 379 252 -1 -1 -1 -5.28 1.74 15.43 -1 1.000000
194 48 person -1 -1 -1 303 175 334 271 -1 -1 -1 -5.23 1.75 12.99 -1 1.000000
194 51 traffic light -1 -1 -1 881 132 902 205 -1 -1 -1 11.75 1.36 29.62 -1 1.000000
194 53 traffic light -1 -1 -1 830 135 846 197 -1 -1 -1 13.77 1.28 43.52 -1 1.000000
194 55 bus -1 -1 -1 132 115 533 250 -1 -1 -1 -8.62 1.80 18.54 -1 1.000000
195 29 advertising -1 -1 -1 1179 108 1240 191 -1 -1 -1 16.79 1.27 20.08 -1 1.000000
195 44 traffic light -1 -1 -1 306 80 332 146 -1 -1 -1 -5.34 1.74 13.33 -1 1.000000
195 45 road sign -1 -1 -1 348 192 378 252 -1 -1 -1 -5.28 1.73 15.43 -1 1.000000
195 48 person -1 -1 -1 302 174 334 272 -1 -1 -1 -5.24 1.74 12.96 -1 1.000000
195 51 traffic light -1 -1 -1 881 132 902 204 -1 -1 -1 11.74 1.33 29.62 -1 1.000000
195 53 traffic light -1 -1 -1 830 136 846 197 -1 -1 -1 13.72 1.24 43.38 -1 1.000000
195 55 bus -1 -1 -1 116 118 529 252 -1 -1 -1 -8.77 1.78 18.16 -1 1.000000
196 29 advertising -1 -1 -1 1179 108 1240 191 -1 -1 -1 16.79 1.26 20.07 -1 1.000000
196 44 traffic light -1 -1 -1 303 80 333 146 -1 -1 -1 -5.34 1.74 13.33 -1 1.000000
196 45 road sign -1 -1 -1 348 192 379 252 -1 -1 -1 -5.27 1.73 15.43 -1 1.000000
196 48 person -1 -1 -1 301 176 334 272 -1 -1 -1 -5.23 1.74 12.90 -1 1.000000
196 51 traffic light -1 -1 -1 881 131 902 204 -1 -1 -1 11.73 1.32 29.60 -1 1.000000
196 53 traffic light -1 -1 -1 830 135 846 197 -1 -1 -1 13.70 1.22 43.29 -1 1.000000
196 55 bus -1 -1 -1 86 117 499 256 -1 -1 -1 -9.07 1.80 17.34 -1 1.000000
196 56 car -1 -1 -1 1056 167 1178 200 -1 -1 -1 25.39 1.01 36.13 -1 1.000000
197 29 advertising -1 -1 -1 1179 108 1240 191 -1 -1 -1 16.77 1.25 20.06 -1 1.000000
197 44 traffic light -1 -1 -1 305 79 334 147 -1 -1 -1 -5.34 1.74 13.33 -1 1.000000
197 45 road sign -1 -1 -1 348 192 379 252 -1 -1 -1 -5.28 1.73 15.43 -1 1.000000
197 48 person -1 -1 -1 300 176 334 272 -1 -1 -1 -5.24 1.74 12.89 -1 1.000000
197 51 traffic light -1 -1 -1 881 131 902 204 -1 -1 -1 11.72 1.30 29.59 -1 1.000000
197 53 traffic light -1 -1 -1 830 135 846 197 -1 -1 -1 13.70 1.19 43.25 -1 1.000000
197 55 bus -1 -1 -1 104 64 582 248 -1 -1 -1 -9.16 1.81 16.62 -1 1.000000
197 56 car -1 -1 -1 1069 169 1177 199 -1 -1 -1 25.35 0.98 36.15 -1 1.000000
198 29 advertising -1 -1 -1 1179 108 1240 191 -1 -1 -1 16.80 1.34 20.11 -1 1.000000
198 44 traffic light -1 -1 -1 305 80 333 146 -1 -1 -1 -5.34 1.76 13.33 -1 1.000000
198 45 road sign -1 -1 -1 348 192 379 252 -1 -1 -1 -5.27 1.76 15.43 -1 1.000000
198 48 person -1 -1 -1 299 177 333 272 -1 -1 -1 -5.25 1.76 12.88 -1 1.000000
198 51 traffic light -1 -1 -1 881 132 902 204 -1 -1 -1 11.80 1.45 29.73 -1 1.000000
198 53 traffic light -1 -1 -1 831 136 846 197 -1 -1 -1 13.81 1.42 43.55 -1 1.000000
198 55 bus -1 -1 -1 58 113 464 262 -1 -1 -1 -9.16 1.84 16.10 -1 1.000000
198 56 car -1 -1 -1 1052 170 1175 199 -1 -1 -1 25.09 1.19 36.46 -1 1.000000
199 29 advertising -1 -1 -1 1179 108 1240 191 -1 -1 -1 16.76 1.27 20.04 -1 1.000000
199 44 traffic light -1 -1 -1 305 80 334 146 -1 -1 -1 -5.34 1.74 13.31 -1 1.000000
199 45 road sign -1 -1 -1 348 191 379 253 -1 -1 -1 -5.29 1.73 15.44 -1 1.000000
199 48 person -1 -1 -1 300 177 334 271 -1 -1 -1 -5.26 1.74 12.88 -1 1.000000
199 51 traffic light -1 -1 -1 881 131 902 205 -1 -1 -1 11.72 1.33 29.61 -1 1.000000
199 53 traffic light -1 -1 -1 830 135 846 197 -1 -1 -1 13.65 1.24 43.19 -1 1.000000
199 55 bus -1 -1 -1 1 111 463 267 -1 -1 -1 -9.36 1.82 15.41 -1 1.000000
199 56 car -1 -1 -1 1037 170 1165 200 -1 -1 -1 24.95 1.02 36.52 -1 1.000000
200 29 advertising -1 -1 -1 1179 108 1240 191 -1 -1 -1 16.75 1.27 20.05 -1 1.000000
200 44 traffic light -1 -1 -1 305 80 333 146 -1 -1 -1 -5.34 1.74 13.32 -1 1.000000
200 45 road sign -1 -1 -1 348 192 379 253 -1 -1 -1 -5.29 1.73 15.44 -1 1.000000
200 48 person -1 -1 -1 297 174 330 272 -1 -1 -1 -5.28 1.74 12.87 -1 1.000000
200 51 traffic light -1 -1 -1 881 132 902 204 -1 -1 -1 11.74 1.33 29.64 -1 1.000000
200 53 traffic light -1 -1 -1 830 136 846 197 -1 -1 -1 13.66 1.24 43.20 -1 1.000000
200 55 bus -1 -1 -1 1 108 445 273 -1 -1 -1 -9.40 1.82 14.92 -1 1.000000
200 56 car -1 -1 -1 1069 168 1142 198 -1 -1 -1 24.49 1.08 36.58 -1 1.000000
201 29 advertising -1 -1 -1 1179 109 1240 191 -1 -1 -1 16.76 1.33 20.06 -1 1.000000
201 44 traffic light -1 -1 -1 305 79 335 147 -1 -1 -1 -5.34 1.75 13.33 -1 1.000000
201 45 road sign -1 -1 -1 348 192 380 253 -1 -1 -1 -5.28 1.75 15.44 -1 1.000000
201 48 person -1 -1 -1 297 174 331 272 -1 -1 -1 -5.28 1.75 12.85 -1 1.000000
201 51 traffic light -1 -1 -1 882 131 902 205 -1 -1 -1 11.78 1.41 29.70 -1 1.000000
201 53 traffic light -1 -1 -1 830 136 846 197 -1 -1 -1 13.75 1.37 43.43 -1 1.000000
201 55 bus -1 -1 -1 1 95 317 282 -1 -1 -1 -9.34 1.82 14.84 -1 1.000000
201 56 car -1 -1 -1 1047 172 1152 199 -1 -1 -1 24.22 1.19 36.44 -1 1.000000
202 29 advertising -1 -1 -1 1179 108 1240 191 -1 -1 -1 16.74 1.28 20.07 -1 1.000000
202 44 traffic light -1 -1 -1 305 80 332 145 -1 -1 -1 -5.34 1.73 13.32 -1 1.000000
202 45 road sign -1 -1 -1 348 191 379 253 -1 -1 -1 -5.29 1.72 15.49 -1 1.000000
202 48 person -1 -1 -1 298 174 341 272 -1 -1 -1 -5.29 1.73 12.95 -1 1.000000
202 51 traffic light -1 -1 -1 881 131 902 204 -1 -1 -1 11.73 1.34 29.62 -1 1.000000
202 53 traffic light -1 -1 -1 830 136 846 197 -1 -1 -1 13.70 1.25 43.31 -1 1.000000
202 55 bus -1 -1 -1 1 74 321 285 -1 -1 -1 -9.38 1.80 14.57 -1 1.000000
202 56 car -1 -1 -1 1018 169 1145 200 -1 -1 -1 24.14 1.06 36.64 -1 1.000000
203 29 advertising -1 -1 -1 1179 109 1240 191 -1 -1 -1 16.74 1.30 20.06 -1 1.000000
203 44 traffic light -1 -1 -1 305 79 337 146 -1 -1 -1 -5.34 1.74 13.33 -1 1.000000
203 45 road sign -1 -1 -1 348 192 380 252 -1 -1 -1 -5.27 1.73 15.45 -1 1.000000
203 48 person -1 -1 -1 290 178 327 272 -1 -1 -1 -5.30 1.74 12.88 -1 1.000000
203 51 traffic light -1 -1 -1 882 132 902 205 -1 -1 -1 11.74 1.37 29.62 -1 1.000000
203 53 traffic light -1 -1 -1 830 136 846 197 -1 -1 -1 13.72 1.29 43.34 -1 1.000000
203 55 bus -1 -1 -1 1 70 315 292 -1 -1 -1 -9.27 1.80 14.62 -1 1.000000
203 56 car -1 -1 -1 1012 166 1113 200 -1 -1 -1 23.18 1.15 36.89 -1 1.000000
204 29 advertising -1 -1 -1 1179 109 1240 191 -1 -1 -1 16.73 1.29 20.06 -1 1.000000
204 44 traffic light -1 -1 -1 305 79 334 146 -1 -1 -1 -5.34 1.74 13.32 -1 1.000000
204 45 road sign -1 -1 -1 348 191 378 253 -1 -1 -1 -5.27 1.73 15.43 -1 1.000000
204 48 person -1 -1 -1 277 179 331 271 -1 -1 -1 -5.32 1.74 12.89 -1 1.000000
204 51 traffic light -1 -1 -1 881 132 902 204 -1 -1 -1 11.73 1.36 29.60 -1 1.000000
204 53 traffic light -1 -1 -1 830 135 846 197 -1 -1 -1 13.68 1.29 43.26 -1 1.000000
204 55 bus -1 -1 -1 1 85 388 298 -1 -1 -1 -9.30 1.80 15.07 -1 1.000000
204 56 car -1 -1 -1 1008 167 1111 200 -1 -1 -1 22.93 1.14 36.45 -1 1.000000
205 29 advertising -1 -1 -1 1179 109 1240 191 -1 -1 -1 16.74 1.28 20.05 -1 1.000000
205 44 traffic light -1 -1 -1 305 79 332 146 -1 -1 -1 -5.34 1.73 13.32 -1 1.000000
205 45 road sign -1 -1 -1 348 191 378 253 -1 -1 -1 -5.29 1.72 15.46 -1 1.000000
205 48 person -1 -1 -1 293 178 331 271 -1 -1 -1 -5.32 1.73 12.88 -1 1.000000
205 51 traffic light -1 -1 -1 881 132 902 205 -1 -1 -1 11.73 1.33 29.59 -1 1.000000
205 53 traffic light -1 -1 -1 830 136 846 197 -1 -1 -1 13.63 1.23 43.11 -1 1.000000
205 55 bus -1 -1 -1 1 85 386 301 -1 -1 -1 -9.31 1.81 14.64 -1 1.000000
205 56 car -1 -1 -1 1005 167 1110 200 -1 -1 -1 23.01 1.09 36.22 -1 1.000000
206 29 advertising -1 -1 -1 1179 108 1240 191 -1 -1 -1 16.75 1.32 20.06 -1 1.000000
206 44 traffic light -1 -1 -1 305 80 332 147 -1 -1 -1 -5.36 1.75 13.33 -1 1.000000
206 45 road sign -1 -1 -1 349 191 378 253 -1 -1 -1 -5.27 1.74 15.45 -1 1.000000
206 48 person -1 -1 -1 292 181 328 271 -1 -1 -1 -5.31 1.75 12.84 -1 1.000000
206 51 traffic light -1 -1 -1 881 132 902 205 -1 -1 -1 11.77 1.41 29.65 -1 1.000000
206 53 traffic light -1 -1 -1 831 136 846 197 -1 -1 -1 13.69 1.36 43.21 -1 1.000000
206 55 bus -1 -1 -1 1 86 386 301 -1 -1 -1 -8.97 1.80 15.28 -1 1.000000
206 56 car -1 -1 -1 1004 167 1109 200 -1 -1 -1 22.95 1.20 36.15 -1 1.000000
207 29 advertising -1 -1 -1 1179 109 1240 191 -1 -1 -1 16.75 1.34 20.07 -1 1.000000
207 44 traffic light -1 -1 -1 303 80 332 145 -1 -1 -1 -5.36 1.75 13.34 -1 1.000000
207 45 road sign -1 -1 -1 349 191 378 253 -1 -1 -1 -5.27 1.76 15.46 -1 1.000000
207 48 person -1 -1 -1 293 195 324 269 -1 -1 -1 -5.30 1.75 12.81 -1 1.000000
207 51 traffic light -1 -1 -1 881 132 902 204 -1 -1 -1 11.78 1.44 29.66 -1 1.000000
207 53 traffic light -1 -1 -1 830 135 846 197 -1 -1 -1 13.74 1.43 43.39 -1 1.000000
207 55 bus -1 -1 -1 26 94 379 294 -1 -1 -1 -8.98 1.80 15.31 -1 1.000000
207 56 car -1 -1 -1 1008 166 1110 200 -1 -1 -1 22.93 1.24 35.98 -1 1.000000
208 29 advertising -1 -1 -1 1179 109 1240 191 -1 -1 -1 16.73 1.29 20.06 -1 1.000000
208 44 traffic light -1 -1 -1 305 79 332 145 -1 -1 -1 -5.35 1.74 13.32 -1 1.000000
208 45 road sign -1 -1 -1 349 191 378 253 -1 -1 -1 -5.27 1.74 15.44 -1 1.000000
208 48 person -1 -1 -1 293 192 326 269 -1 -1 -1 -5.29 1.75 12.79 -1 1.000000
208 51 traffic light -1 -1 -1 881 131 902 204 -1 -1 -1 11.73 1.36 29.58 -1 1.000000
208 53 traffic light -1 -1 -1 830 135 846 197 -1 -1 -1 13.66 1.30 43.18 -1 1.000000
208 55 bus -1 -1 -1 25 94 378 294 -1 -1 -1 -8.99 1.80 15.28 -1 1.000000
208 56 car -1 -1 -1 1010 166 1117 199 -1 -1 -1 22.77 1.13 35.78 -1 1.000000
209 29 advertising -1 -1 -1 1179 109 1240 191 -1 -1 -1 16.75 1.32 20.06 -1 1.000000
209 44 traffic light -1 -1 -1 305 80 332 145 -1 -1 -1 -5.35 1.75 13.32 -1 1.000000
209 45 road sign -1 -1 -1 349 191 378 253 -1 -1 -1 -5.25 1.74 15.41 -1 1.000000
209 48 person -1 -1 -1 289 183 326 271 -1 -1 -1 -5.29 1.75 12.78 -1 1.000000
209 51 traffic light -1 -1 -1 882 131 902 204 -1 -1 -1 11.74 1.41 29.62 -1 1.000000
209 53 traffic light -1 -1 -1 831 136 846 197 -1 -1 -1 13.69 1.37 43.30 -1 1.000000
209 56 car -1 -1 -1 1011 166 1116 199 -1 -1 -1 22.77 1.19 35.70 -1 1.000000
210 29 advertising -1 -1 -1 1179 108 1240 191 -1 -1 -1 16.70 1.28 20.02 -1 1.000000
210 44 traffic light -1 -1 -1 305 80 332 145 -1 -1 -1 -5.34 1.73 13.30 -1 1.000000
210 45 road sign -1 -1 -1 349 191 378 253 -1 -1 -1 -5.26 1.72 15.42 -1 1.000000
210 48 person -1 -1 -1 290 180 325 271 -1 -1 -1 -5.29 1.73 12.80 -1 1.000000
210 51 traffic light -1 -1 -1 882 131 902 205 -1 -1 -1 11.69 1.33 29.53 -1 1.000000
210 53 traffic light -1 -1 -1 830 136 846 197 -1 -1 -1 13.58 1.24 43.01 -1 1.000000
210 56 car -1 -1 -1 1010 165 1115 199 -1 -1 -1 22.61 1.10 35.64 -1 1.000000
211 29 advertising -1 -1 -1 1179 109 1240 191 -1 -1 -1 16.74 1.32 20.05 -1 1.000000
211 44 traffic light -1 -1 -1 305 80 332 145 -1 -1 -1 -5.34 1.75 13.31 -1 1.000000
211 45 road sign -1 -1 -1 349 191 378 253 -1 -1 -1 -5.26 1.74 15.42 -1 1.000000
211 48 person -1 -1 -1 290 179 325 271 -1 -1 -1 -5.28 1.75 12.77 -1 1.000000
211 51 traffic light -1 -1 -1 882 131 902 204 -1 -1 -1 11.74 1.40 29.58 -1 1.000000
211 53 traffic light -1 -1 -1 830 135 846 197 -1 -1 -1 13.67 1.35 43.20 -1 1.000000
211 56 car -1 -1 -1 1007 165 1113 200 -1 -1 -1 22.60 1.19 35.56 -1 1.000000
212 29 advertising -1 -1 -1 1179 109 1240 191 -1 -1 -1 16.69 1.27 20.06 -1 1.000000
212 44 traffic light -1 -1 -1 305 80 332 145 -1 -1 -1 -5.35 1.73 13.32 -1 1.000000
212 45 road sign -1 -1 -1 349 190 378 252 -1 -1 -1 -5.28 1.71 15.43 -1 1.000000
212 48 person -1 -1 -1 289 185 326 271 -1 -1 -1 -5.29 1.73 12.79 -1 1.000000
212 51 traffic light -1 -1 -1 881 131 902 204 -1 -1 -1 11.70 1.31 29.50 -1 1.000000
212 53 traffic light -1 -1 -1 830 136 846 197 -1 -1 -1 13.61 1.21 43.06 -1 1.000000
212 56 car -1 -1 -1 989 165 1112 207 -1 -1 -1 22.53 1.06 35.93 -1 1.000000
213 29 advertising -1 -1 -1 1179 109 1240 191 -1 -1 -1 16.73 1.30 20.05 -1 1.000000
213 44 traffic light -1 -1 -1 305 80 332 145 -1 -1 -1 -5.34 1.75 13.32 -1 1.000000
213 45 road sign -1 -1 -1 349 191 378 252 -1 -1 -1 -5.26 1.75 15.43 -1 1.000000
213 48 person -1 -1 -1 289 184 326 271 -1 -1 -1 -5.27 1.75 12.79 -1 1.000000
213 51 traffic light -1 -1 -1 882 131 902 204 -1 -1 -1 11.73 1.39 29.58 -1 1.000000
213 53 traffic light -1 -1 -1 830 136 846 197 -1 -1 -1 13.65 1.33 43.06 -1 1.000000
213 56 car -1 -1 -1 988 165 1111 207 -1 -1 -1 22.32 1.17 35.89 -1 1.000000
214 29 advertising -1 -1 -1 1179 108 1240 191 -1 -1 -1 16.72 1.28 20.04 -1 1.000000
214 44 traffic light -1 -1 -1 306 80 332 145 -1 -1 -1 -5.34 1.75 13.31 -1 1.000000
214 45 road sign -1 -1 -1 349 191 378 252 -1 -1 -1 -5.26 1.75 15.44 -1 1.000000
214 48 person -1 -1 -1 290 185 327 271 -1 -1 -1 -5.27 1.75 12.78 -1 1.000000
214 51 traffic light -1 -1 -1 881 132 902 204 -1 -1 -1 11.73 1.36 29.57 -1 1.000000
214 53 traffic light -1 -1 -1 830 136 846 197 -1 -1 -1 13.62 1.29 43.05 -1 1.000000
214 56 car -1 -1 -1 988 165 1111 205 -1 -1 -1 22.25 1.12 35.85 -1 1.000000
215 29 advertising -1 -1 -1 1179 109 1240 191 -1 -1 -1 16.71 1.26 20.02 -1 1.000000
215 44 traffic light -1 -1 -1 305 80 332 145 -1 -1 -1 -5.34 1.74 13.31 -1 1.000000
215 45 road sign -1 -1 -1 349 191 378 252 -1 -1 -1 -5.27 1.73 15.45 -1 1.000000
215 48 person -1 -1 -1 291 181 325 271 -1 -1 -1 -5.28 1.74 12.78 -1 1.000000
215 51 traffic light -1 -1 -1 881 131 902 204 -1 -1 -1 11.72 1.32 29.57 -1 1.000000
215 53 traffic light -1 -1 -1 830 136 846 197 -1 -1 -1 13.59 1.23 42.96 -1 1.000000
215 56 car -1 -1 -1 988 163 1111 202 -1 -1 -1 22.23 1.09 35.87 -1 1.000000
216 29 advertising -1 -1 -1 1179 108 1240 191 -1 -1 -1 16.75 1.30 20.07 -1 1.000000
216 44 traffic light -1 -1 -1 305 80 332 145 -1 -1 -1 -5.34 1.78 13.33 -1 1.000000
216 45 road sign -1 -1 -1 349 191 378 252 -1 -1 -1 -5.25 1.78 15.42 -1 1.000000
216 48 person -1 -1 -1 288 180 324 272 -1 -1 -1 -5.28 1.78 12.77 -1 1.000000
216 51 traffic light -1 -1 -1 881 132 902 204 -1 -1 -1 11.79 1.43 29.68 -1 1.000000
216 53 traffic light -1 -1 -1 830 136 846 197 -1 -1 -1 13.71 1.41 43.24 -1 1.000000
216 56 car -1 -1 -1 987 165 1111 204 -1 -1 -1 22.48 1.18 35.95 -1 1.000000
216 57 traffic light -1 -1 -1 226 120 256 202 -1 -1 -1 -16.95 2.06 32.69 -1 1.000000
217 29 advertising -1 -1 -1 1179 108 1240 191 -1 -1 -1 16.72 1.28 20.02 -1 1.000000
217 44 traffic light -1 -1 -1 305 80 332 145 -1 -1 -1 -5.35 1.76 13.31 -1 1.000000
217 45 road sign -1 -1 -1 349 191 378 252 -1 -1 -1 -5.27 1.76 15.43 -1 1.000000
217 48 person -1 -1 -1 290 185 328 271 -1 -1 -1 -5.27 1.76 12.80 -1 1.000000
217 51 traffic light -1 -1 -1 881 131 902 205 -1 -1 -1 11.75 1.38 29.62 -1 1.000000
217 53 traffic light -1 -1 -1 830 136 846 197 -1 -1 -1 13.64 1.33 43.11 -1 1.000000
217 56 car -1 -1 -1 988 165 1111 205 -1 -1 -1 22.29 1.16 35.80 -1 1.000000
217 57 traffic light -1 -1 -1 226 121 256 202 -1 -1 -1 -16.96 1.97 32.61 -1 1.000000
218 29 advertising -1 -1 -1 1179 108 1240 191 -1 -1 -1 16.77 1.34 20.05 -1 1.000000
218 44 traffic light -1 -1 -1 305 80 332 145 -1 -1 -1 -5.35 1.78 13.32 -1 1.000000
218 45 road sign -1 -1 -1 349 191 378 252 -1 -1 -1 -5.26 1.79 15.43 -1 1.000000
218 48 person -1 -1 -1 290 184 326 271 -1 -1 -1 -5.27 1.78 12.78 -1 1.000000
218 51 traffic light -1 -1 -1 881 131 902 204 -1 -1 -1 11.80 1.48 29.71 -1 1.000000
218 53 traffic light -1 -1 -1 830 136 846 197 -1 -1 -1 13.79 1.49 43.54 -1 1.000000
218 56 car -1 -1 -1 987 166 1111 204 -1 -1 -1 22.22 1.29 35.79 -1 1.000000
218 57 traffic light -1 -1 -1 226 121 256 202 -1 -1 -1 -16.95 2.08 32.68 -1 1.000000
219 29 advertising -1 -1 -1 1179 109 1240 191 -1 -1 -1 16.74 1.28 20.06 -1 1.000000
219 44 traffic light -1 -1 -1 305 79 332 145 -1 -1 -1 -5.35 1.75 13.31 -1 1.000000
219 45 road sign -1 -1 -1 349 191 378 253 -1 -1 -1 -5.28 1.74 15.47 -1 1.000000
219 48 person -1 -1 -1 290 185 325 271 -1 -1 -1 -5.28 1.75 12.79 -1 1.000000
219 51 traffic light -1 -1 -1 881 132 902 204 -1 -1 -1 11.72 1.35 29.55 -1 1.000000
219 53 traffic light -1 -1 -1 830 135 847 197 -1 -1 -1 13.73 1.27 43.43 -1 1.000000
219 56 car -1 -1 -1 988 166 1111 204 -1 -1 -1 22.30 1.10 35.90 -1 1.000000
219 57 traffic light -1 -1 -1 226 121 256 202 -1 -1 -1 -16.96 1.90 32.59 -1 1.000000
220 29 advertising -1 -1 -1 1179 108 1240 191 -1 -1 -1 16.76 1.30 20.06 -1 1.000000
220 44 traffic light -1 -1 -1 305 80 332 145 -1 -1 -1 -5.34 1.78 13.32 -1 1.000000
220 45 road sign -1 -1 -1 349 191 378 252 -1 -1 -1 -5.26 1.78 15.45 -1 1.000000
220 48 person -1 -1 -1 290 185 325 271 -1 -1 -1 -5.27 1.78 12.78 -1 1.000000
220 51 traffic light -1 -1 -1 881 132 902 204 -1 -1 -1 11.79 1.43 29.67 -1 1.000000
220 53 traffic light -1 -1 -1 831 136 846 197 -1 -1 -1 13.82 1.42 43.59 -1 1.000000
220 56 car -1 -1 -1 987 166 1111 204 -1 -1 -1 22.35 1.22 35.85 -1 1.000000
220 57 traffic light -1 -1 -1 226 121 256 202 -1 -1 -1 -16.94 2.07 32.66 -1 1.000000
221 29 advertising -1 -1 -1 1179 108 1240 191 -1 -1 -1 16.73 1.29 20.04 -1 1.000000
221 44 traffic light -1 -1 -1 305 80 332 145 -1 -1 -1 -5.34 1.78 13.31 -1 1.000000
221 45 road sign -1 -1 -1 349 191 378 252 -1 -1 -1 -5.27 1.78 15.45 -1 1.000000
221 48 person -1 -1 -1 290 185 325 271 -1 -1 -1 -5.27 1.78 12.78 -1 1.000000
221 51 traffic light -1 -1 -1 881 132 902 204 -1 -1 -1 11.76 1.41 29.63 -1 1.000000
221 53 traffic light -1 -1 -1 830 136 846 197 -1 -1 -1 13.76 1.38 43.46 -1 1.000000
221 56 car -1 -1 -1 987 166 1111 205 -1 -1 -1 22.20 1.19 35.85 -1 1.000000
221 57 traffic light -1 -1 -1 226 120 256 202 -1 -1 -1 -16.93 2.04 32.60 -1 1.000000
222 29 advertising -1 -1 -1 1179 108 1240 191 -1 -1 -1 16.76 1.29 20.05 -1 1.000000
222 44 traffic light -1 -1 -1 305 79 332 145 -1 -1 -1 -5.34 1.77 13.31 -1 1.000000
222 45 road sign -1 -1 -1 349 191 378 252 -1 -1 -1 -5.27 1.77 15.47 -1 1.000000
222 48 person -1 -1 -1 289 185 325 271 -1 -1 -1 -5.27 1.77 12.77 -1 1.000000
222 51 traffic light -1 -1 -1 881 131 902 204 -1 -1 -1 11.76 1.40 29.62 -1 1.000000
222 53 traffic light -1 -1 -1 830 136 847 197 -1 -1 -1 13.74 1.37 43.47 -1 1.000000
222 56 car -1 -1 -1 987 166 1111 204 -1 -1 -1 22.29 1.15 35.86 -1 1.000000
222 57 traffic light -1 -1 -1 226 120 256 202 -1 -1 -1 -16.93 2.03 32.59 -1 1.000000
223 29 advertising -1 -1 -1 1179 108 1240 191 -1 -1 -1 16.75 1.28 20.03 -1 1.000000
223 44 traffic light -1 -1 -1 306 80 332 145 -1 -1 -1 -5.35 1.76 13.31 -1 1.000000
223 45 road sign -1 -1 -1 349 191 378 252 -1 -1 -1 -5.27 1.76 15.45 -1 1.000000
223 48 person -1 -1 -1 289 185 325 271 -1 -1 -1 -5.27 1.76 12.77 -1 1.000000
223 51 traffic light -1 -1 -1 881 132 902 205 -1 -1 -1 11.73 1.38 29.56 -1 1.000000
223 53 traffic light -1 -1 -1 830 136 846 197 -1 -1 -1 13.72 1.32 43.38 -1 1.000000
223 56 car -1 -1 -1 987 166 1111 204 -1 -1 -1 22.15 1.15 35.84 -1 1.000000
223 57 traffic light -1 -1 -1 226 121 256 202 -1 -1 -1 -16.92 1.99 32.57 -1 1.000000
224 29 advertising -1 -1 -1 1179 108 1240 191 -1 -1 -1 16.73 1.27 20.02 -1 1.000000
224 44 traffic light -1 -1 -1 305 80 332 145 -1 -1 -1 -5.34 1.75 13.31 -1 1.000000
224 45 road sign -1 -1 -1 349 191 378 252 -1 -1 -1 -5.27 1.75 15.44 -1 1.000000
224 48 person -1 -1 -1 290 186 325 271 -1 -1 -1 -5.27 1.75 12.79 -1 1.000000
224 51 traffic light -1 -1 -1 881 132 902 204 -1 -1 -1 11.72 1.35 29.55 -1 1.000000
224 53 traffic light -1 -1 -1 830 136 846 197 -1 -1 -1 13.71 1.27 43.31 -1 1.000000
224 56 car -1 -1 -1 987 166 1111 206 -1 -1 -1 22.17 1.12 35.72 -1 1.000000
224 57 traffic light -1 -1 -1 226 120 256 202 -1 -1 -1 -16.94 1.93 32.55 -1 1.000000
225 29 advertising -1 -1 -1 1179 108 1240 191 -1 -1 -1 16.74 1.30 20.03 -1 1.000000
225 44 traffic light -1 -1 -1 305 79 332 145 -1 -1 -1 -5.34 1.76 13.32 -1 1.000000
225 45 road sign -1 -1 -1 349 191 378 252 -1 -1 -1 -5.27 1.75 15.43 -1 1.000000
225 48 person -1 -1 -1 290 184 325 271 -1 -1 -1 -5.28 1.76 12.78 -1 1.000000
225 51 traffic light -1 -1 -1 881 131 902 204 -1 -1 -1 11.75 1.39 29.61 -1 1.000000
225 53 traffic light -1 -1 -1 830 136 847 197 -1 -1 -1 13.74 1.33 43.44 -1 1.000000
225 56 car -1 -1 -1 987 166 1111 205 -1 -1 -1 22.05 1.18 35.76 -1 1.000000
225 57 traffic light -1 -1 -1 226 120 256 202 -1 -1 -1 -16.91 1.96 32.56 -1 1.000000
226 29 advertising -1 -1 -1 1179 108 1240 191 -1 -1 -1 16.71 1.27 20.02 -1 1.000000
226 44 traffic light -1 -1 -1 305 80 332 145 -1 -1 -1 -5.34 1.77 13.32 -1 1.000000
226 45 road sign -1 -1 -1 349 191 378 252 -1 -1 -1 -5.26 1.76 15.43 -1 1.000000
226 48 person -1 -1 -1 290 185 325 271 -1 -1 -1 -5.27 1.77 12.78 -1 1.000000
226 51 traffic light -1 -1 -1 881 132 902 204 -1 -1 -1 11.73 1.37 29.59 -1 1.000000
226 56 car -1 -1 -1 988 166 1111 205 -1 -1 -1 21.96 1.14 35.70 -1 1.000000
226 57 traffic light -1 -1 -1 226 120 256 202 -1 -1 -1 -16.89 1.99 32.53 -1 1.000000
227 29 advertising -1 -1 -1 1179 109 1240 191 -1 -1 -1 16.72 1.29 20.02 -1 1.000000
227 44 traffic light -1 -1 -1 305 80 332 145 -1 -1 -1 -5.34 1.77 13.32 -1 1.000000
227 45 road sign -1 -1 -1 349 191 378 252 -1 -1 -1 -5.26 1.78 15.44 -1 1.000000
227 48 person -1 -1 -1 290 185 325 271 -1 -1 -1 -5.27 1.77 12.78 -1 1.000000
227 56 car -1 -1 -1 987 166 1111 204 -1 -1 -1 22.17 1.17 35.65 -1 1.000000
228 44 traffic light -1 -1 -1 305 80 332 145 -1 -1 -1 -5.34 1.77 13.30 -1 1.000000
228 45 road sign -1 -1 -1 349 191 378 252 -1 -1 -1 -5.27 1.76 15.44 -1 1.000000
228 48 person -1 -1 -1 290 185 325 271 -1 -1 -1 -5.27 1.76 12.80 -1 1.000000
228 56 car -1 -1 -1 988 166 1111 205 -1 -1 -1 22.10 1.20 35.65 -1 1.000000
229 48 person -1 -1 -1 291 185 326 271 -1 -1 -1 -5.27 1.76 12.81 -1 1.000000
229 56 car -1 -1 -1 987 166 1111 204 -1 -1 -1 21.98 1.22 35.63 -1 1.000000
230 48 person -1 -1 -1 290 184 326 271 -1 -1 -1 -5.27 1.77 12.81 -1 1.000000
230 56 car -1 -1 -1 987 166 1111 204 -1 -1 -1 22.00 1.23 35.58 -1 1.000000
231 48 person -1 -1 -1 291 184 327 271 -1 -1 -1 -5.26 1.77 12.81 -1 1.000000
231 56 car -1 -1 -1 987 166 1111 205 -1 -1 -1 22.01 1.22 35.55 -1 1.000000
232 48 person -1 -1 -1 290 184 326 271 -1 -1 -1 -5.27 1.77 12.81 -1 1.000000
232 56 car -1 -1 -1 987 166 1111 203 -1 -1 -1 21.98 1.18 35.54 -1 1.000000
