1 0 car -1 -1 -1 287 175 417 287 -1 -1 -1 -4.55 1.82 12.37 -1 1.000000
2 0 car -1 -1 -1 232 185 392 289 -1 -1 -1 -4.35 1.82 10.72 -1 1.000000
3 0 car -1 -1 -1 171 190 361 314 -1 -1 -1 -4.11 1.78 8.88 -1 1.000000
4 0 car -1 -1 -1 59 196 315 372 -1 -1 -1 -3.93 1.77 7.00 -1 1.000000
5 0 car -1 -1 -1 0 210 253 375 -1 -1 -1 -3.69 1.78 4.74 -1 1.000000
9 1 car -1 -1 -1 191 188 265 213 -1 -1 -1 -16.54 2.40 31.67 -1 1.000000
10 1 car -1 -1 -1 167 187 241 214 -1 -1 -1 -17.12 2.38 30.63 -1 1.000000
11 1 car -1 -1 -1 151 190 247 226 -1 -1 -1 -16.38 2.24 28.64 -1 1.000000
12 1 car -1 -1 -1 129 192 198 231 -1 -1 -1 -16.41 2.26 26.79 -1 1.000000
13 1 car -1 -1 -1 94 194 162 229 -1 -1 -1 -16.82 2.29 25.42 -1 1.000000
14 1 car -1 -1 -1 42 198 127 237 -1 -1 -1 -16.89 2.32 23.58 -1 1.000000
16 2 road sign -1 -1 -1 770 177 800 273 -1 -1 -1 2.74 1.59 11.29 -1 1.000000
16 3 car -1 -1 -1 470 169 517 209 -1 -1 -1 -6.31 2.00 38.25 -1 1.000000
17 2 road sign -1 -1 -1 783 178 820 283 -1 -1 -1 2.72 1.57 9.87 -1 1.000000
17 3 car -1 -1 -1 459 170 506 210 -1 -1 -1 -6.24 1.98 34.82 -1 1.000000
18 3 car -1 -1 -1 445 178 498 215 -1 -1 -1 -6.03 1.98 31.60 -1 1.000000
19 3 car -1 -1 -1 430 180 488 222 -1 -1 -1 -5.95 2.04 28.38 -1 1.000000
20 3 car -1 -1 -1 409 175 475 230 -1 -1 -1 -5.84 2.01 25.42 -1 1.000000
21 3 car -1 -1 -1 383 170 465 239 -1 -1 -1 -5.72 1.97 22.28 -1 1.000000
22 3 car -1 -1 -1 349 177 444 250 -1 -1 -1 -5.63 1.94 19.25 -1 1.000000
23 3 car -1 -1 -1 313 186 422 256 -1 -1 -1 -5.32 1.89 16.13 -1 1.000000
24 3 car -1 -1 -1 236 183 391 277 -1 -1 -1 -5.16 1.84 13.16 -1 1.000000
25 3 car -1 -1 -1 148 189 348 306 -1 -1 -1 -5.06 1.81 10.53 -1 1.000000
26 3 car -1 -1 -1 77 195 324 334 -1 -1 -1 -4.98 1.86 9.16 -1 1.000000
27 3 car -1 -1 -1 0 202 294 375 -1 -1 -1 -4.90 1.89 7.75 -1 1.000000
27 4 road sign -1 -1 -1 721 187 741 258 -1 -1 -1 2.55 1.61 14.98 -1 1.000000
28 4 road sign -1 -1 -1 734 194 756 267 -1 -1 -1 2.54 1.62 13.40 -1 1.000000
29 4 road sign -1 -1 -1 746 191 773 276 -1 -1 -1 2.56 1.63 12.00 -1 1.000000
30 4 road sign -1 -1 -1 770 201 792 272 -1 -1 -1 2.57 1.62 10.67 -1 1.000000
31 4 road sign -1 -1 -1 795 197 821 286 -1 -1 -1 2.58 1.57 9.22 -1 1.000000
34 5 road sign -1 -1 -1 718 173 750 262 -1 -1 -1 2.28 1.56 13.17 -1 1.000000
35 5 road sign -1 -1 -1 733 170 769 273 -1 -1 -1 2.31 1.54 11.71 -1 1.000000
36 6 road sign -1 -1 -1 757 198 781 271 -1 -1 -1 2.32 1.55 10.34 -1 1.000000
37 6 road sign -1 -1 -1 782 195 812 289 -1 -1 -1 2.34 1.58 8.95 -1 1.000000
38 6 road sign -1 -1 -1 817 207 851 319 -1 -1 -1 2.37 1.59 7.55 -1 1.000000
39 7 road sign -1 -1 -1 725 190 765 259 -1 -1 -1 2.49 1.65 14.14 -1 1.000000
40 7 road sign -1 -1 -1 734 194 760 270 -1 -1 -1 2.46 1.64 12.61 -1 1.000000
40 8 cyclist -1 -1 -1 912 167 956 223 -1 -1 -1 8.28 1.47 18.82 -1 1.000000
41 7 road sign -1 -1 -1 755 176 783 272 -1 -1 -1 2.49 1.62 11.23 -1 1.000000
41 8 cyclist -1 -1 -1 929 166 962 229 -1 -1 -1 8.28 1.46 17.68 -1 1.000000
41 9 van -1 -1 -1 267 178 335 217 -1 -1 -1 -16.96 2.53 39.16 -1 1.000000
42 7 road sign -1 -1 -1 772 183 804 283 -1 -1 -1 2.51 1.62 9.83 -1 1.000000
42 8 cyclist -1 -1 -1 950 167 989 233 -1 -1 -1 8.33 1.48 16.76 -1 1.000000
42 9 van -1 -1 -1 251 179 325 218 -1 -1 -1 -16.92 2.55 38.11 -1 1.000000
43 7 road sign -1 -1 -1 805 204 836 298 -1 -1 -1 2.49 1.62 8.40 -1 1.000000
43 9 van -1 -1 -1 237 179 319 218 -1 -1 -1 -16.91 2.25 37.28 -1 1.000000
44 7 road sign -1 -1 -1 843 211 880 335 -1 -1 -1 2.51 1.60 7.07 -1 1.000000
44 8 cyclist -1 -1 -1 992 167 1027 238 -1 -1 -1 8.54 1.40 15.32 -1 1.000000
44 9 van -1 -1 -1 225 179 310 219 -1 -1 -1 -16.62 2.43 35.52 -1 1.000000
45 9 van -1 -1 -1 197 180 310 224 -1 -1 -1 -16.93 2.49 34.72 -1 1.000000
46 9 van -1 -1 -1 178 182 297 225 -1 -1 -1 -16.59 2.54 32.84 -1 1.000000
47 9 van -1 -1 -1 160 182 284 227 -1 -1 -1 -16.72 2.49 31.55 -1 1.000000
48 9 van -1 -1 -1 142 178 284 229 -1 -1 -1 -16.66 2.44 30.53 -1 1.000000
49 10 unknown -1 -1 -1 827 156 911 214 -1 -1 -1 8.70 1.38 23.46 -1 1.000000
49 11 van -1 -1 -1 127 181 230 233 -1 -1 -1 -17.34 2.45 29.28 -1 1.000000
49 12 van -1 -1 -1 237 169 303 211 -1 -1 -1 -19.38 2.58 41.46 -1 1.000000
50 10 unknown -1 -1 -1 844 155 937 214 -1 -1 -1 8.73 1.43 21.66 -1 1.000000
50 11 van -1 -1 -1 108 181 213 234 -1 -1 -1 -17.48 2.42 27.99 -1 1.000000
50 12 van -1 -1 -1 222 174 294 214 -1 -1 -1 -19.25 2.56 40.10 -1 1.000000
50 13 road sign -1 -1 -1 738 174 758 247 -1 -1 -1 3.07 1.60 15.88 -1 1.000000
51 11 van -1 -1 -1 86 181 191 240 -1 -1 -1 -17.48 2.43 26.60 -1 1.000000
51 12 van -1 -1 -1 208 171 283 215 -1 -1 -1 -19.12 2.55 38.50 -1 1.000000
51 13 road sign -1 -1 -1 752 174 772 257 -1 -1 -1 3.07 1.59 14.53 -1 1.000000
52 11 van -1 -1 -1 61 181 169 243 -1 -1 -1 -17.84 2.32 25.44 -1 1.000000
52 12 van -1 -1 -1 194 169 274 216 -1 -1 -1 -19.19 2.41 37.43 -1 1.000000
52 14 car -1 -1 -1 839 169 912 212 -1 -1 -1 8.96 1.46 24.62 -1 1.000000
53 11 van -1 -1 -1 34 180 137 246 -1 -1 -1 -18.05 2.27 24.17 -1 1.000000
53 12 van -1 -1 -1 171 177 259 218 -1 -1 -1 -19.05 2.35 35.72 -1 1.000000
53 14 car -1 -1 -1 855 170 928 217 -1 -1 -1 8.95 1.44 23.56 -1 1.000000
53 15 van -1 -1 -1 202 165 302 216 -1 -1 -1 -20.02 2.40 42.63 -1 1.000000
54 11 van -1 -1 -1 1 176 148 245 -1 -1 -1 -17.46 2.29 23.01 -1 1.000000
54 12 van -1 -1 -1 148 176 249 220 -1 -1 -1 -19.04 2.37 34.57 -1 1.000000
54 14 car -1 -1 -1 883 171 949 216 -1 -1 -1 8.99 1.41 22.19 -1 1.000000
54 15 van -1 -1 -1 192 165 290 215 -1 -1 -1 -20.42 2.44 41.66 -1 1.000000
55 11 van -1 -1 -1 1 180 92 259 -1 -1 -1 -16.80 2.21 21.38 -1 1.000000
55 12 van -1 -1 -1 127 175 234 221 -1 -1 -1 -19.13 2.29 33.15 -1 1.000000
55 14 car -1 -1 -1 903 170 971 219 -1 -1 -1 8.83 1.42 20.46 -1 1.000000
55 15 van -1 -1 -1 176 165 278 215 -1 -1 -1 -20.35 2.35 39.65 -1 1.000000
55 16 road sign -1 -1 -1 756 187 785 253 -1 -1 -1 3.17 1.57 14.42 -1 1.000000
56 12 van -1 -1 -1 117 173 220 223 -1 -1 -1 -19.30 2.29 31.87 -1 1.000000
56 14 car -1 -1 -1 919 172 989 223 -1 -1 -1 8.75 1.43 19.14 -1 1.000000
56 15 van -1 -1 -1 158 165 258 214 -1 -1 -1 -20.27 2.34 37.98 -1 1.000000
56 16 road sign -1 -1 -1 767 189 798 260 -1 -1 -1 3.14 1.58 13.17 -1 1.000000
56 17 van -1 -1 -1 1 181 133 251 -1 -1 -1 -14.48 2.13 19.45 -1 1.000000
56 18 car -1 -1 -1 809 166 891 228 -1 -1 -1 6.12 1.51 20.15 -1 1.000000
57 12 van -1 -1 -1 83 178 201 227 -1 -1 -1 -19.38 2.41 30.49 -1 1.000000
57 14 car -1 -1 -1 937 173 1013 232 -1 -1 -1 8.66 1.43 17.91 -1 1.000000
57 15 van -1 -1 -1 135 165 261 223 -1 -1 -1 -20.21 2.47 36.55 -1 1.000000
57 16 road sign -1 -1 -1 783 194 819 271 -1 -1 -1 3.12 1.59 11.96 -1 1.000000
57 17 van -1 -1 -1 1 180 103 268 -1 -1 -1 -13.99 2.19 18.27 -1 1.000000
57 18 car -1 -1 -1 834 167 907 234 -1 -1 -1 6.22 1.52 18.71 -1 1.000000
58 12 van -1 -1 -1 68 179 181 230 -1 -1 -1 -19.53 2.49 29.24 -1 1.000000
58 14 car -1 -1 -1 956 174 1043 240 -1 -1 -1 8.54 1.49 16.53 -1 1.000000
58 15 van -1 -1 -1 134 166 241 228 -1 -1 -1 -20.23 2.57 34.97 -1 1.000000
58 16 road sign -1 -1 -1 799 198 840 286 -1 -1 -1 3.08 1.63 10.68 -1 1.000000
58 17 van -1 -1 -1 1 190 65 266 -1 -1 -1 -13.67 2.20 17.15 -1 1.000000
58 18 car -1 -1 -1 832 170 932 243 -1 -1 -1 6.50 1.58 17.55 -1 1.000000
59 12 van -1 -1 -1 37 179 155 232 -1 -1 -1 -19.67 2.39 27.81 -1 1.000000
59 15 van -1 -1 -1 113 165 232 222 -1 -1 -1 -20.25 2.44 34.01 -1 1.000000
59 16 road sign -1 -1 -1 822 206 866 302 -1 -1 -1 3.03 1.63 9.51 -1 1.000000
59 17 van -1 -1 -1 0 195 29 269 -1 -1 -1 -13.69 2.16 15.81 -1 1.000000
59 18 car -1 -1 -1 844 163 949 247 -1 -1 -1 6.60 1.56 16.32 -1 1.000000
59 19 car -1 -1 -1 959 174 1064 243 -1 -1 -1 8.49 1.51 16.33 -1 1.000000
60 12 van -1 -1 -1 1 177 123 232 -1 -1 -1 -20.06 2.25 26.81 -1 1.000000
60 15 van -1 -1 -1 72 161 217 217 -1 -1 -1 -20.62 2.30 32.71 -1 1.000000
60 18 car -1 -1 -1 865 165 971 252 -1 -1 -1 6.50 1.64 15.01 -1 1.000000
60 19 car -1 -1 -1 965 178 1107 254 -1 -1 -1 8.52 1.60 14.88 -1 1.000000
61 12 van -1 -1 -1 1 176 96 235 -1 -1 -1 -20.37 2.18 25.76 -1 1.000000
61 15 van -1 -1 -1 46 160 191 221 -1 -1 -1 -20.82 2.22 31.71 -1 1.000000
61 18 car -1 -1 -1 864 173 1000 264 -1 -1 -1 6.43 1.65 13.67 -1 1.000000
61 19 car -1 -1 -1 990 181 1141 260 -1 -1 -1 8.51 1.61 13.74 -1 1.000000
61 20 van -1 -1 -1 162 161 243 214 -1 -1 -1 -21.38 2.27 37.84 -1 1.000000
62 12 van -1 -1 -1 1 172 65 241 -1 -1 -1 -20.14 2.13 24.76 -1 1.000000
62 15 van -1 -1 -1 39 162 166 224 -1 -1 -1 -20.62 2.16 30.30 -1 1.000000
62 18 car -1 -1 -1 878 175 1028 272 -1 -1 -1 6.27 1.64 12.51 -1 1.000000
62 19 car -1 -1 -1 1019 177 1186 270 -1 -1 -1 8.40 1.61 12.44 -1 1.000000
62 20 van -1 -1 -1 125 163 219 214 -1 -1 -1 -21.43 2.20 35.51 -1 1.000000
63 15 van -1 -1 -1 1 158 122 225 -1 -1 -1 -20.98 2.16 28.83 -1 1.000000
63 18 car -1 -1 -1 894 175 1062 275 -1 -1 -1 5.91 1.62 11.55 -1 1.000000
63 19 car -1 -1 -1 1057 128 1241 282 -1 -1 -1 8.51 1.57 11.34 -1 1.000000
63 20 van -1 -1 -1 89 160 186 217 -1 -1 -1 -21.77 2.20 34.32 -1 1.000000
64 15 van -1 -1 -1 2 157 109 229 -1 -1 -1 -21.39 2.09 27.69 -1 1.000000
64 18 car -1 -1 -1 901 161 1105 286 -1 -1 -1 5.67 1.60 10.45 -1 1.000000
64 19 car -1 -1 -1 1101 179 1241 289 -1 -1 -1 8.22 1.56 10.30 -1 1.000000
64 20 van -1 -1 -1 67 159 174 216 -1 -1 -1 -22.17 2.12 32.88 -1 1.000000
65 15 van -1 -1 -1 1 157 76 230 -1 -1 -1 -21.23 2.01 26.59 -1 1.000000
65 18 car -1 -1 -1 934 98 1239 299 -1 -1 -1 5.77 1.59 9.37 -1 1.000000
65 20 van -1 -1 -1 34 158 145 220 -1 -1 -1 -22.65 2.03 31.62 -1 1.000000
65 21 van -1 -1 -1 122 170 195 205 -1 -1 -1 -22.78 2.04 36.73 -1 1.000000
66 18 car -1 -1 -1 954 172 1240 322 -1 -1 -1 5.49 1.58 8.13 -1 1.000000
66 20 van -1 -1 -1 1 156 116 223 -1 -1 -1 -23.02 2.07 30.03 -1 1.000000
66 21 van -1 -1 -1 96 170 171 211 -1 -1 -1 -23.62 2.08 35.58 -1 1.000000
67 18 car -1 -1 -1 978 175 1241 340 -1 -1 -1 5.23 1.56 7.18 -1 1.000000
67 20 van -1 -1 -1 1 156 83 220 -1 -1 -1 -23.22 2.10 29.03 -1 1.000000
67 21 van -1 -1 -1 61 169 140 210 -1 -1 -1 -24.22 2.14 34.42 -1 1.000000
68 18 car -1 -1 -1 1026 173 1241 350 -1 -1 -1 5.06 1.57 6.53 -1 1.000000
68 20 van -1 -1 -1 0 165 48 220 -1 -1 -1 -23.64 2.12 27.67 -1 1.000000
68 21 van -1 -1 -1 39 169 116 215 -1 -1 -1 -24.63 2.02 33.22 -1 1.000000
68 22 unknown -1 -1 -1 1011 152 1110 260 -1 -1 -1 5.81 1.56 9.56 -1 1.000000
69 18 car -1 -1 -1 1080 180 1241 349 -1 -1 -1 4.99 1.57 6.17 -1 1.000000
69 21 van -1 -1 -1 15 172 83 223 -1 -1 -1 -24.65 2.07 31.72 -1 1.000000
69 22 unknown -1 -1 -1 1056 150 1172 293 -1 -1 -1 5.69 1.56 8.46 -1 1.000000
70 18 car -1 -1 -1 1159 231 1240 374 -1 -1 -1 4.90 1.57 5.67 -1 1.000000
70 21 van -1 -1 -1 0 175 51 226 -1 -1 -1 -25.09 2.10 30.33 -1 1.000000
70 22 unknown -1 -1 -1 1105 163 1213 353 -1 -1 -1 5.52 1.56 7.37 -1 1.000000
71 22 unknown -1 -1 -1 1198 154 1241 374 -1 -1 -1 5.37 1.57 6.29 -1 1.000000
96 23 road sign -1 -1 -1 275 207 307 287 -1 -1 -1 -5.11 1.84 11.62 -1 1.000000
96 24 road sign -1 -1 -1 401 188 423 261 -1 -1 -1 -4.06 1.82 14.92 -1 1.000000
97 23 road sign -1 -1 -1 252 208 275 288 -1 -1 -1 -5.09 1.75 10.64 -1 1.000000
97 24 road sign -1 -1 -1 389 185 412 265 -1 -1 -1 -4.00 1.73 13.86 -1 1.000000
98 24 road sign -1 -1 -1 376 188 401 268 -1 -1 -1 -3.94 1.69 12.83 -1 1.000000
99 24 road sign -1 -1 -1 356 185 390 279 -1 -1 -1 -3.85 1.69 11.75 -1 1.000000
100 24 road sign -1 -1 -1 335 188 372 292 -1 -1 -1 -3.78 1.70 10.71 -1 1.000000
101 24 road sign -1 -1 -1 310 191 354 304 -1 -1 -1 -3.71 1.72 9.70 -1 1.000000
102 24 road sign -1 -1 -1 282 213 326 322 -1 -1 -1 -3.65 1.72 8.70 -1 1.000000
103 24 road sign -1 -1 -1 238 195 290 340 -1 -1 -1 -3.61 1.72 7.68 -1 1.000000
105 25 unknown -1 -1 -1 232 144 296 209 -1 -1 -1 -12.61 2.13 26.40 -1 1.000000
106 25 unknown -1 -1 -1 222 147 283 212 -1 -1 -1 -12.70 2.40 25.78 -1 1.000000
107 25 unknown -1 -1 -1 206 149 274 213 -1 -1 -1 -12.44 2.42 24.71 -1 1.000000
108 25 unknown -1 -1 -1 196 149 263 213 -1 -1 -1 -12.43 2.60 23.85 -1 1.000000
108 26 road sign -1 -1 -1 403 202 439 281 -1 -1 -1 -3.19 1.88 11.71 -1 1.000000
109 25 unknown -1 -1 -1 182 147 250 208 -1 -1 -1 -12.43 2.13 22.89 -1 1.000000
109 26 road sign -1 -1 -1 382 202 409 287 -1 -1 -1 -3.19 1.75 10.89 -1 1.000000
110 25 unknown -1 -1 -1 168 145 239 214 -1 -1 -1 -12.04 2.40 21.40 -1 1.000000
110 26 road sign -1 -1 -1 361 203 395 297 -1 -1 -1 -3.10 1.83 9.81 -1 1.000000
111 25 unknown -1 -1 -1 135 144 223 231 -1 -1 -1 -12.00 2.37 20.50 -1 1.000000
111 26 road sign -1 -1 -1 339 204 370 318 -1 -1 -1 -3.07 1.81 8.86 -1 1.000000
112 25 unknown -1 -1 -1 81 138 215 233 -1 -1 -1 -12.07 2.04 19.65 -1 1.000000
112 26 road sign -1 -1 -1 309 214 341 335 -1 -1 -1 -3.08 1.72 7.88 -1 1.000000
113 25 unknown -1 -1 -1 57 136 185 235 -1 -1 -1 -12.12 2.01 18.69 -1 1.000000
114 25 unknown -1 -1 -1 40 122 164 267 -1 -1 -1 -11.94 2.31 17.51 -1 1.000000
123 27 advertising -1 -1 -1 921 117 996 202 -1 -1 -1 8.86 1.59 17.89 -1 1.000000
124 27 advertising -1 -1 -1 937 110 1010 191 -1 -1 -1 8.68 1.56 16.92 -1 1.000000
125 27 advertising -1 -1 -1 948 105 1024 183 -1 -1 -1 8.60 1.90 16.08 -1 1.000000
125 28 advertising -1 -1 -1 359 192 398 265 -1 -1 -1 -4.46 1.68 13.87 -1 1.000000
126 27 advertising -1 -1 -1 956 101 1047 207 -1 -1 -1 8.20 1.58 14.85 -1 1.000000
126 28 advertising -1 -1 -1 334 190 375 270 -1 -1 -1 -4.44 1.69 12.72 -1 1.000000
126 29 car -1 -1 -1 468 175 531 203 -1 -1 -1 -6.07 2.05 42.18 -1 1.000000
127 27 advertising -1 -1 -1 979 98 1071 207 -1 -1 -1 8.12 1.81 13.98 -1 1.000000
127 28 advertising -1 -1 -1 300 194 352 274 -1 -1 -1 -4.54 1.62 11.68 -1 1.000000
127 29 car -1 -1 -1 442 176 531 203 -1 -1 -1 -6.43 1.71 42.68 -1 1.000000
128 27 advertising -1 -1 -1 992 92 1093 207 -1 -1 -1 7.78 1.53 13.10 -1 1.000000
128 28 advertising -1 -1 -1 264 177 318 279 -1 -1 -1 -4.62 1.58 10.69 -1 1.000000
128 29 car -1 -1 -1 462 172 533 199 -1 -1 -1 -6.53 1.47 41.88 -1 1.000000
128 30 car -1 -1 -1 300 172 366 205 -1 -1 -1 -12.58 1.49 33.25 -1 1.000000
129 27 advertising -1 -1 -1 1015 84 1156 203 -1 -1 -1 7.74 1.49 12.26 -1 1.000000
129 28 advertising -1 -1 -1 219 193 279 290 -1 -1 -1 -4.72 1.58 9.68 -1 1.000000
129 29 car -1 -1 -1 460 171 532 199 -1 -1 -1 -6.67 1.34 41.30 -1 1.000000
129 30 car -1 -1 -1 289 170 361 203 -1 -1 -1 -12.87 1.40 32.26 -1 1.000000
130 29 car -1 -1 -1 459 169 530 199 -1 -1 -1 -6.72 1.33 40.52 -1 1.000000
130 30 car -1 -1 -1 253 170 361 206 -1 -1 -1 -13.18 1.35 31.22 -1 1.000000
131 29 car -1 -1 -1 456 170 529 201 -1 -1 -1 -6.85 1.17 40.16 -1 1.000000
131 30 car -1 -1 -1 248 172 338 207 -1 -1 -1 -13.64 1.25 30.42 -1 1.000000
131 31 tracking error -1 -1 -1 593 170 654 197 -1 -1 -1 0.30 1.00 47.22 -1 1.000000
131 32 person -1 -1 -1 848 168 872 223 -1 -1 -1 7.76 1.37 22.47 -1 1.000000
132 29 car -1 -1 -1 453 172 528 202 -1 -1 -1 -6.90 1.24 39.73 -1 1.000000
132 30 car -1 -1 -1 250 171 320 208 -1 -1 -1 -13.88 1.31 29.58 -1 1.000000
132 31 tracking error -1 -1 -1 591 173 647 195 -1 -1 -1 0.08 1.17 43.99 -1 1.000000
132 32 person -1 -1 -1 851 169 874 224 -1 -1 -1 7.52 1.44 21.51 -1 1.000000
133 29 car -1 -1 -1 451 173 526 203 -1 -1 -1 -6.83 1.33 39.35 -1 1.000000
133 30 car -1 -1 -1 214 170 297 209 -1 -1 -1 -14.54 1.24 29.13 -1 1.000000
133 31 tracking error -1 -1 -1 583 172 640 198 -1 -1 -1 0.00 1.29 43.56 -1 1.000000
133 32 person -1 -1 -1 854 166 876 225 -1 -1 -1 7.31 1.66 20.47 -1 1.000000
133 33 road sign -1 -1 -1 289 170 380 227 -1 -1 -1 -7.56 1.44 19.55 -1 1.000000
134 29 car -1 -1 -1 450 173 525 204 -1 -1 -1 -6.80 1.35 39.02 -1 1.000000
134 31 tracking error -1 -1 -1 577 172 636 201 -1 -1 -1 -0.02 1.24 43.64 -1 1.000000
134 32 person -1 -1 -1 855 163 901 223 -1 -1 -1 7.07 1.62 19.83 -1 1.000000
134 34 tracking error -1 -1 -1 229 175 294 210 -1 -1 -1 -14.30 1.30 28.09 -1 1.000000
135 29 car -1 -1 -1 447 173 523 203 -1 -1 -1 -6.55 1.58 37.51 -1 1.000000
135 31 tracking error -1 -1 -1 576 173 653 201 -1 -1 -1 -0.09 1.56 42.49 -1 1.000000
135 32 person -1 -1 -1 858 167 883 224 -1 -1 -1 6.88 1.70 19.00 -1 1.000000
135 34 tracking error -1 -1 -1 206 177 268 212 -1 -1 -1 -14.69 1.31 27.29 -1 1.000000
136 29 car -1 -1 -1 444 172 522 204 -1 -1 -1 -6.73 1.61 37.84 -1 1.000000
136 32 person -1 -1 -1 861 166 887 225 -1 -1 -1 6.59 1.31 18.38 -1 1.000000
136 35 car -1 -1 -1 243 171 347 212 -1 -1 -1 -10.85 1.03 27.65 -1 1.000000
137 32 person -1 -1 -1 865 163 890 224 -1 -1 -1 6.46 1.40 17.46 -1 1.000000
137 35 car -1 -1 -1 244 170 341 212 -1 -1 -1 -11.17 1.21 26.78 -1 1.000000
137 36 car -1 -1 -1 448 166 521 203 -1 -1 -1 -6.54 1.09 35.72 -1 1.000000
138 32 person -1 -1 -1 870 169 895 227 -1 -1 -1 6.34 1.47 16.61 -1 1.000000
138 35 car -1 -1 -1 238 162 340 215 -1 -1 -1 -11.49 1.61 26.26 -1 1.000000
138 36 car -1 -1 -1 440 173 517 202 -1 -1 -1 -6.46 1.50 35.04 -1 1.000000
139 32 person -1 -1 -1 872 171 905 222 -1 -1 -1 6.09 1.55 15.91 -1 1.000000
139 35 car -1 -1 -1 225 164 336 212 -1 -1 -1 -11.85 1.49 25.83 -1 1.000000
139 36 car -1 -1 -1 435 173 515 204 -1 -1 -1 -6.64 1.45 35.14 -1 1.000000
140 35 car -1 -1 -1 207 176 333 220 -1 -1 -1 -11.93 1.86 25.20 -1 1.000000
140 36 car -1 -1 -1 435 175 513 207 -1 -1 -1 -6.66 1.73 34.66 -1 1.000000
140 37 person -1 -1 -1 879 163 910 241 -1 -1 -1 6.21 1.49 15.41 -1 1.000000
141 35 car -1 -1 -1 202 177 336 223 -1 -1 -1 -12.18 1.62 25.30 -1 1.000000
141 36 car -1 -1 -1 436 176 513 208 -1 -1 -1 -6.64 1.55 34.34 -1 1.000000
141 37 person -1 -1 -1 885 167 921 239 -1 -1 -1 5.91 1.57 14.35 -1 1.000000
142 35 car -1 -1 -1 201 181 336 227 -1 -1 -1 -11.94 2.21 24.55 -1 1.000000
142 36 car -1 -1 -1 440 176 516 209 -1 -1 -1 -6.44 2.03 33.51 -1 1.000000
142 37 person -1 -1 -1 893 174 936 242 -1 -1 -1 5.73 1.48 13.56 -1 1.000000
143 35 car -1 -1 -1 207 169 355 228 -1 -1 -1 -12.07 2.12 24.58 -1 1.000000
143 36 car -1 -1 -1 437 178 514 211 -1 -1 -1 -6.48 2.01 33.12 -1 1.000000
143 37 person -1 -1 -1 905 169 952 250 -1 -1 -1 5.63 1.51 12.76 -1 1.000000
144 35 car -1 -1 -1 208 171 340 228 -1 -1 -1 -12.20 1.82 24.32 -1 1.000000
144 36 car -1 -1 -1 431 178 552 217 -1 -1 -1 -6.47 1.57 32.65 -1 1.000000
144 37 person -1 -1 -1 923 169 966 259 -1 -1 -1 5.54 1.42 11.94 -1 1.000000
145 35 car -1 -1 -1 202 180 311 228 -1 -1 -1 -11.91 1.82 23.89 -1 1.000000
145 36 car -1 -1 -1 430 176 512 210 -1 -1 -1 -6.15 1.61 32.27 -1 1.000000
145 37 person -1 -1 -1 940 167 985 259 -1 -1 -1 5.50 1.46 11.13 -1 1.000000
146 35 car -1 -1 -1 199 184 313 228 -1 -1 -1 -11.51 1.99 23.24 -1 1.000000
146 36 car -1 -1 -1 425 178 515 214 -1 -1 -1 -5.45 1.71 31.67 -1 1.000000
146 37 person -1 -1 -1 967 173 1009 273 -1 -1 -1 5.45 1.42 10.34 -1 1.000000
147 35 car -1 -1 -1 207 186 338 227 -1 -1 -1 -11.21 2.12 22.78 -1 1.000000
147 36 car -1 -1 -1 406 178 515 221 -1 -1 -1 -5.29 1.92 31.48 -1 1.000000
147 37 person -1 -1 -1 988 172 1037 275 -1 -1 -1 5.41 1.45 9.55 -1 1.000000
148 35 car -1 -1 -1 205 182 342 234 -1 -1 -1 -10.91 2.13 22.61 -1 1.000000
148 36 car -1 -1 -1 438 180 517 216 -1 -1 -1 -5.46 1.87 31.52 -1 1.000000
148 37 person -1 -1 -1 1016 173 1074 270 -1 -1 -1 5.35 1.43 8.75 -1 1.000000
148 38 van -1 -1 -1 1 164 136 237 -1 -1 -1 -17.59 2.43 23.73 -1 1.000000
149 35 car -1 -1 -1 205 185 347 236 -1 -1 -1 -10.75 1.95 22.36 -1 1.000000
149 36 car -1 -1 -1 437 180 518 216 -1 -1 -1 -5.75 1.73 31.45 -1 1.000000
149 37 person -1 -1 -1 1051 173 1119 280 -1 -1 -1 5.34 1.45 8.01 -1 1.000000
150 35 car -1 -1 -1 206 187 347 238 -1 -1 -1 -10.39 1.88 22.18 -1 1.000000
150 36 car -1 -1 -1 436 179 519 217 -1 -1 -1 -5.70 1.66 31.12 -1 1.000000
150 37 person -1 -1 -1 1096 158 1181 288 -1 -1 -1 5.35 1.46 7.28 -1 1.000000
151 35 car -1 -1 -1 208 189 353 238 -1 -1 -1 -10.18 1.88 21.65 -1 1.000000
151 36 car -1 -1 -1 437 179 520 218 -1 -1 -1 -5.62 1.64 30.75 -1 1.000000
151 37 person -1 -1 -1 1148 156 1238 304 -1 -1 -1 5.35 1.44 6.56 -1 1.000000
152 35 car -1 -1 -1 207 179 348 235 -1 -1 -1 -10.01 2.00 21.40 -1 1.000000
152 36 car -1 -1 -1 438 177 523 215 -1 -1 -1 -5.42 1.81 30.35 -1 1.000000
152 37 person -1 -1 -1 1214 167 1241 257 -1 -1 -1 5.24 1.38 5.99 -1 1.000000
152 39 car -1 -1 -1 573 169 646 203 -1 -1 -1 -0.71 1.64 42.78 -1 1.000000
153 35 car -1 -1 -1 226 181 322 235 -1 -1 -1 -9.92 1.99 21.03 -1 1.000000
153 36 car -1 -1 -1 437 171 531 216 -1 -1 -1 -5.32 1.75 30.06 -1 1.000000
153 39 car -1 -1 -1 563 168 640 201 -1 -1 -1 -0.76 1.51 42.82 -1 1.000000
154 35 car -1 -1 -1 208 180 354 236 -1 -1 -1 -10.16 1.73 20.53 -1 1.000000
154 36 car -1 -1 -1 430 170 528 215 -1 -1 -1 -5.22 1.38 30.01 -1 1.000000
154 39 car -1 -1 -1 572 168 639 199 -1 -1 -1 -0.83 1.01 42.38 -1 1.000000
155 36 car -1 -1 -1 429 171 531 216 -1 -1 -1 -5.14 1.36 29.89 -1 1.000000
155 39 car -1 -1 -1 551 168 632 199 -1 -1 -1 -0.85 0.98 42.35 -1 1.000000
155 40 car -1 -1 -1 106 180 243 227 -1 -1 -1 -14.52 1.83 24.04 -1 1.000000
155 41 car -1 -1 -1 279 186 361 251 -1 -1 -1 -8.11 1.62 21.20 -1 1.000000
156 36 car -1 -1 -1 449 175 536 216 -1 -1 -1 -4.84 1.56 29.44 -1 1.000000
156 39 car -1 -1 -1 575 170 629 200 -1 -1 -1 -0.60 1.20 41.38 -1 1.000000
156 40 car -1 -1 -1 43 182 198 231 -1 -1 -1 -14.81 2.09 21.95 -1 1.000000
156 41 car -1 -1 -1 238 189 362 239 -1 -1 -1 -8.35 1.80 20.59 -1 1.000000
156 42 car -1 -1 -1 401 171 487 208 -1 -1 -1 -8.97 1.68 37.23 -1 1.000000
156 43 advertising -1 -1 -1 738 168 786 231 -1 -1 -1 3.47 1.31 15.62 -1 1.000000
157 36 car -1 -1 -1 452 175 539 214 -1 -1 -1 -4.59 1.59 29.21 -1 1.000000
157 39 car -1 -1 -1 575 164 629 200 -1 -1 -1 -0.46 1.28 41.20 -1 1.000000
157 40 car -1 -1 -1 1 187 148 248 -1 -1 -1 -15.30 2.14 20.59 -1 1.000000
157 41 car -1 -1 -1 226 186 364 240 -1 -1 -1 -8.56 1.86 19.92 -1 1.000000
157 42 car -1 -1 -1 376 172 454 206 -1 -1 -1 -9.55 1.78 36.01 -1 1.000000
157 43 advertising -1 -1 -1 740 166 788 231 -1 -1 -1 3.32 1.32 14.76 -1 1.000000
158 36 car -1 -1 -1 457 175 543 215 -1 -1 -1 -4.44 1.62 29.08 -1 1.000000
158 39 car -1 -1 -1 563 170 629 199 -1 -1 -1 -0.36 1.29 41.00 -1 1.000000
158 40 car -1 -1 -1 0 187 89 243 -1 -1 -1 -15.78 2.14 18.69 -1 1.000000
158 41 car -1 -1 -1 215 185 366 241 -1 -1 -1 -8.51 1.92 19.45 -1 1.000000
158 42 car -1 -1 -1 349 172 435 209 -1 -1 -1 -10.12 1.88 34.94 -1 1.000000
158 43 advertising -1 -1 -1 754 164 795 227 -1 -1 -1 3.23 1.32 13.88 -1 1.000000
159 36 car -1 -1 -1 460 174 543 214 -1 -1 -1 -4.32 1.71 28.63 -1 1.000000
159 39 car -1 -1 -1 569 164 630 199 -1 -1 -1 -0.30 1.38 40.66 -1 1.000000
159 41 car -1 -1 -1 216 184 368 240 -1 -1 -1 -8.39 1.99 19.05 -1 1.000000
159 43 advertising -1 -1 -1 759 166 800 229 -1 -1 -1 3.14 1.33 13.09 -1 1.000000
160 36 car -1 -1 -1 463 170 551 214 -1 -1 -1 -4.31 1.43 28.71 -1 1.000000
160 39 car -1 -1 -1 564 161 630 198 -1 -1 -1 -0.32 1.06 40.85 -1 1.000000
160 41 car -1 -1 -1 218 186 374 242 -1 -1 -1 -8.38 1.78 19.10 -1 1.000000
160 43 advertising -1 -1 -1 764 175 810 231 -1 -1 -1 3.05 1.27 12.34 -1 1.000000
161 36 car -1 -1 -1 469 167 558 213 -1 -1 -1 -4.15 1.37 28.76 -1 1.000000
161 39 car -1 -1 -1 575 159 631 199 -1 -1 -1 -0.28 0.99 41.11 -1 1.000000
161 41 car -1 -1 -1 220 176 376 244 -1 -1 -1 -8.29 1.75 19.02 -1 1.000000
161 43 advertising -1 -1 -1 772 178 817 247 -1 -1 -1 2.97 1.27 11.57 -1 1.000000
162 36 car -1 -1 -1 467 168 554 216 -1 -1 -1 -4.06 1.63 28.62 -1 1.000000
162 39 car -1 -1 -1 569 160 633 198 -1 -1 -1 -0.12 1.29 41.39 -1 1.000000
162 41 car -1 -1 -1 220 171 379 244 -1 -1 -1 -8.20 1.96 18.90 -1 1.000000
162 43 advertising -1 -1 -1 779 179 828 245 -1 -1 -1 2.92 1.32 10.85 -1 1.000000
163 36 car -1 -1 -1 474 169 555 212 -1 -1 -1 -3.83 1.71 28.56 -1 1.000000
163 39 car -1 -1 -1 580 165 634 198 -1 -1 -1 0.03 1.44 40.99 -1 1.000000
163 41 car -1 -1 -1 227 175 384 245 -1 -1 -1 -8.14 2.00 18.96 -1 1.000000
163 43 advertising -1 -1 -1 786 181 838 251 -1 -1 -1 2.86 1.35 10.13 -1 1.000000
164 36 car -1 -1 -1 478 175 561 217 -1 -1 -1 -3.60 1.72 28.56 -1 1.000000
164 39 car -1 -1 -1 568 173 635 201 -1 -1 -1 0.12 1.52 40.81 -1 1.000000
164 41 car -1 -1 -1 235 189 389 249 -1 -1 -1 -7.89 1.94 18.78 -1 1.000000
164 43 advertising -1 -1 -1 795 180 852 277 -1 -1 -1 2.79 1.35 9.44 -1 1.000000
164 44 car -1 -1 -1 114 176 283 238 -1 -1 -1 -12.84 2.20 22.64 -1 1.000000
165 36 car -1 -1 -1 484 178 566 218 -1 -1 -1 -3.34 1.82 28.65 -1 1.000000
165 39 car -1 -1 -1 571 164 636 203 -1 -1 -1 0.20 1.65 41.02 -1 1.000000
165 41 car -1 -1 -1 241 191 395 252 -1 -1 -1 -7.63 2.05 18.68 -1 1.000000
165 43 advertising -1 -1 -1 806 185 868 289 -1 -1 -1 2.75 1.38 8.78 -1 1.000000
165 44 car -1 -1 -1 72 180 247 246 -1 -1 -1 -13.34 2.41 21.63 -1 1.000000
166 36 car -1 -1 -1 488 172 569 215 -1 -1 -1 -3.07 1.82 28.52 -1 1.000000
166 39 car -1 -1 -1 567 173 639 202 -1 -1 -1 0.28 1.65 40.75 -1 1.000000
166 41 car -1 -1 -1 247 190 400 251 -1 -1 -1 -7.44 2.06 18.54 -1 1.000000
166 43 advertising -1 -1 -1 818 185 885 295 -1 -1 -1 2.71 1.36 8.13 -1 1.000000
166 44 car -1 -1 -1 3 182 206 251 -1 -1 -1 -13.75 2.47 20.13 -1 1.000000
167 36 car -1 -1 -1 496 173 575 215 -1 -1 -1 -2.86 1.71 28.64 -1 1.000000
167 39 car -1 -1 -1 593 168 641 200 -1 -1 -1 0.46 1.55 40.83 -1 1.000000
167 41 car -1 -1 -1 255 189 408 248 -1 -1 -1 -7.21 1.93 18.49 -1 1.000000
167 43 advertising -1 -1 -1 835 185 905 303 -1 -1 -1 2.65 1.35 7.49 -1 1.000000
167 44 car -1 -1 -1 1 180 178 260 -1 -1 -1 -14.10 2.29 19.21 -1 1.000000
168 36 car -1 -1 -1 502 170 579 213 -1 -1 -1 -2.63 1.62 28.76 -1 1.000000
168 39 car -1 -1 -1 594 168 644 199 -1 -1 -1 0.59 1.41 41.02 -1 1.000000
168 41 car -1 -1 -1 262 188 413 248 -1 -1 -1 -6.97 1.90 18.41 -1 1.000000
168 43 advertising -1 -1 -1 850 187 929 296 -1 -1 -1 2.62 1.35 6.88 -1 1.000000
168 44 car -1 -1 -1 1 183 113 254 -1 -1 -1 -14.14 2.29 18.49 -1 1.000000
169 36 car -1 -1 -1 505 168 585 211 -1 -1 -1 -2.41 1.71 28.88 -1 1.000000
169 39 car -1 -1 -1 597 168 646 198 -1 -1 -1 0.73 1.64 40.93 -1 1.000000
169 41 car -1 -1 -1 273 187 420 247 -1 -1 -1 -6.92 1.82 18.46 -1 1.000000
169 43 advertising -1 -1 -1 868 188 955 303 -1 -1 -1 2.57 1.53 6.29 -1 1.000000
169 44 car -1 -1 -1 1 182 55 259 -1 -1 -1 -14.46 2.01 17.90 -1 1.000000
170 36 car -1 -1 -1 517 172 592 213 -1 -1 -1 -2.16 1.49 29.21 -1 1.000000
170 39 car -1 -1 -1 600 170 649 198 -1 -1 -1 0.87 1.26 41.23 -1 1.000000
170 41 car -1 -1 -1 283 173 433 244 -1 -1 -1 -6.72 1.78 18.55 -1 1.000000
170 43 advertising -1 -1 -1 889 189 986 338 -1 -1 -1 2.54 1.50 5.77 -1 1.000000
171 36 car -1 -1 -1 521 173 600 214 -1 -1 -1 -1.91 1.63 29.46 -1 1.000000
171 41 car -1 -1 -1 293 169 435 245 -1 -1 -1 -6.61 1.89 18.62 -1 1.000000
171 43 advertising -1 -1 -1 916 192 1022 360 -1 -1 -1 2.53 1.39 5.24 -1 1.000000
172 36 car -1 -1 -1 519 173 608 215 -1 -1 -1 -1.68 1.74 29.65 -1 1.000000
172 41 car -1 -1 -1 292 170 443 247 -1 -1 -1 -6.56 1.87 18.82 -1 1.000000
172 43 advertising -1 -1 -1 943 197 1064 360 -1 -1 -1 2.51 1.52 4.73 -1 1.000000
173 36 car -1 -1 -1 540 171 614 213 -1 -1 -1 -1.39 1.73 30.03 -1 1.000000
173 41 car -1 -1 -1 301 172 453 245 -1 -1 -1 -6.35 1.86 18.90 -1 1.000000
173 43 advertising -1 -1 -1 977 203 1114 374 -1 -1 -1 2.50 1.53 4.26 -1 1.000000
174 36 car -1 -1 -1 551 169 624 212 -1 -1 -1 -1.04 1.70 30.31 -1 1.000000
174 41 car -1 -1 -1 328 179 463 246 -1 -1 -1 -5.77 1.84 18.91 -1 1.000000
174 43 advertising -1 -1 -1 1016 196 1174 374 -1 -1 -1 2.50 1.53 3.82 -1 1.000000
174 45 van -1 -1 -1 241 173 366 232 -1 -1 -1 -10.93 2.02 25.46 -1 1.000000
175 36 car -1 -1 -1 560 174 634 209 -1 -1 -1 -0.61 1.49 30.74 -1 1.000000
175 41 car -1 -1 -1 337 178 472 244 -1 -1 -1 -5.48 1.80 19.10 -1 1.000000
175 45 van -1 -1 -1 211 171 349 236 -1 -1 -1 -11.03 2.02 24.16 -1 1.000000
176 36 car -1 -1 -1 570 174 641 211 -1 -1 -1 -0.22 1.60 30.96 -1 1.000000
176 41 car -1 -1 -1 348 177 482 243 -1 -1 -1 -5.19 1.84 19.25 -1 1.000000
176 45 van -1 -1 -1 176 172 326 240 -1 -1 -1 -11.26 2.10 23.00 -1 1.000000
177 36 car -1 -1 -1 578 174 648 210 -1 -1 -1 0.19 1.49 31.48 -1 1.000000
177 41 car -1 -1 -1 366 189 492 242 -1 -1 -1 -4.93 1.81 19.67 -1 1.000000
177 45 van -1 -1 -1 156 172 303 239 -1 -1 -1 -11.47 2.15 21.93 -1 1.000000
178 36 car -1 -1 -1 590 173 657 209 -1 -1 -1 0.60 1.44 31.87 -1 1.000000
178 41 car -1 -1 -1 380 189 500 238 -1 -1 -1 -4.67 1.80 19.95 -1 1.000000
178 46 truck -1 -1 -1 0 133 273 375 -1 -1 -1 -4.76 1.87 7.41 -1 1.000000
179 36 car -1 -1 -1 601 173 673 208 -1 -1 -1 1.06 1.51 32.36 -1 1.000000
179 41 car -1 -1 -1 394 178 508 238 -1 -1 -1 -4.49 1.86 20.16 -1 1.000000
179 46 truck -1 -1 -1 1 126 300 374 -1 -1 -1 -4.61 1.85 7.32 -1 1.000000
180 36 car -1 -1 -1 610 173 681 207 -1 -1 -1 1.52 1.44 32.96 -1 1.000000
180 41 car -1 -1 -1 401 179 519 238 -1 -1 -1 -4.26 1.83 20.53 -1 1.000000
180 46 truck -1 -1 -1 1 155 363 371 -1 -1 -1 -4.38 1.86 8.06 -1 1.000000
181 36 car -1 -1 -1 620 172 688 206 -1 -1 -1 1.88 1.51 33.50 -1 1.000000
181 41 car -1 -1 -1 417 181 527 234 -1 -1 -1 -4.01 1.88 20.78 -1 1.000000
181 46 truck -1 -1 -1 1 140 430 353 -1 -1 -1 -4.03 1.87 8.38 -1 1.000000
182 36 car -1 -1 -1 629 172 692 206 -1 -1 -1 2.38 1.47 34.53 -1 1.000000
182 41 car -1 -1 -1 456 184 535 228 -1 -1 -1 -3.56 1.82 21.20 -1 1.000000
182 46 truck -1 -1 -1 99 120 476 328 -1 -1 -1 -3.64 1.81 9.16 -1 1.000000
183 36 car -1 -1 -1 635 172 698 205 -1 -1 -1 2.84 1.42 35.31 -1 1.000000
183 41 car -1 -1 -1 463 185 541 228 -1 -1 -1 -3.41 1.83 21.53 -1 1.000000
183 46 truck -1 -1 -1 193 146 512 308 -1 -1 -1 -3.19 1.75 10.12 -1 1.000000
184 36 car -1 -1 -1 646 173 703 205 -1 -1 -1 3.21 1.40 35.98 -1 1.000000
184 41 car -1 -1 -1 475 187 553 233 -1 -1 -1 -3.08 1.87 22.09 -1 1.000000
184 46 truck -1 -1 -1 253 145 547 288 -1 -1 -1 -2.76 1.74 11.26 -1 1.000000
185 36 car -1 -1 -1 651 173 712 205 -1 -1 -1 3.56 1.33 36.76 -1 1.000000
185 46 truck -1 -1 -1 334 147 567 280 -1 -1 -1 -2.33 1.72 12.24 -1 1.000000
186 36 car -1 -1 -1 653 174 719 205 -1 -1 -1 3.94 1.23 37.63 -1 1.000000
186 46 truck -1 -1 -1 385 150 592 272 -1 -1 -1 -1.95 1.72 13.27 -1 1.000000
187 36 car -1 -1 -1 656 174 719 205 -1 -1 -1 4.30 1.50 38.67 -1 1.000000
187 46 truck -1 -1 -1 425 156 610 267 -1 -1 -1 -1.51 1.75 14.30 -1 1.000000
187 47 car -1 -1 -1 311 184 408 235 -1 -1 -1 -9.33 2.22 27.68 -1 1.000000
188 36 car -1 -1 -1 658 173 724 205 -1 -1 -1 4.61 1.70 40.22 -1 1.000000
188 46 truck -1 -1 -1 457 137 627 257 -1 -1 -1 -1.13 1.77 15.39 -1 1.000000
188 47 car -1 -1 -1 299 185 399 235 -1 -1 -1 -9.45 2.34 26.83 -1 1.000000
189 36 car -1 -1 -1 655 172 728 204 -1 -1 -1 4.89 1.52 40.82 -1 1.000000
189 46 truck -1 -1 -1 489 138 644 252 -1 -1 -1 -0.73 1.71 16.60 -1 1.000000
189 47 car -1 -1 -1 275 185 385 237 -1 -1 -1 -9.75 2.28 25.93 -1 1.000000
190 36 car -1 -1 -1 663 173 733 202 -1 -1 -1 5.32 1.43 41.66 -1 1.000000
190 46 truck -1 -1 -1 515 136 656 244 -1 -1 -1 -0.39 1.58 17.77 -1 1.000000
190 47 car -1 -1 -1 253 184 362 238 -1 -1 -1 -10.16 1.93 25.16 -1 1.000000
191 36 car -1 -1 -1 668 171 738 200 -1 -1 -1 5.74 1.34 42.57 -1 1.000000
191 46 truck -1 -1 -1 550 141 670 236 -1 -1 -1 0.12 1.56 18.89 -1 1.000000
191 47 car -1 -1 -1 215 181 346 238 -1 -1 -1 -10.34 2.12 23.71 -1 1.000000
192 46 truck -1 -1 -1 564 140 680 233 -1 -1 -1 0.48 1.47 20.07 -1 1.000000
192 47 car -1 -1 -1 199 182 339 240 -1 -1 -1 -10.64 2.02 22.76 -1 1.000000
193 46 truck -1 -1 -1 581 141 693 230 -1 -1 -1 0.87 1.31 21.31 -1 1.000000
193 47 car -1 -1 -1 166 181 307 245 -1 -1 -1 -10.94 1.93 21.72 -1 1.000000
193 48 van -1 -1 -1 494 164 548 204 -1 -1 -1 -6.10 1.20 49.60 -1 1.000000
194 46 truck -1 -1 -1 595 147 702 228 -1 -1 -1 1.26 1.39 22.51 -1 1.000000
194 47 car -1 -1 -1 133 181 284 250 -1 -1 -1 -11.11 2.04 20.42 -1 1.000000
194 48 van -1 -1 -1 492 165 550 203 -1 -1 -1 -5.94 1.47 46.97 -1 1.000000
194 49 car -1 -1 -1 443 172 505 210 -1 -1 -1 -7.62 1.71 38.74 -1 1.000000
194 50 car -1 -1 -1 549 161 628 218 -1 -1 -1 -0.98 1.44 26.49 -1 1.000000
195 46 truck -1 -1 -1 614 147 702 220 -1 -1 -1 1.69 1.39 23.67 -1 1.000000
195 47 car -1 -1 -1 96 182 283 251 -1 -1 -1 -11.24 2.12 19.24 -1 1.000000
195 48 van -1 -1 -1 481 164 551 202 -1 -1 -1 -6.14 1.63 46.40 -1 1.000000
195 49 car -1 -1 -1 436 175 493 210 -1 -1 -1 -7.77 1.81 37.90 -1 1.000000
195 50 car -1 -1 -1 558 170 620 214 -1 -1 -1 -0.73 1.47 27.00 -1 1.000000
196 46 truck -1 -1 -1 629 137 713 223 -1 -1 -1 2.13 1.51 24.87 -1 1.000000
196 47 car -1 -1 -1 54 184 235 254 -1 -1 -1 -11.52 2.02 18.43 -1 1.000000
196 48 van -1 -1 -1 481 163 543 203 -1 -1 -1 -6.29 1.76 45.83 -1 1.000000
196 49 car -1 -1 -1 428 179 481 212 -1 -1 -1 -8.00 1.88 36.47 -1 1.000000
196 50 car -1 -1 -1 566 175 632 211 -1 -1 -1 -0.39 1.57 27.57 -1 1.000000
197 46 truck -1 -1 -1 634 142 717 217 -1 -1 -1 2.48 1.18 26.32 -1 1.000000
197 47 car -1 -1 -1 3 184 207 248 -1 -1 -1 -11.71 1.91 17.69 -1 1.000000
197 48 van -1 -1 -1 479 163 541 202 -1 -1 -1 -6.40 1.19 45.40 -1 1.000000
197 49 car -1 -1 -1 418 179 479 211 -1 -1 -1 -8.38 1.48 36.08 -1 1.000000
197 50 car -1 -1 -1 575 175 641 210 -1 -1 -1 -0.14 1.19 28.82 -1 1.000000
198 46 truck -1 -1 -1 643 145 722 217 -1 -1 -1 2.90 1.25 27.65 -1 1.000000
198 48 van -1 -1 -1 473 163 542 202 -1 -1 -1 -6.46 1.59 43.29 -1 1.000000
198 49 car -1 -1 -1 407 179 474 213 -1 -1 -1 -8.35 1.77 34.76 -1 1.000000
198 50 car -1 -1 -1 582 174 644 209 -1 -1 -1 0.15 1.35 29.43 -1 1.000000
198 51 car -1 -1 -1 0 205 205 369 -1 -1 -1 -6.18 1.88 9.14 -1 1.000000
199 46 truck -1 -1 -1 652 145 727 214 -1 -1 -1 3.34 1.39 28.91 -1 1.000000
199 48 van -1 -1 -1 468 162 528 202 -1 -1 -1 -6.73 1.68 42.71 -1 1.000000
199 49 car -1 -1 -1 398 179 467 214 -1 -1 -1 -8.55 1.81 33.77 -1 1.000000
199 50 car -1 -1 -1 588 172 654 209 -1 -1 -1 0.43 1.45 30.23 -1 1.000000
199 51 car -1 -1 -1 1 188 234 367 -1 -1 -1 -6.18 1.82 9.38 -1 1.000000
200 46 truck -1 -1 -1 660 137 729 213 -1 -1 -1 3.69 1.15 30.27 -1 1.000000
200 48 van -1 -1 -1 462 162 537 204 -1 -1 -1 -7.04 1.55 42.20 -1 1.000000
200 49 car -1 -1 -1 388 179 449 214 -1 -1 -1 -8.61 1.76 32.61 -1 1.000000
200 50 car -1 -1 -1 595 169 656 207 -1 -1 -1 0.59 1.26 31.32 -1 1.000000
200 51 car -1 -1 -1 1 181 270 368 -1 -1 -1 -6.00 1.86 9.55 -1 1.000000
201 46 truck -1 -1 -1 668 144 733 207 -1 -1 -1 4.13 1.12 31.58 -1 1.000000
201 48 van -1 -1 -1 457 162 524 205 -1 -1 -1 -7.23 1.63 41.67 -1 1.000000
201 49 car -1 -1 -1 377 179 441 215 -1 -1 -1 -8.70 1.82 31.41 -1 1.000000
201 50 car -1 -1 -1 601 172 659 205 -1 -1 -1 0.87 1.26 32.18 -1 1.000000
201 51 car -1 -1 -1 1 187 298 368 -1 -1 -1 -5.92 1.87 9.55 -1 1.000000
202 46 truck -1 -1 -1 676 145 749 206 -1 -1 -1 4.58 1.22 32.88 -1 1.000000
202 48 van -1 -1 -1 450 162 517 207 -1 -1 -1 -7.27 1.80 40.68 -1 1.000000
202 49 car -1 -1 -1 362 181 431 218 -1 -1 -1 -8.77 1.92 30.05 -1 1.000000
202 50 car -1 -1 -1 609 170 667 204 -1 -1 -1 1.20 1.36 32.92 -1 1.000000
202 51 car -1 -1 -1 1 200 330 318 -1 -1 -1 -5.81 1.85 9.79 -1 1.000000
203 46 truck -1 -1 -1 678 149 749 204 -1 -1 -1 5.00 1.05 34.42 -1 1.000000
203 48 van -1 -1 -1 443 162 509 207 -1 -1 -1 -7.51 1.69 39.67 -1 1.000000
203 49 car -1 -1 -1 350 179 422 219 -1 -1 -1 -8.84 1.83 29.19 -1 1.000000
203 50 car -1 -1 -1 614 171 670 203 -1 -1 -1 1.46 1.21 33.99 -1 1.000000
203 51 car -1 -1 -1 64 190 359 295 -1 -1 -1 -5.69 1.82 10.37 -1 1.000000
204 46 truck -1 -1 -1 680 147 749 203 -1 -1 -1 5.38 0.96 35.70 -1 1.000000
204 48 van -1 -1 -1 436 162 505 207 -1 -1 -1 -7.69 1.62 38.87 -1 1.000000
204 49 car -1 -1 -1 337 180 411 216 -1 -1 -1 -9.00 1.81 28.33 -1 1.000000
204 50 car -1 -1 -1 619 168 670 203 -1 -1 -1 1.69 1.13 34.97 -1 1.000000
204 51 car -1 -1 -1 92 184 397 292 -1 -1 -1 -5.63 1.84 10.84 -1 1.000000
205 46 truck -1 -1 -1 682 148 750 200 -1 -1 -1 5.68 1.30 37.04 -1 1.000000
205 48 van -1 -1 -1 429 162 500 209 -1 -1 -1 -7.81 1.71 38.58 -1 1.000000
205 49 car -1 -1 -1 338 179 402 214 -1 -1 -1 -9.02 1.77 27.61 -1 1.000000
205 50 car -1 -1 -1 620 169 674 201 -1 -1 -1 1.97 1.40 35.71 -1 1.000000
205 51 car -1 -1 -1 137 174 403 287 -1 -1 -1 -5.57 1.76 11.53 -1 1.000000
206 46 truck -1 -1 -1 695 146 750 198 -1 -1 -1 5.99 1.05 38.59 -1 1.000000
206 48 van -1 -1 -1 422 162 525 210 -1 -1 -1 -7.88 1.75 37.69 -1 1.000000
206 50 car -1 -1 -1 621 165 680 200 -1 -1 -1 2.20 1.21 36.95 -1 1.000000
206 51 car -1 -1 -1 172 176 421 286 -1 -1 -1 -5.34 1.78 12.10 -1 1.000000
207 46 truck -1 -1 -1 683 146 749 197 -1 -1 -1 6.35 1.23 39.74 -1 1.000000
207 48 van -1 -1 -1 415 161 491 210 -1 -1 -1 -8.05 1.67 36.76 -1 1.000000
207 51 car -1 -1 -1 218 178 437 270 -1 -1 -1 -5.08 1.73 12.64 -1 1.000000
208 46 truck -1 -1 -1 703 149 750 196 -1 -1 -1 6.68 1.18 41.30 -1 1.000000
208 48 van -1 -1 -1 410 160 488 207 -1 -1 -1 -8.03 1.94 35.70 -1 1.000000
208 51 car -1 -1 -1 251 180 458 268 -1 -1 -1 -4.73 1.78 13.35 -1 1.000000
209 46 truck -1 -1 -1 706 148 752 195 -1 -1 -1 7.27 1.21 43.12 -1 1.000000
209 48 van -1 -1 -1 404 161 479 203 -1 -1 -1 -7.98 1.67 34.81 -1 1.000000
209 51 car -1 -1 -1 288 175 479 259 -1 -1 -1 -4.63 1.70 14.23 -1 1.000000
209 52 car -1 -1 -1 245 175 353 233 -1 -1 -1 -10.91 1.81 23.33 -1 1.000000
210 46 truck -1 -1 -1 710 148 756 195 -1 -1 -1 7.73 1.18 44.59 -1 1.000000
210 48 van -1 -1 -1 403 161 476 202 -1 -1 -1 -7.87 1.66 34.04 -1 1.000000
210 51 car -1 -1 -1 304 184 487 261 -1 -1 -1 -4.43 1.69 14.86 -1 1.000000
210 52 car -1 -1 -1 225 186 333 235 -1 -1 -1 -10.48 1.82 22.47 -1 1.000000
211 46 truck -1 -1 -1 711 153 758 196 -1 -1 -1 8.12 1.25 46.09 -1 1.000000
211 48 van -1 -1 -1 383 162 469 197 -1 -1 -1 -8.01 1.76 33.01 -1 1.000000
211 51 car -1 -1 -1 336 165 501 261 -1 -1 -1 -4.23 1.72 15.50 -1 1.000000
211 52 car -1 -1 -1 209 188 317 234 -1 -1 -1 -10.34 1.87 21.42 -1 1.000000
212 51 car -1 -1 -1 358 179 513 253 -1 -1 -1 -4.07 1.76 16.36 -1 1.000000
212 52 car -1 -1 -1 178 191 300 241 -1 -1 -1 -10.42 2.01 20.53 -1 1.000000
213 51 car -1 -1 -1 381 183 525 253 -1 -1 -1 -3.79 1.75 16.98 -1 1.000000
213 52 car -1 -1 -1 142 190 282 249 -1 -1 -1 -10.69 2.11 19.58 -1 1.000000
214 51 car -1 -1 -1 400 182 536 245 -1 -1 -1 -3.52 1.68 17.82 -1 1.000000
214 52 car -1 -1 -1 110 191 257 250 -1 -1 -1 -10.95 2.04 18.98 -1 1.000000
215 51 car -1 -1 -1 416 179 545 242 -1 -1 -1 -3.27 1.69 18.47 -1 1.000000
215 52 car -1 -1 -1 84 192 232 252 -1 -1 -1 -11.29 2.09 18.20 -1 1.000000
216 51 car -1 -1 -1 432 178 554 237 -1 -1 -1 -3.07 1.64 19.27 -1 1.000000
216 52 car -1 -1 -1 45 193 203 252 -1 -1 -1 -11.61 2.10 17.37 -1 1.000000
217 51 car -1 -1 -1 450 179 534 234 -1 -1 -1 -3.11 1.65 19.78 -1 1.000000
217 52 car -1 -1 -1 1 193 170 262 -1 -1 -1 -11.84 2.09 16.36 -1 1.000000
217 53 van -1 -1 -1 337 162 429 220 -1 -1 -1 -8.79 1.84 28.62 -1 1.000000
218 51 car -1 -1 -1 463 180 547 233 -1 -1 -1 -2.99 1.73 20.40 -1 1.000000
218 52 car -1 -1 -1 1 198 119 264 -1 -1 -1 -11.93 2.15 15.78 -1 1.000000
218 53 van -1 -1 -1 318 162 420 220 -1 -1 -1 -8.94 2.03 27.64 -1 1.000000
219 51 car -1 -1 -1 477 181 559 230 -1 -1 -1 -2.80 1.64 21.22 -1 1.000000
219 52 car -1 -1 -1 1 198 77 266 -1 -1 -1 -12.15 1.96 15.52 -1 1.000000
219 53 van -1 -1 -1 306 161 410 215 -1 -1 -1 -9.23 1.81 26.68 -1 1.000000
220 48 van -1 -1 -1 267 158 400 230 -1 -1 -1 -9.59 1.69 25.45 -1 1.000000
220 51 car -1 -1 -1 489 180 568 228 -1 -1 -1 -2.52 1.48 21.99 -1 1.000000
220 54 unknown -1 -1 -1 1 199 58 267 -1 -1 -1 -12.25 1.98 15.40 -1 1.000000
221 48 van -1 -1 -1 246 159 392 233 -1 -1 -1 -9.67 1.75 24.57 -1 1.000000
221 51 car -1 -1 -1 501 179 582 223 -1 -1 -1 -2.28 1.49 22.67 -1 1.000000
221 54 unknown -1 -1 -1 0 214 12 266 -1 -1 -1 -12.59 1.98 14.57 -1 1.000000
222 51 car -1 -1 -1 512 178 598 218 -1 -1 -1 -1.94 1.53 23.46 -1 1.000000
222 55 unknown -1 -1 -1 228 159 334 236 -1 -1 -1 -10.99 2.00 22.98 -1 1.000000
222 56 truck -1 -1 -1 470 138 560 203 -1 -1 -1 -6.51 1.56 45.40 -1 1.000000
223 51 car -1 -1 -1 527 178 608 218 -1 -1 -1 -1.48 1.63 24.28 -1 1.000000
223 55 unknown -1 -1 -1 208 160 308 238 -1 -1 -1 -11.20 1.92 22.22 -1 1.000000
223 56 truck -1 -1 -1 460 137 560 205 -1 -1 -1 -6.53 1.75 44.07 -1 1.000000
224 51 car -1 -1 -1 539 173 613 218 -1 -1 -1 -1.22 1.63 25.08 -1 1.000000
224 55 unknown -1 -1 -1 183 160 291 240 -1 -1 -1 -11.42 1.90 21.46 -1 1.000000
224 56 truck -1 -1 -1 458 135 559 207 -1 -1 -1 -6.61 1.72 43.25 -1 1.000000
225 51 car -1 -1 -1 539 177 619 217 -1 -1 -1 -1.04 1.34 26.02 -1 1.000000
225 56 truck -1 -1 -1 451 135 538 213 -1 -1 -1 -6.83 1.34 42.75 -1 1.000000
225 57 van -1 -1 -1 162 156 368 245 -1 -1 -1 -10.30 1.85 21.34 -1 1.000000
226 51 car -1 -1 -1 544 175 625 219 -1 -1 -1 -0.78 1.59 26.59 -1 1.000000
226 56 truck -1 -1 -1 445 134 553 208 -1 -1 -1 -6.59 1.84 41.85 -1 1.000000
226 57 van -1 -1 -1 133 156 331 248 -1 -1 -1 -10.41 2.07 20.28 -1 1.000000
227 51 car -1 -1 -1 557 175 630 216 -1 -1 -1 -0.56 1.63 27.34 -1 1.000000
227 56 truck -1 -1 -1 439 133 551 206 -1 -1 -1 -6.71 1.89 40.76 -1 1.000000
227 57 van -1 -1 -1 105 155 316 250 -1 -1 -1 -10.71 2.05 19.56 -1 1.000000
228 51 car -1 -1 -1 563 159 635 215 -1 -1 -1 -0.39 1.46 28.30 -1 1.000000
228 56 truck -1 -1 -1 433 131 549 209 -1 -1 -1 -6.81 1.74 39.51 -1 1.000000
228 57 van -1 -1 -1 75 153 306 249 -1 -1 -1 -10.90 2.07 18.86 -1 1.000000
229 51 car -1 -1 -1 569 174 639 211 -1 -1 -1 -0.15 1.54 29.02 -1 1.000000
229 56 truck -1 -1 -1 426 130 546 207 -1 -1 -1 -6.82 1.91 38.41 -1 1.000000
229 57 van -1 -1 -1 3 155 280 242 -1 -1 -1 -10.98 2.23 18.18 -1 1.000000
230 51 car -1 -1 -1 578 174 644 212 -1 -1 -1 0.08 1.61 29.63 -1 1.000000
230 56 truck -1 -1 -1 420 127 543 211 -1 -1 -1 -6.89 2.06 37.47 -1 1.000000
230 57 van -1 -1 -1 4 148 270 285 -1 -1 -1 -11.18 2.30 17.57 -1 1.000000
231 51 car -1 -1 -1 585 157 651 211 -1 -1 -1 0.32 1.54 30.32 -1 1.000000
231 56 truck -1 -1 -1 411 126 541 210 -1 -1 -1 -7.10 1.99 36.67 -1 1.000000
231 57 van -1 -1 -1 32 155 237 234 -1 -1 -1 -11.36 2.28 16.97 -1 1.000000
231 58 car -1 -1 -1 66 177 455 349 -1 -1 -1 -3.39 1.81 7.12 -1 1.000000
232 51 car -1 -1 -1 591 169 656 209 -1 -1 -1 0.46 1.21 31.37 -1 1.000000
232 57 van -1 -1 -1 1 136 213 273 -1 -1 -1 -11.68 1.94 16.73 -1 1.000000
232 58 car -1 -1 -1 209 191 506 324 -1 -1 -1 -3.06 1.72 8.21 -1 1.000000
232 59 truck -1 -1 -1 399 129 492 209 -1 -1 -1 -7.49 1.50 34.88 -1 1.000000
233 51 car -1 -1 -1 598 155 664 208 -1 -1 -1 0.79 1.45 32.07 -1 1.000000
233 57 van -1 -1 -1 1 149 189 262 -1 -1 -1 -11.54 1.94 16.63 -1 1.000000
233 58 car -1 -1 -1 310 187 545 292 -1 -1 -1 -2.57 1.69 9.94 -1 1.000000
233 59 truck -1 -1 -1 392 127 475 193 -1 -1 -1 -7.95 1.74 34.35 -1 1.000000
234 51 car -1 -1 -1 600 173 667 208 -1 -1 -1 1.01 1.44 32.53 -1 1.000000
234 57 van -1 -1 -1 1 149 158 267 -1 -1 -1 -11.63 1.90 16.44 -1 1.000000
234 58 car -1 -1 -1 383 186 578 282 -1 -1 -1 -2.06 1.63 11.58 -1 1.000000
234 59 truck -1 -1 -1 383 126 496 215 -1 -1 -1 -8.11 1.49 33.02 -1 1.000000
235 57 van -1 -1 -1 1 147 137 266 -1 -1 -1 -11.76 1.95 15.85 -1 1.000000
235 58 car -1 -1 -1 430 179 601 263 -1 -1 -1 -1.59 1.60 13.18 -1 1.000000
235 59 truck -1 -1 -1 372 122 530 215 -1 -1 -1 -8.10 1.55 32.11 -1 1.000000
236 57 van -1 -1 -1 1 148 94 255 -1 -1 -1 -11.87 2.00 15.44 -1 1.000000
236 58 car -1 -1 -1 477 179 622 254 -1 -1 -1 -1.10 1.55 14.76 -1 1.000000
236 59 truck -1 -1 -1 363 121 526 216 -1 -1 -1 -7.88 1.60 31.32 -1 1.000000
237 57 van -1 -1 -1 1 150 56 271 -1 -1 -1 -11.90 2.13 14.93 -1 1.000000
237 58 car -1 -1 -1 515 174 641 244 -1 -1 -1 -0.60 1.54 16.30 -1 1.000000
237 59 truck -1 -1 -1 355 120 525 216 -1 -1 -1 -7.68 1.84 30.69 -1 1.000000
238 57 van -1 -1 -1 0 161 13 253 -1 -1 -1 -12.17 2.13 14.14 -1 1.000000
238 58 car -1 -1 -1 545 178 657 240 -1 -1 -1 -0.11 1.48 17.86 -1 1.000000
238 59 truck -1 -1 -1 334 118 523 220 -1 -1 -1 -7.89 1.73 30.07 -1 1.000000
238 60 road sign -1 -1 -1 158 208 196 244 -1 -1 -1 -13.48 2.09 22.51 -1 1.000000
239 58 car -1 -1 -1 570 176 673 236 -1 -1 -1 0.36 1.51 19.34 -1 1.000000
239 59 truck -1 -1 -1 324 118 499 222 -1 -1 -1 -8.20 1.91 29.26 -1 1.000000
239 60 road sign -1 -1 -1 159 212 195 241 -1 -1 -1 -13.41 2.19 22.39 -1 1.000000
240 58 car -1 -1 -1 590 174 681 232 -1 -1 -1 0.77 1.44 20.96 -1 1.000000
240 59 truck -1 -1 -1 312 115 517 226 -1 -1 -1 -8.25 1.79 28.83 -1 1.000000
240 60 road sign -1 -1 -1 160 209 195 242 -1 -1 -1 -13.46 2.10 22.45 -1 1.000000
241 58 car -1 -1 -1 607 171 689 223 -1 -1 -1 1.23 1.45 22.43 -1 1.000000
241 59 truck -1 -1 -1 297 114 510 227 -1 -1 -1 -8.45 1.95 28.01 -1 1.000000
241 60 road sign -1 -1 -1 160 208 195 242 -1 -1 -1 -13.36 2.22 22.32 -1 1.000000
242 58 car -1 -1 -1 621 172 697 220 -1 -1 -1 1.70 1.34 24.02 -1 1.000000
242 59 truck -1 -1 -1 282 112 504 228 -1 -1 -1 -8.63 1.74 27.27 -1 1.000000
242 60 road sign -1 -1 -1 164 200 198 242 -1 -1 -1 -13.49 2.02 22.56 -1 1.000000
243 58 car -1 -1 -1 634 171 713 217 -1 -1 -1 2.18 1.40 25.51 -1 1.000000
243 59 truck -1 -1 -1 268 111 502 227 -1 -1 -1 -8.68 1.96 26.49 -1 1.000000
244 58 car -1 -1 -1 643 170 712 216 -1 -1 -1 2.62 1.16 27.20 -1 1.000000
244 59 truck -1 -1 -1 248 108 497 230 -1 -1 -1 -8.89 1.74 25.66 -1 1.000000
245 58 car -1 -1 -1 649 170 717 213 -1 -1 -1 3.11 1.31 28.54 -1 1.000000
245 59 truck -1 -1 -1 223 105 500 233 -1 -1 -1 -9.06 1.93 24.70 -1 1.000000
246 58 car -1 -1 -1 652 169 722 210 -1 -1 -1 3.49 1.31 30.20 -1 1.000000
246 59 truck -1 -1 -1 206 102 503 233 -1 -1 -1 -9.29 1.82 24.08 -1 1.000000
247 58 car -1 -1 -1 656 168 726 208 -1 -1 -1 3.90 1.41 31.83 -1 1.000000
247 59 truck -1 -1 -1 173 101 489 238 -1 -1 -1 -9.53 1.87 23.10 -1 1.000000
248 58 car -1 -1 -1 677 167 730 207 -1 -1 -1 4.48 1.12 33.58 -1 1.000000
248 59 truck -1 -1 -1 156 100 476 237 -1 -1 -1 -9.56 2.00 22.29 -1 1.000000
249 58 car -1 -1 -1 684 167 733 205 -1 -1 -1 5.01 1.16 35.09 -1 1.000000
249 59 truck -1 -1 -1 125 95 497 221 -1 -1 -1 -9.54 2.14 21.93 -1 1.000000
249 61 car -1 -1 -1 0 188 384 375 -1 -1 -1 -3.06 1.80 5.79 -1 1.000000
250 58 car -1 -1 -1 673 167 736 203 -1 -1 -1 5.30 1.18 36.78 -1 1.000000
250 59 truck -1 -1 -1 105 90 685 232 -1 -1 -1 -9.63 2.15 21.20 -1 1.000000
250 61 car -1 -1 -1 95 191 467 370 -1 -1 -1 -2.99 1.78 6.19 -1 1.000000
251 58 car -1 -1 -1 666 168 738 198 -1 -1 -1 5.44 1.21 38.39 -1 1.000000
251 59 truck -1 -1 -1 70 88 465 230 -1 -1 -1 -10.14 2.18 19.74 -1 1.000000
251 61 car -1 -1 -1 260 189 524 331 -1 -1 -1 -2.53 1.73 7.81 -1 1.000000
252 58 car -1 -1 -1 670 167 741 198 -1 -1 -1 5.86 1.21 39.83 -1 1.000000
252 59 truck -1 -1 -1 4 82 449 237 -1 -1 -1 -10.25 2.12 19.04 -1 1.000000
252 61 car -1 -1 -1 357 184 566 300 -1 -1 -1 -1.97 1.67 9.71 -1 1.000000
252 62 car -1 -1 -1 0 188 321 329 -1 -1 -1 -5.77 1.89 9.17 -1 1.000000
253 59 truck -1 -1 -1 1 83 464 259 -1 -1 -1 -10.42 2.07 17.95 -1 1.000000
253 61 car -1 -1 -1 430 174 599 279 -1 -1 -1 -1.43 1.62 11.48 -1 1.000000
253 62 car -1 -1 -1 85 187 381 306 -1 -1 -1 -5.46 1.85 10.44 -1 1.000000
254 59 truck -1 -1 -1 1 73 439 278 -1 -1 -1 -10.55 2.21 17.02 -1 1.000000
254 61 car -1 -1 -1 478 173 623 264 -1 -1 -1 -0.91 1.65 13.06 -1 1.000000
254 62 car -1 -1 -1 182 121 444 282 -1 -1 -1 -5.12 1.88 11.96 -1 1.000000
255 59 truck -1 -1 -1 1 72 351 266 -1 -1 -1 -10.65 2.11 16.88 -1 1.000000
255 61 car -1 -1 -1 520 176 645 259 -1 -1 -1 -0.46 1.57 14.78 -1 1.000000
255 62 car -1 -1 -1 261 181 463 273 -1 -1 -1 -4.65 1.79 13.39 -1 1.000000
256 59 truck -1 -1 -1 1 54 416 271 -1 -1 -1 -10.63 2.06 17.43 -1 1.000000
256 61 car -1 -1 -1 553 174 661 244 -1 -1 -1 0.02 1.52 16.42 -1 1.000000
256 62 car -1 -1 -1 320 179 498 262 -1 -1 -1 -4.17 1.74 14.87 -1 1.000000
257 59 truck -1 -1 -1 1 41 405 281 -1 -1 -1 -10.69 1.83 17.61 -1 1.000000
257 61 car -1 -1 -1 579 174 676 243 -1 -1 -1 0.46 1.40 18.16 -1 1.000000
257 62 car -1 -1 -1 371 180 522 250 -1 -1 -1 -3.75 1.60 16.39 -1 1.000000
258 59 truck -1 -1 -1 1 7 411 277 -1 -1 -1 -10.59 2.07 17.63 -1 1.000000
258 61 car -1 -1 -1 602 174 688 235 -1 -1 -1 0.99 1.46 19.69 -1 1.000000
258 62 car -1 -1 -1 409 170 542 243 -1 -1 -1 -3.26 1.69 17.69 -1 1.000000
259 59 truck -1 -1 -1 1 47 568 249 -1 -1 -1 -10.56 2.03 18.02 -1 1.000000
259 61 car -1 -1 -1 617 170 697 228 -1 -1 -1 1.45 1.38 21.37 -1 1.000000
259 62 car -1 -1 -1 442 171 561 236 -1 -1 -1 -2.83 1.62 19.23 -1 1.000000
260 59 truck -1 -1 -1 1 40 385 280 -1 -1 -1 -10.46 2.13 18.25 -1 1.000000
260 61 car -1 -1 -1 635 170 710 223 -1 -1 -1 2.01 1.41 22.89 -1 1.000000
260 62 car -1 -1 -1 467 171 578 234 -1 -1 -1 -2.34 1.66 20.54 -1 1.000000
261 59 truck -1 -1 -1 1 3 375 259 -1 -1 -1 -10.72 1.89 18.28 -1 1.000000
261 61 car -1 -1 -1 648 169 713 219 -1 -1 -1 2.45 1.49 24.46 -1 1.000000
261 62 car -1 -1 -1 495 175 593 231 -1 -1 -1 -1.93 1.63 21.93 -1 1.000000
262 59 truck -1 -1 -1 1 36 385 264 -1 -1 -1 -10.85 1.92 18.05 -1 1.000000
262 61 car -1 -1 -1 659 169 720 216 -1 -1 -1 2.97 1.35 26.14 -1 1.000000
262 62 car -1 -1 -1 516 172 605 227 -1 -1 -1 -1.53 1.54 23.45 -1 1.000000
263 59 truck -1 -1 -1 1 37 402 264 -1 -1 -1 -10.97 1.96 18.19 -1 1.000000
263 61 car -1 -1 -1 670 168 729 212 -1 -1 -1 3.45 1.14 27.96 -1 1.000000
263 62 car -1 -1 -1 531 170 617 222 -1 -1 -1 -1.14 1.41 24.98 -1 1.000000
264 59 truck -1 -1 -1 1 3 305 262 -1 -1 -1 -11.13 1.91 17.75 -1 1.000000
264 61 car -1 -1 -1 678 169 731 209 -1 -1 -1 3.99 1.13 29.63 -1 1.000000
264 62 car -1 -1 -1 549 173 627 217 -1 -1 -1 -0.72 1.37 26.37 -1 1.000000
264 63 car -1 -1 -1 420 180 490 213 -1 -1 -1 -8.35 1.53 36.01 -1 1.000000
265 59 truck -1 -1 -1 1 51 285 277 -1 -1 -1 -10.95 2.08 17.26 -1 1.000000
265 61 car -1 -1 -1 681 170 735 207 -1 -1 -1 4.45 1.23 31.14 -1 1.000000
265 62 car -1 -1 -1 563 172 636 214 -1 -1 -1 -0.29 1.49 27.73 -1 1.000000
265 63 car -1 -1 -1 413 181 466 214 -1 -1 -1 -8.27 1.86 35.06 -1 1.000000
266 59 truck -1 -1 -1 1 54 264 270 -1 -1 -1 -10.81 2.00 16.51 -1 1.000000
266 61 car -1 -1 -1 678 168 738 204 -1 -1 -1 4.83 1.04 32.75 -1 1.000000
266 62 car -1 -1 -1 573 172 651 210 -1 -1 -1 0.04 1.32 29.44 -1 1.000000
266 63 car -1 -1 -1 406 181 465 215 -1 -1 -1 -8.59 1.68 35.23 -1 1.000000
267 59 truck -1 -1 -1 1 59 243 278 -1 -1 -1 -10.65 2.08 16.38 -1 1.000000
267 61 car -1 -1 -1 691 167 756 202 -1 -1 -1 5.27 1.12 34.58 -1 1.000000
267 62 car -1 -1 -1 587 171 652 209 -1 -1 -1 0.43 1.41 30.75 -1 1.000000
267 63 car -1 -1 -1 399 181 463 216 -1 -1 -1 -8.61 1.84 34.09 -1 1.000000
268 59 truck -1 -1 -1 1 60 213 287 -1 -1 -1 -10.92 2.12 16.04 -1 1.000000
268 61 car -1 -1 -1 694 167 755 200 -1 -1 -1 5.85 1.06 36.59 -1 1.000000
268 62 car -1 -1 -1 597 171 657 207 -1 -1 -1 0.79 1.38 32.22 -1 1.000000
268 63 car -1 -1 -1 391 182 449 216 -1 -1 -1 -8.73 1.87 33.40 -1 1.000000
269 59 truck -1 -1 -1 1 62 191 287 -1 -1 -1 -11.20 2.13 15.80 -1 1.000000
269 61 car -1 -1 -1 707 168 756 199 -1 -1 -1 6.42 1.20 38.31 -1 1.000000
269 62 car -1 -1 -1 608 170 665 206 -1 -1 -1 1.20 1.49 33.47 -1 1.000000
269 63 car -1 -1 -1 383 181 444 217 -1 -1 -1 -8.74 2.00 32.33 -1 1.000000
270 59 truck -1 -1 -1 1 61 156 287 -1 -1 -1 -11.53 1.96 15.90 -1 1.000000
270 61 car -1 -1 -1 710 168 753 198 -1 -1 -1 6.90 1.20 40.24 -1 1.000000
270 62 car -1 -1 -1 616 166 674 205 -1 -1 -1 1.60 1.52 35.12 -1 1.000000
270 63 car -1 -1 -1 375 182 436 218 -1 -1 -1 -8.85 1.85 31.70 -1 1.000000
271 59 truck -1 -1 -1 1 61 114 265 -1 -1 -1 -11.58 2.10 15.75 -1 1.000000
271 61 car -1 -1 -1 713 168 754 197 -1 -1 -1 7.34 1.20 42.00 -1 1.000000
271 62 car -1 -1 -1 616 154 677 203 -1 -1 -1 1.90 1.31 36.67 -1 1.000000
271 63 car -1 -1 -1 361 182 428 219 -1 -1 -1 -8.88 1.88 30.45 -1 1.000000
272 59 truck -1 -1 -1 1 67 86 270 -1 -1 -1 -11.81 1.96 15.44 -1 1.000000
272 62 car -1 -1 -1 622 171 675 200 -1 -1 -1 2.22 1.32 38.18 -1 1.000000
272 63 car -1 -1 -1 351 183 420 221 -1 -1 -1 -9.08 1.82 29.66 -1 1.000000
273 59 truck -1 -1 -1 0 68 51 269 -1 -1 -1 -12.02 1.95 15.02 -1 1.000000
273 63 car -1 -1 -1 341 181 412 222 -1 -1 -1 -9.05 1.94 28.78 -1 1.000000
274 63 car -1 -1 -1 327 180 404 223 -1 -1 -1 -9.20 1.85 28.10 -1 1.000000
275 63 car -1 -1 -1 313 182 396 227 -1 -1 -1 -9.24 1.96 27.07 -1 1.000000
276 63 car -1 -1 -1 296 182 386 229 -1 -1 -1 -9.36 2.02 26.05 -1 1.000000
277 63 car -1 -1 -1 289 181 376 231 -1 -1 -1 -9.49 1.98 25.34 -1 1.000000
278 63 car -1 -1 -1 272 181 372 232 -1 -1 -1 -9.79 1.80 24.84 -1 1.000000
279 63 car -1 -1 -1 254 183 369 234 -1 -1 -1 -9.76 2.10 23.77 -1 1.000000
280 63 car -1 -1 -1 236 186 338 237 -1 -1 -1 -10.16 1.89 23.16 -1 1.000000
281 63 car -1 -1 -1 215 189 324 239 -1 -1 -1 -10.24 2.03 22.13 -1 1.000000
282 63 car -1 -1 -1 213 189 313 233 -1 -1 -1 -10.22 2.08 21.43 -1 1.000000
283 63 car -1 -1 -1 191 188 294 236 -1 -1 -1 -10.41 2.09 20.67 -1 1.000000
283 64 car -1 -1 -1 0 171 418 375 -1 -1 -1 -2.96 1.80 5.95 -1 1.000000
284 63 car -1 -1 -1 167 188 279 239 -1 -1 -1 -10.59 2.09 19.84 -1 1.000000
284 64 car -1 -1 -1 74 166 482 371 -1 -1 -1 -3.00 1.82 6.32 -1 1.000000
285 64 car -1 -1 -1 217 171 528 343 -1 -1 -1 -2.86 1.72 7.61 -1 1.000000
285 65 car -1 -1 -1 150 191 253 247 -1 -1 -1 -10.99 1.87 18.90 -1 1.000000
286 64 car -1 -1 -1 320 166 565 301 -1 -1 -1 -2.52 1.68 9.05 -1 1.000000
286 65 car -1 -1 -1 90 186 228 251 -1 -1 -1 -10.86 2.09 18.27 -1 1.000000
287 64 car -1 -1 -1 392 169 594 287 -1 -1 -1 -1.85 1.61 10.74 -1 1.000000
287 65 car -1 -1 -1 76 191 205 253 -1 -1 -1 -11.27 1.82 17.65 -1 1.000000
288 64 car -1 -1 -1 445 167 619 278 -1 -1 -1 -1.31 1.60 12.18 -1 1.000000
288 65 car -1 -1 -1 48 194 186 255 -1 -1 -1 -11.37 2.06 16.68 -1 1.000000
288 66 car -1 -1 -1 398 179 459 217 -1 -1 -1 -8.83 1.84 32.82 -1 1.000000
289 64 car -1 -1 -1 490 164 637 260 -1 -1 -1 -0.84 1.61 13.59 -1 1.000000
289 65 car -1 -1 -1 1 193 147 263 -1 -1 -1 -11.65 2.04 16.23 -1 1.000000
289 66 car -1 -1 -1 390 181 452 217 -1 -1 -1 -8.73 1.85 32.60 -1 1.000000
290 64 car -1 -1 -1 523 164 653 251 -1 -1 -1 -0.40 1.55 15.16 -1 1.000000
290 65 car -1 -1 -1 1 193 122 265 -1 -1 -1 -11.80 1.98 15.81 -1 1.000000
290 66 car -1 -1 -1 382 181 449 217 -1 -1 -1 -8.76 1.69 32.34 -1 1.000000
291 64 car -1 -1 -1 545 165 668 247 -1 -1 -1 0.06 1.52 16.68 -1 1.000000
291 65 car -1 -1 -1 1 197 78 262 -1 -1 -1 -11.86 2.07 15.29 -1 1.000000
291 66 car -1 -1 -1 373 181 439 218 -1 -1 -1 -8.73 1.81 31.35 -1 1.000000
292 64 car -1 -1 -1 572 164 680 245 -1 -1 -1 0.48 1.51 18.09 -1 1.000000
292 65 car -1 -1 -1 1 199 37 267 -1 -1 -1 -11.89 2.13 14.71 -1 1.000000
292 66 car -1 -1 -1 360 182 430 219 -1 -1 -1 -8.82 1.96 30.23 -1 1.000000
293 64 car -1 -1 -1 589 165 690 237 -1 -1 -1 0.89 1.53 19.57 -1 1.000000
293 66 car -1 -1 -1 349 181 422 222 -1 -1 -1 -8.85 1.92 29.48 -1 1.000000
294 64 car -1 -1 -1 613 160 700 233 -1 -1 -1 1.30 1.46 21.08 -1 1.000000
294 66 car -1 -1 -1 338 182 413 223 -1 -1 -1 -9.03 1.96 28.58 -1 1.000000
295 64 car -1 -1 -1 623 161 708 222 -1 -1 -1 1.79 1.40 22.60 -1 1.000000
295 66 car -1 -1 -1 325 181 405 224 -1 -1 -1 -9.26 1.74 27.98 -1 1.000000
296 64 car -1 -1 -1 634 164 715 222 -1 -1 -1 2.28 1.45 24.09 -1 1.000000
296 66 car -1 -1 -1 315 181 395 222 -1 -1 -1 -9.29 1.83 27.02 -1 1.000000
297 64 car -1 -1 -1 650 164 719 219 -1 -1 -1 2.69 1.39 25.58 -1 1.000000
297 66 car -1 -1 -1 294 181 385 229 -1 -1 -1 -9.24 2.04 25.59 -1 1.000000
297 67 van -1 -1 -1 0 159 244 375 -1 -1 -1 -3.38 1.76 5.36 -1 1.000000
298 64 car -1 -1 -1 661 165 724 216 -1 -1 -1 3.12 1.35 27.10 -1 1.000000
298 66 car -1 -1 -1 286 181 373 228 -1 -1 -1 -9.26 2.09 24.76 -1 1.000000
298 67 van -1 -1 -1 1 144 356 374 -1 -1 -1 -3.31 1.79 5.75 -1 1.000000
299 64 car -1 -1 -1 671 165 731 212 -1 -1 -1 3.64 1.37 28.46 -1 1.000000
299 66 car -1 -1 -1 268 185 365 231 -1 -1 -1 -9.41 2.09 23.89 -1 1.000000
299 67 van -1 -1 -1 1 156 433 374 -1 -1 -1 -3.14 1.83 6.42 -1 1.000000
300 64 car -1 -1 -1 678 163 740 209 -1 -1 -1 4.12 1.41 29.91 -1 1.000000
300 66 car -1 -1 -1 249 185 355 233 -1 -1 -1 -9.55 2.09 22.94 -1 1.000000
300 67 van -1 -1 -1 83 157 491 366 -1 -1 -1 -2.91 1.80 7.13 -1 1.000000
300 68 car -1 -1 -1 0 244 97 365 -1 -1 -1 -6.40 2.02 8.57 -1 1.000000
301 64 car -1 -1 -1 684 163 738 208 -1 -1 -1 4.56 1.25 31.62 -1 1.000000
301 67 van -1 -1 -1 223 154 532 323 -1 -1 -1 -2.54 1.73 8.28 -1 1.000000
301 68 car -1 -1 -1 1 192 208 347 -1 -1 -1 -6.30 1.94 9.02 -1 1.000000
302 64 car -1 -1 -1 684 164 742 206 -1 -1 -1 5.01 1.28 33.07 -1 1.000000
302 67 van -1 -1 -1 315 154 568 303 -1 -1 -1 -2.14 1.70 9.63 -1 1.000000
302 68 car -1 -1 -1 1 193 272 363 -1 -1 -1 -6.20 1.93 9.33 -1 1.000000
303 64 car -1 -1 -1 683 165 745 203 -1 -1 -1 5.44 1.11 34.88 -1 1.000000
303 67 van -1 -1 -1 380 161 595 283 -1 -1 -1 -1.74 1.64 11.00 -1 1.000000
303 68 car -1 -1 -1 28 189 336 306 -1 -1 -1 -6.06 1.87 10.24 -1 1.000000
304 64 car -1 -1 -1 701 164 748 202 -1 -1 -1 5.89 1.11 36.44 -1 1.000000
304 67 van -1 -1 -1 433 162 618 273 -1 -1 -1 -1.32 1.55 12.43 -1 1.000000
304 68 car -1 -1 -1 134 170 387 285 -1 -1 -1 -5.70 1.77 11.43 -1 1.000000
305 64 car -1 -1 -1 705 164 749 201 -1 -1 -1 6.33 1.11 38.00 -1 1.000000
305 67 van -1 -1 -1 476 158 637 256 -1 -1 -1 -0.91 1.64 13.75 -1 1.000000
305 68 car -1 -1 -1 215 187 427 273 -1 -1 -1 -5.24 1.77 12.73 -1 1.000000
305 69 car -1 -1 -1 170 189 254 246 -1 -1 -1 -10.71 1.89 18.64 -1 1.000000
306 67 van -1 -1 -1 513 159 653 249 -1 -1 -1 -0.45 1.60 15.21 -1 1.000000
306 68 car -1 -1 -1 280 181 464 264 -1 -1 -1 -4.75 1.81 14.14 -1 1.000000
306 69 car -1 -1 -1 91 190 242 251 -1 -1 -1 -10.79 2.10 17.97 -1 1.000000
307 67 van -1 -1 -1 540 159 670 242 -1 -1 -1 -0.06 1.53 16.65 -1 1.000000
307 68 car -1 -1 -1 333 182 492 253 -1 -1 -1 -4.30 1.75 15.70 -1 1.000000
307 69 car -1 -1 -1 63 190 220 253 -1 -1 -1 -11.07 2.09 17.34 -1 1.000000
308 67 van -1 -1 -1 561 158 679 235 -1 -1 -1 0.34 1.48 18.06 -1 1.000000
308 68 car -1 -1 -1 378 180 519 246 -1 -1 -1 -3.82 1.70 17.16 -1 1.000000
308 69 car -1 -1 -1 19 190 199 263 -1 -1 -1 -11.35 2.08 16.63 -1 1.000000
309 67 van -1 -1 -1 587 155 690 234 -1 -1 -1 0.77 1.46 19.51 -1 1.000000
309 68 car -1 -1 -1 414 174 539 237 -1 -1 -1 -3.39 1.68 18.58 -1 1.000000
309 69 car -1 -1 -1 1 191 193 266 -1 -1 -1 -11.48 2.09 16.00 -1 1.000000
309 70 tracking error -1 -1 -1 362 181 427 216 -1 -1 -1 -8.58 1.89 28.82 -1 1.000000
310 67 van -1 -1 -1 605 156 699 230 -1 -1 -1 1.21 1.47 20.93 -1 1.000000
310 68 car -1 -1 -1 446 177 558 235 -1 -1 -1 -2.97 1.63 20.04 -1 1.000000
310 69 car -1 -1 -1 0 191 172 270 -1 -1 -1 -11.67 2.09 15.19 -1 1.000000
310 70 tracking error -1 -1 -1 354 183 447 219 -1 -1 -1 -8.65 1.75 29.19 -1 1.000000
311 67 van -1 -1 -1 618 161 706 227 -1 -1 -1 1.62 1.42 22.39 -1 1.000000
311 68 car -1 -1 -1 473 169 576 230 -1 -1 -1 -2.48 1.64 21.48 -1 1.000000
311 70 tracking error -1 -1 -1 343 184 423 221 -1 -1 -1 -8.58 1.93 27.87 -1 1.000000
311 71 van -1 -1 -1 0 106 227 352 -1 -1 -1 -5.95 1.89 8.79 -1 1.000000
312 67 van -1 -1 -1 632 158 713 223 -1 -1 -1 2.06 1.45 23.83 -1 1.000000
312 68 car -1 -1 -1 497 173 590 227 -1 -1 -1 -2.02 1.68 22.89 -1 1.000000
312 70 tracking error -1 -1 -1 325 182 412 221 -1 -1 -1 -8.71 2.03 26.90 -1 1.000000
312 71 van -1 -1 -1 1 101 305 374 -1 -1 -1 -5.63 1.87 9.23 -1 1.000000
313 67 van -1 -1 -1 643 160 719 220 -1 -1 -1 2.51 1.38 25.37 -1 1.000000
313 68 car -1 -1 -1 516 173 603 223 -1 -1 -1 -1.62 1.60 24.52 -1 1.000000
313 70 tracking error -1 -1 -1 331 182 400 217 -1 -1 -1 -8.73 1.97 26.45 -1 1.000000
313 71 van -1 -1 -1 1 5 405 371 -1 -1 -1 -5.38 1.86 9.86 -1 1.000000
314 67 van -1 -1 -1 654 160 725 217 -1 -1 -1 3.05 1.37 26.82 -1 1.000000
314 68 car -1 -1 -1 532 172 614 215 -1 -1 -1 -1.18 1.60 25.96 -1 1.000000
314 70 tracking error -1 -1 -1 298 182 390 219 -1 -1 -1 -8.91 1.97 25.65 -1 1.000000
314 71 van -1 -1 -1 1 6 417 318 -1 -1 -1 -5.27 1.85 10.39 -1 1.000000
315 67 van -1 -1 -1 661 160 730 214 -1 -1 -1 3.51 1.39 28.30 -1 1.000000
315 68 car -1 -1 -1 550 173 625 214 -1 -1 -1 -0.77 1.61 27.43 -1 1.000000
315 71 van -1 -1 -1 115 114 454 282 -1 -1 -1 -5.04 1.83 11.24 -1 1.000000
316 67 van -1 -1 -1 671 160 734 211 -1 -1 -1 3.93 1.47 29.73 -1 1.000000
316 68 car -1 -1 -1 565 173 634 211 -1 -1 -1 -0.35 1.69 28.86 -1 1.000000
316 71 van -1 -1 -1 205 118 490 268 -1 -1 -1 -4.67 1.82 12.53 -1 1.000000
317 67 van -1 -1 -1 680 161 737 208 -1 -1 -1 4.30 1.32 31.34 -1 1.000000
317 68 car -1 -1 -1 578 172 644 208 -1 -1 -1 0.01 1.56 30.35 -1 1.000000
317 71 van -1 -1 -1 275 122 520 261 -1 -1 -1 -4.23 1.77 13.95 -1 1.000000
318 67 van -1 -1 -1 686 161 740 206 -1 -1 -1 4.69 1.19 32.81 -1 1.000000
318 68 car -1 -1 -1 589 173 648 207 -1 -1 -1 0.35 1.42 31.97 -1 1.000000
318 71 van -1 -1 -1 330 128 541 255 -1 -1 -1 -3.76 1.72 15.38 -1 1.000000
318 72 car -1 -1 -1 197 182 338 240 -1 -1 -1 -9.95 2.00 21.30 -1 1.000000
319 67 van -1 -1 -1 692 161 759 204 -1 -1 -1 5.20 1.11 34.35 -1 1.000000
319 68 car -1 -1 -1 599 172 656 206 -1 -1 -1 0.76 1.36 33.44 -1 1.000000
319 71 van -1 -1 -1 379 132 565 245 -1 -1 -1 -3.31 1.66 16.92 -1 1.000000
319 72 car -1 -1 -1 174 188 326 242 -1 -1 -1 -10.19 1.99 20.50 -1 1.000000
320 67 van -1 -1 -1 696 162 759 202 -1 -1 -1 5.66 1.06 35.86 -1 1.000000
320 68 car -1 -1 -1 610 171 664 206 -1 -1 -1 1.21 1.31 35.00 -1 1.000000
320 71 van -1 -1 -1 412 133 580 236 -1 -1 -1 -2.85 1.64 18.39 -1 1.000000
320 72 car -1 -1 -1 144 188 314 245 -1 -1 -1 -10.27 2.01 19.63 -1 1.000000
321 67 van -1 -1 -1 702 162 761 201 -1 -1 -1 6.08 1.06 37.37 -1 1.000000
321 68 car -1 -1 -1 617 169 669 205 -1 -1 -1 1.65 1.30 36.50 -1 1.000000
321 71 van -1 -1 -1 448 134 595 231 -1 -1 -1 -2.43 1.65 19.85 -1 1.000000
321 72 car -1 -1 -1 126 189 296 243 -1 -1 -1 -10.34 2.08 18.95 -1 1.000000
321 73 unknown -1 -1 -1 950 24 1085 251 -1 -1 -1 6.48 1.21 11.13 -1 1.000000
322 67 van -1 -1 -1 706 162 762 199 -1 -1 -1 6.53 1.16 38.72 -1 1.000000
322 68 car -1 -1 -1 625 170 674 204 -1 -1 -1 2.08 1.30 37.99 -1 1.000000
322 71 van -1 -1 -1 476 134 610 227 -1 -1 -1 -1.92 1.69 21.34 -1 1.000000
322 73 unknown -1 -1 -1 974 53 1088 251 -1 -1 -1 6.49 1.20 11.14 -1 1.000000
322 74 car -1 -1 -1 0 196 387 375 -1 -1 -1 -3.36 1.79 6.31 -1 1.000000
323 67 van -1 -1 -1 711 163 761 197 -1 -1 -1 6.91 1.04 40.32 -1 1.000000
323 71 van -1 -1 -1 503 140 622 227 -1 -1 -1 -1.49 1.63 22.82 -1 1.000000
323 73 unknown -1 -1 -1 978 53 1093 251 -1 -1 -1 6.52 1.21 11.18 -1 1.000000
323 74 car -1 -1 -1 51 182 453 359 -1 -1 -1 -3.53 1.82 7.28 -1 1.000000
324 71 van -1 -1 -1 525 141 633 223 -1 -1 -1 -1.09 1.61 24.34 -1 1.000000
324 74 car -1 -1 -1 222 195 503 330 -1 -1 -1 -3.16 1.72 8.64 -1 1.000000
324 75 unknown -1 -1 -1 109 189 252 247 -1 -1 -1 -10.67 2.14 17.60 -1 1.000000
325 71 van -1 -1 -1 543 142 643 218 -1 -1 -1 -0.73 1.42 25.95 -1 1.000000
325 74 car -1 -1 -1 316 187 544 305 -1 -1 -1 -2.61 1.68 10.05 -1 1.000000
325 75 unknown -1 -1 -1 60 191 221 255 -1 -1 -1 -10.87 2.01 16.96 -1 1.000000
326 71 van -1 -1 -1 557 142 652 220 -1 -1 -1 -0.27 1.47 27.42 -1 1.000000
326 74 car -1 -1 -1 391 177 574 279 -1 -1 -1 -2.02 1.66 11.41 -1 1.000000
326 75 unknown -1 -1 -1 1 191 198 265 -1 -1 -1 -11.05 2.11 16.03 -1 1.000000
326 76 car -1 -1 -1 368 183 460 221 -1 -1 -1 -8.80 1.90 29.35 -1 1.000000
327 71 van -1 -1 -1 573 143 659 205 -1 -1 -1 0.18 1.27 28.79 -1 1.000000
327 74 car -1 -1 -1 441 175 598 268 -1 -1 -1 -1.55 1.60 12.92 -1 1.000000
327 75 unknown -1 -1 -1 1 193 191 269 -1 -1 -1 -11.40 1.93 15.84 -1 1.000000
327 76 car -1 -1 -1 354 184 439 222 -1 -1 -1 -8.80 1.64 30.00 -1 1.000000
328 71 van -1 -1 -1 586 144 664 204 -1 -1 -1 0.72 1.42 30.27 -1 1.000000
328 74 car -1 -1 -1 481 180 620 258 -1 -1 -1 -1.04 1.59 14.32 -1 1.000000
328 75 unknown -1 -1 -1 1 194 144 265 -1 -1 -1 -11.26 2.09 15.29 -1 1.000000
328 76 car -1 -1 -1 341 184 428 224 -1 -1 -1 -8.49 1.92 28.24 -1 1.000000
329 71 van -1 -1 -1 597 144 671 207 -1 -1 -1 1.18 1.40 31.83 -1 1.000000
329 74 car -1 -1 -1 516 178 639 250 -1 -1 -1 -0.61 1.56 15.81 -1 1.000000
329 75 unknown -1 -1 -1 1 193 116 266 -1 -1 -1 -11.37 2.08 14.97 -1 1.000000
329 76 car -1 -1 -1 324 185 417 226 -1 -1 -1 -8.67 1.92 27.23 -1 1.000000
330 71 van -1 -1 -1 606 147 677 205 -1 -1 -1 1.63 1.14 33.40 -1 1.000000
330 74 car -1 -1 -1 548 178 655 244 -1 -1 -1 -0.18 1.46 17.31 -1 1.000000
330 75 unknown -1 -1 -1 1 197 83 264 -1 -1 -1 -11.64 2.00 14.76 -1 1.000000
330 76 car -1 -1 -1 307 185 406 228 -1 -1 -1 -9.02 1.75 26.45 -1 1.000000
331 74 car -1 -1 -1 571 176 676 239 -1 -1 -1 0.34 1.58 18.62 -1 1.000000
331 75 unknown -1 -1 -1 1 212 49 267 -1 -1 -1 -11.62 2.13 14.45 -1 1.000000
331 76 car -1 -1 -1 289 184 395 229 -1 -1 -1 -8.88 2.05 25.03 -1 1.000000
332 74 car -1 -1 -1 592 175 680 229 -1 -1 -1 0.76 1.57 20.14 -1 1.000000
332 76 car -1 -1 -1 268 177 383 231 -1 -1 -1 -9.05 2.10 24.03 -1 1.000000
333 74 car -1 -1 -1 608 152 688 226 -1 -1 -1 1.27 1.37 21.79 -1 1.000000
333 76 car -1 -1 -1 249 176 374 231 -1 -1 -1 -9.42 1.86 23.35 -1 1.000000
333 77 car -1 -1 -1 431 172 510 210 -1 -1 -1 -8.07 1.64 38.06 -1 1.000000
334 74 car -1 -1 -1 623 152 701 222 -1 -1 -1 1.76 1.31 23.48 -1 1.000000
334 76 car -1 -1 -1 229 182 372 233 -1 -1 -1 -9.59 1.87 22.53 -1 1.000000
334 77 car -1 -1 -1 422 177 483 213 -1 -1 -1 -8.14 1.67 36.64 -1 1.000000
335 74 car -1 -1 -1 637 151 707 220 -1 -1 -1 2.29 1.31 25.26 -1 1.000000
335 76 car -1 -1 -1 208 186 341 235 -1 -1 -1 -9.74 1.97 21.42 -1 1.000000
335 77 car -1 -1 -1 412 180 475 214 -1 -1 -1 -8.17 1.80 35.57 -1 1.000000
336 74 car -1 -1 -1 645 151 711 225 -1 -1 -1 2.78 1.38 26.89 -1 1.000000
336 76 car -1 -1 -1 175 189 322 241 -1 -1 -1 -9.89 2.11 20.36 -1 1.000000
336 77 car -1 -1 -1 403 181 470 215 -1 -1 -1 -8.22 2.00 34.14 -1 1.000000
337 74 car -1 -1 -1 656 152 717 214 -1 -1 -1 3.24 1.29 28.57 -1 1.000000
337 76 car -1 -1 -1 153 190 304 244 -1 -1 -1 -10.20 2.04 19.54 -1 1.000000
337 77 car -1 -1 -1 393 181 463 216 -1 -1 -1 -8.49 1.91 33.34 -1 1.000000
338 74 car -1 -1 -1 664 158 723 210 -1 -1 -1 3.77 1.35 30.75 -1 1.000000
338 76 car -1 -1 -1 117 190 288 250 -1 -1 -1 -10.38 2.09 18.73 -1 1.000000
338 77 car -1 -1 -1 382 182 456 217 -1 -1 -1 -8.54 2.01 32.19 -1 1.000000
338 78 van -1 -1 -1 475 166 537 203 -1 -1 -1 -6.98 1.93 49.05 -1 1.000000
339 76 car -1 -1 -1 83 191 264 253 -1 -1 -1 -10.64 2.08 17.91 -1 1.000000
339 77 car -1 -1 -1 372 183 446 218 -1 -1 -1 -8.66 1.91 31.34 -1 1.000000
339 78 van -1 -1 -1 477 167 533 203 -1 -1 -1 -7.09 1.75 48.03 -1 1.000000
339 79 van -1 -1 -1 658 152 702 194 -1 -1 -1 4.45 1.16 47.22 -1 1.000000
340 76 car -1 -1 -1 46 192 245 259 -1 -1 -1 -11.03 1.96 17.26 -1 1.000000
340 77 car -1 -1 -1 357 182 437 219 -1 -1 -1 -8.86 1.79 30.32 -1 1.000000
340 78 van -1 -1 -1 476 169 549 204 -1 -1 -1 -7.35 1.59 47.95 -1 1.000000
340 79 van -1 -1 -1 664 152 707 193 -1 -1 -1 4.74 1.12 48.95 -1 1.000000
341 76 car -1 -1 -1 3 192 218 262 -1 -1 -1 -11.14 2.01 16.38 -1 1.000000
341 77 car -1 -1 -1 348 183 428 217 -1 -1 -1 -8.86 1.77 29.30 -1 1.000000
341 78 van -1 -1 -1 470 167 529 204 -1 -1 -1 -7.55 1.53 46.83 -1 1.000000
341 79 van -1 -1 -1 667 152 709 195 -1 -1 -1 5.03 0.90 50.81 -1 1.000000
342 76 car -1 -1 -1 1 194 196 265 -1 -1 -1 -11.33 1.96 15.91 -1 1.000000
342 77 car -1 -1 -1 327 183 419 225 -1 -1 -1 -8.89 1.76 28.12 -1 1.000000
342 78 van -1 -1 -1 462 170 530 204 -1 -1 -1 -7.65 1.50 45.47 -1 1.000000
343 76 car -1 -1 -1 1 194 194 271 -1 -1 -1 -11.26 1.95 15.67 -1 1.000000
343 77 car -1 -1 -1 311 184 407 228 -1 -1 -1 -9.01 1.84 26.78 -1 1.000000
343 78 van -1 -1 -1 456 171 527 206 -1 -1 -1 -7.59 1.71 43.43 -1 1.000000
344 76 car -1 -1 -1 1 195 132 263 -1 -1 -1 -11.31 2.00 15.26 -1 1.000000
344 77 car -1 -1 -1 292 181 396 229 -1 -1 -1 -9.20 1.80 25.90 -1 1.000000
344 78 van -1 -1 -1 448 171 524 207 -1 -1 -1 -7.76 1.53 42.32 -1 1.000000
345 76 car -1 -1 -1 1 197 98 269 -1 -1 -1 -11.37 2.12 14.82 -1 1.000000
345 77 car -1 -1 -1 272 176 386 230 -1 -1 -1 -9.17 2.03 24.72 -1 1.000000
345 78 van -1 -1 -1 441 169 499 209 -1 -1 -1 -7.71 1.95 40.42 -1 1.000000
346 76 car -1 -1 -1 1 204 58 266 -1 -1 -1 -11.74 1.94 14.67 -1 1.000000
346 77 car -1 -1 -1 252 174 381 231 -1 -1 -1 -9.50 1.88 23.86 -1 1.000000
346 78 van -1 -1 -1 432 171 499 210 -1 -1 -1 -8.08 1.81 39.30 -1 1.000000
347 76 car -1 -1 -1 0 214 17 256 -1 -1 -1 -12.01 1.94 13.89 -1 1.000000
347 77 car -1 -1 -1 232 179 369 234 -1 -1 -1 -9.69 1.91 22.92 -1 1.000000
347 78 van -1 -1 -1 423 171 486 212 -1 -1 -1 -8.27 1.70 38.49 -1 1.000000
348 77 car -1 -1 -1 208 186 343 238 -1 -1 -1 -9.83 2.05 21.89 -1 1.000000
348 78 van -1 -1 -1 412 171 478 213 -1 -1 -1 -8.16 1.96 36.76 -1 1.000000
349 77 car -1 -1 -1 175 188 325 241 -1 -1 -1 -10.24 1.88 21.18 -1 1.000000
349 78 van -1 -1 -1 403 170 473 214 -1 -1 -1 -8.60 1.77 35.78 -1 1.000000
350 77 car -1 -1 -1 152 191 314 246 -1 -1 -1 -10.32 2.02 20.14 -1 1.000000
350 78 van -1 -1 -1 391 170 464 216 -1 -1 -1 -8.68 1.87 34.83 -1 1.000000
350 80 van -1 -1 -1 483 165 543 202 -1 -1 -1 -6.16 1.69 49.43 -1 1.000000
351 77 car -1 -1 -1 119 189 292 251 -1 -1 -1 -10.54 2.02 19.32 -1 1.000000
351 78 van -1 -1 -1 380 170 462 217 -1 -1 -1 -8.92 1.86 33.64 -1 1.000000
351 80 van -1 -1 -1 490 165 540 202 -1 -1 -1 -6.33 1.64 48.40 -1 1.000000
352 77 car -1 -1 -1 85 194 271 254 -1 -1 -1 -10.68 2.07 18.29 -1 1.000000
352 78 van -1 -1 -1 371 170 447 217 -1 -1 -1 -8.92 1.93 32.29 -1 1.000000
352 80 van -1 -1 -1 490 165 539 202 -1 -1 -1 -6.32 1.72 47.32 -1 1.000000
353 77 car -1 -1 -1 48 189 247 259 -1 -1 -1 -11.06 1.95 17.54 -1 1.000000
353 78 van -1 -1 -1 357 170 438 218 -1 -1 -1 -9.04 1.88 31.40 -1 1.000000
353 80 van -1 -1 -1 485 166 536 203 -1 -1 -1 -6.46 1.78 46.57 -1 1.000000
354 77 car -1 -1 -1 31 191 224 259 -1 -1 -1 -11.04 2.14 16.64 -1 1.000000
354 78 van -1 -1 -1 338 169 430 223 -1 -1 -1 -9.12 2.03 29.96 -1 1.000000
354 80 van -1 -1 -1 477 165 543 204 -1 -1 -1 -6.58 1.87 45.49 -1 1.000000
355 77 car -1 -1 -1 1 193 198 269 -1 -1 -1 -11.31 2.00 16.15 -1 1.000000
355 78 van -1 -1 -1 322 169 418 225 -1 -1 -1 -9.47 1.75 29.20 -1 1.000000
355 80 van -1 -1 -1 473 165 546 204 -1 -1 -1 -7.13 1.47 45.05 -1 1.000000
356 77 car -1 -1 -1 1 194 161 264 -1 -1 -1 -11.34 2.07 15.61 -1 1.000000
356 78 van -1 -1 -1 297 167 407 228 -1 -1 -1 -9.50 1.93 27.92 -1 1.000000
356 80 van -1 -1 -1 466 165 538 205 -1 -1 -1 -7.09 1.73 43.57 -1 1.000000
357 77 car -1 -1 -1 1 199 109 265 -1 -1 -1 -11.48 1.99 15.31 -1 1.000000
357 78 van -1 -1 -1 284 167 394 230 -1 -1 -1 -9.79 1.91 26.67 -1 1.000000
357 80 van -1 -1 -1 458 165 533 207 -1 -1 -1 -7.17 1.76 42.45 -1 1.000000
358 77 car -1 -1 -1 1 196 76 265 -1 -1 -1 -11.58 2.04 14.79 -1 1.000000
358 78 van -1 -1 -1 262 168 382 230 -1 -1 -1 -9.94 1.87 25.57 -1 1.000000
358 80 van -1 -1 -1 451 165 520 208 -1 -1 -1 -7.41 1.61 41.52 -1 1.000000
359 77 car -1 -1 -1 0 202 34 256 -1 -1 -1 -11.77 2.05 13.90 -1 1.000000
359 78 van -1 -1 -1 244 167 374 233 -1 -1 -1 -10.12 1.91 24.43 -1 1.000000
359 80 van -1 -1 -1 442 164 506 209 -1 -1 -1 -7.61 1.65 40.10 -1 1.000000
360 78 van -1 -1 -1 220 168 371 235 -1 -1 -1 -10.28 2.04 23.33 -1 1.000000
360 80 van -1 -1 -1 433 165 500 210 -1 -1 -1 -7.50 1.88 38.57 -1 1.000000
361 78 van -1 -1 -1 199 168 337 235 -1 -1 -1 -10.40 2.12 22.37 -1 1.000000
361 80 van -1 -1 -1 422 165 499 213 -1 -1 -1 -7.59 2.01 37.14 -1 1.000000
362 78 van -1 -1 -1 180 170 316 237 -1 -1 -1 -10.77 1.91 21.71 -1 1.000000
362 80 van -1 -1 -1 414 165 489 214 -1 -1 -1 -7.95 1.83 36.21 -1 1.000000
363 78 van -1 -1 -1 153 169 295 238 -1 -1 -1 -10.80 2.09 20.39 -1 1.000000
363 80 van -1 -1 -1 401 165 480 216 -1 -1 -1 -8.00 1.87 35.07 -1 1.000000
364 78 van -1 -1 -1 127 173 276 224 -1 -1 -1 -10.80 2.09 19.69 -1 1.000000
365 78 van -1 -1 -1 91 171 251 230 -1 -1 -1 -10.98 2.09 18.60 -1 1.000000
368 81 van -1 -1 -1 227 157 550 320 -1 -1 -1 -2.41 1.73 8.21 -1 1.000000
369 81 van -1 -1 -1 340 158 584 302 -1 -1 -1 -1.95 1.73 9.77 -1 1.000000
370 81 van -1 -1 -1 403 163 611 291 -1 -1 -1 -1.48 1.74 11.24 -1 1.000000
370 82 van -1 -1 -1 283 168 413 240 -1 -1 -1 -9.21 2.18 25.62 -1 1.000000
371 81 van -1 -1 -1 452 165 634 276 -1 -1 -1 -1.05 1.75 12.59 -1 1.000000
371 82 van -1 -1 -1 269 169 398 241 -1 -1 -1 -9.17 2.24 24.96 -1 1.000000
372 81 van -1 -1 -1 503 165 650 267 -1 -1 -1 -0.65 1.74 13.97 -1 1.000000
372 82 van -1 -1 -1 242 167 383 244 -1 -1 -1 -9.46 2.17 23.95 -1 1.000000
372 83 car -1 -1 -1 472 180 506 247 -1 -1 -1 -3.11 1.87 18.30 -1 1.000000
373 81 van -1 -1 -1 533 164 665 259 -1 -1 -1 -0.24 1.75 15.35 -1 1.000000
373 82 van -1 -1 -1 216 169 364 245 -1 -1 -1 -9.61 2.29 22.66 -1 1.000000
373 83 car -1 -1 -1 497 186 537 245 -1 -1 -1 -2.70 1.88 18.87 -1 1.000000
374 81 van -1 -1 -1 562 168 637 247 -1 -1 -1 -0.30 1.71 16.50 -1 1.000000
374 82 van -1 -1 -1 183 165 358 253 -1 -1 -1 -9.99 2.16 21.56 -1 1.000000
374 83 car -1 -1 -1 517 187 564 241 -1 -1 -1 -2.34 1.75 19.88 -1 1.000000
375 81 van -1 -1 -1 581 165 692 247 -1 -1 -1 0.69 1.76 17.93 -1 1.000000
375 82 van -1 -1 -1 148 156 343 249 -1 -1 -1 -10.05 2.29 20.30 -1 1.000000
375 83 car -1 -1 -1 538 182 589 236 -1 -1 -1 -1.64 1.87 21.41 -1 1.000000
376 81 van -1 -1 -1 602 165 702 244 -1 -1 -1 1.13 1.75 19.22 -1 1.000000
376 82 van -1 -1 -1 102 167 306 260 -1 -1 -1 -10.25 2.32 19.01 -1 1.000000
376 83 car -1 -1 -1 549 180 606 229 -1 -1 -1 -1.05 1.88 22.75 -1 1.000000
377 81 van -1 -1 -1 614 166 708 247 -1 -1 -1 1.48 1.67 20.50 -1 1.000000
377 82 van -1 -1 -1 57 164 278 265 -1 -1 -1 -10.62 2.16 17.90 -1 1.000000
377 83 car -1 -1 -1 567 182 623 229 -1 -1 -1 -0.56 1.76 24.16 -1 1.000000
378 81 van -1 -1 -1 631 167 715 239 -1 -1 -1 1.87 1.62 21.80 -1 1.000000
378 82 van -1 -1 -1 1 160 260 265 -1 -1 -1 -10.81 2.12 16.68 -1 1.000000
378 83 car -1 -1 -1 578 181 636 227 -1 -1 -1 -0.20 1.70 25.59 -1 1.000000
379 81 van -1 -1 -1 634 168 719 239 -1 -1 -1 2.24 1.72 23.00 -1 1.000000
379 82 van -1 -1 -1 1 162 214 279 -1 -1 -1 -10.88 2.16 15.64 -1 1.000000
379 83 car -1 -1 -1 586 179 643 225 -1 -1 -1 0.21 1.81 26.77 -1 1.000000
380 81 van -1 -1 -1 646 169 722 235 -1 -1 -1 2.53 1.74 24.20 -1 1.000000
380 82 van -1 -1 -1 1 159 176 282 -1 -1 -1 -10.89 2.20 15.13 -1 1.000000
380 83 car -1 -1 -1 594 167 650 225 -1 -1 -1 0.46 1.87 28.06 -1 1.000000
381 81 van -1 -1 -1 651 170 723 232 -1 -1 -1 2.83 1.90 25.32 -1 1.000000
381 82 van -1 -1 -1 1 160 112 274 -1 -1 -1 -11.10 2.18 14.49 -1 1.000000
381 83 car -1 -1 -1 594 172 655 223 -1 -1 -1 0.70 2.03 29.33 -1 1.000000
382 81 van -1 -1 -1 658 171 724 230 -1 -1 -1 3.07 2.00 26.32 -1 1.000000
382 82 van -1 -1 -1 1 157 71 271 -1 -1 -1 -11.33 2.12 14.11 -1 1.000000
382 83 car -1 -1 -1 604 184 662 223 -1 -1 -1 0.95 2.12 30.56 -1 1.000000
383 81 van -1 -1 -1 659 173 724 229 -1 -1 -1 3.21 1.89 27.51 -1 1.000000
383 82 van -1 -1 -1 0 186 13 265 -1 -1 -1 -11.58 2.09 12.84 -1 1.000000
383 83 car -1 -1 -1 608 184 663 222 -1 -1 -1 0.98 2.07 31.91 -1 1.000000
384 83 car -1 -1 -1 609 185 660 220 -1 -1 -1 1.03 1.97 33.12 -1 1.000000
385 83 car -1 -1 -1 611 185 667 220 -1 -1 -1 1.13 1.94 34.31 -1 1.000000
385 84 van -1 -1 -1 665 173 723 226 -1 -1 -1 3.64 1.81 29.77 -1 1.000000
386 83 car -1 -1 -1 609 178 662 217 -1 -1 -1 1.12 1.83 35.51 -1 1.000000
386 84 van -1 -1 -1 668 172 719 223 -1 -1 -1 3.69 1.72 30.56 -1 1.000000
386 85 advertising -1 -1 -1 807 182 839 241 -1 -1 -1 5.07 1.56 17.21 -1 1.000000
387 83 car -1 -1 -1 607 176 656 215 -1 -1 -1 1.19 1.94 36.46 -1 1.000000
387 84 van -1 -1 -1 664 171 717 220 -1 -1 -1 3.83 1.78 31.76 -1 1.000000
387 85 advertising -1 -1 -1 806 182 839 242 -1 -1 -1 4.95 1.57 16.70 -1 1.000000
388 83 car -1 -1 -1 608 160 652 215 -1 -1 -1 1.01 1.87 37.55 -1 1.000000
388 85 advertising -1 -1 -1 806 179 840 245 -1 -1 -1 4.78 1.55 16.16 -1 1.000000
389 83 car -1 -1 -1 606 178 648 214 -1 -1 -1 0.91 1.88 38.58 -1 1.000000
389 85 advertising -1 -1 -1 805 182 840 246 -1 -1 -1 4.64 1.57 15.64 -1 1.000000
390 85 advertising -1 -1 -1 807 183 844 248 -1 -1 -1 4.49 1.58 15.08 -1 1.000000
391 85 advertising -1 -1 -1 808 179 846 258 -1 -1 -1 4.31 1.59 14.46 -1 1.000000
392 85 advertising -1 -1 -1 808 180 852 259 -1 -1 -1 4.20 1.59 13.78 -1 1.000000
393 85 advertising -1 -1 -1 813 177 852 259 -1 -1 -1 4.09 1.56 13.20 -1 1.000000
394 85 advertising -1 -1 -1 811 177 858 259 -1 -1 -1 3.97 1.56 12.59 -1 1.000000
395 85 advertising -1 -1 -1 823 185 867 261 -1 -1 -1 3.87 1.56 11.94 -1 1.000000
396 85 advertising -1 -1 -1 829 179 876 271 -1 -1 -1 3.79 1.59 11.25 -1 1.000000
397 85 advertising -1 -1 -1 837 176 892 281 -1 -1 -1 3.70 1.57 10.51 -1 1.000000
398 85 advertising -1 -1 -1 850 188 906 287 -1 -1 -1 3.63 1.56 9.76 -1 1.000000
399 85 advertising -1 -1 -1 866 191 925 303 -1 -1 -1 3.55 1.55 8.99 -1 1.000000
400 85 advertising -1 -1 -1 883 191 950 294 -1 -1 -1 3.47 1.54 8.22 -1 1.000000
400 86 traffic light -1 -1 -1 702 147 727 197 -1 -1 -1 4.45 2.01 28.63 -1 1.000000
401 85 advertising -1 -1 -1 908 191 983 285 -1 -1 -1 3.43 1.57 7.41 -1 1.000000
401 86 traffic light -1 -1 -1 706 145 725 199 -1 -1 -1 4.13 1.89 27.60 -1 1.000000
402 85 advertising -1 -1 -1 938 199 1020 299 -1 -1 -1 3.33 1.55 6.60 -1 1.000000
402 86 traffic light -1 -1 -1 707 144 726 196 -1 -1 -1 4.11 2.07 26.75 -1 1.000000
403 86 traffic light -1 -1 -1 706 144 724 194 -1 -1 -1 3.81 1.87 25.73 -1 1.000000
404 86 traffic light -1 -1 -1 704 138 722 189 -1 -1 -1 3.75 2.04 24.80 -1 1.000000
405 86 traffic light -1 -1 -1 704 134 722 190 -1 -1 -1 3.57 2.08 23.93 -1 1.000000
406 86 traffic light -1 -1 -1 707 127 726 189 -1 -1 -1 3.38 2.08 22.84 -1 1.000000
407 86 traffic light -1 -1 -1 705 123 730 184 -1 -1 -1 3.21 2.02 21.82 -1 1.000000
408 86 traffic light -1 -1 -1 702 120 731 187 -1 -1 -1 3.07 1.95 20.83 -1 1.000000
409 86 traffic light -1 -1 -1 703 122 729 186 -1 -1 -1 2.98 1.92 19.88 -1 1.000000
410 86 traffic light -1 -1 -1 706 130 735 193 -1 -1 -1 3.03 2.09 18.94 -1 1.000000
411 86 traffic light -1 -1 -1 711 133 738 200 -1 -1 -1 2.88 2.07 17.87 -1 1.000000
412 86 traffic light -1 -1 -1 717 129 741 198 -1 -1 -1 2.78 2.00 16.70 -1 1.000000
413 86 traffic light -1 -1 -1 725 121 749 188 -1 -1 -1 2.82 2.01 15.63 -1 1.000000
414 86 traffic light -1 -1 -1 734 106 758 178 -1 -1 -1 2.75 1.89 14.53 -1 1.000000
414 87 car -1 -1 -1 1066 179 1140 211 -1 -1 -1 30.35 2.53 45.04 -1 1.000000
415 86 traffic light -1 -1 -1 744 88 767 155 -1 -1 -1 2.72 1.80 13.36 -1 1.000000
415 87 car -1 -1 -1 1082 178 1147 207 -1 -1 -1 30.13 2.30 43.70 -1 1.000000
416 86 traffic light -1 -1 -1 753 81 782 148 -1 -1 -1 2.67 1.77 12.28 -1 1.000000
416 87 car -1 -1 -1 1093 177 1159 207 -1 -1 -1 30.00 2.12 42.72 -1 1.000000
417 86 traffic light -1 -1 -1 767 76 794 145 -1 -1 -1 2.66 1.81 11.21 -1 1.000000
417 87 car -1 -1 -1 1106 178 1181 207 -1 -1 -1 30.71 2.37 42.43 -1 1.000000
418 86 traffic light -1 -1 -1 784 76 814 140 -1 -1 -1 2.63 1.76 10.03 -1 1.000000
418 87 car -1 -1 -1 1117 179 1177 210 -1 -1 -1 30.32 2.11 41.16 -1 1.000000
419 86 traffic light -1 -1 -1 804 66 839 138 -1 -1 -1 2.62 1.74 8.92 -1 1.000000
419 87 car -1 -1 -1 1133 178 1191 209 -1 -1 -1 30.34 2.06 39.80 -1 1.000000
420 86 traffic light -1 -1 -1 832 50 874 128 -1 -1 -1 2.65 1.76 7.77 -1 1.000000
420 87 car -1 -1 -1 1150 177 1210 208 -1 -1 -1 30.63 2.09 38.44 -1 1.000000
421 86 traffic light -1 -1 -1 870 20 923 115 -1 -1 -1 2.60 1.70 6.61 -1 1.000000
421 87 car -1 -1 -1 1169 174 1233 210 -1 -1 -1 30.49 1.95 36.91 -1 1.000000
422 86 traffic light -1 -1 -1 924 1 992 111 -1 -1 -1 2.59 1.66 5.47 -1 1.000000
422 87 car -1 -1 -1 1192 171 1242 210 -1 -1 -1 30.39 1.85 35.39 -1 1.000000
423 86 traffic light -1 -1 -1 1009 1 1107 86 -1 -1 -1 2.62 1.68 4.34 -1 1.000000
423 88 train -1 -1 -1 315 129 415 219 -1 -1 -1 -12.18 1.71 40.88 -1 1.000000
424 88 train -1 -1 -1 309 131 408 217 -1 -1 -1 -11.91 2.00 39.72 -1 1.000000
424 89 unknown -1 -1 -1 1157 0 1242 33 -1 -1 -1 2.60 1.68 3.14 -1 1.000000
424 90 car -1 -1 -1 884 164 963 195 -1 -1 -1 20.99 1.99 48.03 -1 1.000000
425 88 train -1 -1 -1 305 142 404 226 -1 -1 -1 -11.83 2.05 38.73 -1 1.000000
425 90 car -1 -1 -1 893 150 973 196 -1 -1 -1 21.64 2.19 47.79 -1 1.000000
426 88 train -1 -1 -1 272 128 400 219 -1 -1 -1 -11.99 1.95 37.94 -1 1.000000
426 90 car -1 -1 -1 907 143 987 196 -1 -1 -1 21.87 2.23 46.72 -1 1.000000
426 91 car -1 -1 -1 1009 169 1080 210 -1 -1 -1 22.20 2.15 38.23 -1 1.000000
427 88 train -1 -1 -1 307 118 392 223 -1 -1 -1 -11.92 1.87 36.79 -1 1.000000
427 90 car -1 -1 -1 918 164 999 196 -1 -1 -1 21.86 2.07 45.11 -1 1.000000
427 91 car -1 -1 -1 1025 172 1094 205 -1 -1 -1 22.58 2.01 37.07 -1 1.000000
428 88 train -1 -1 -1 309 138 387 214 -1 -1 -1 -12.06 1.74 36.01 -1 1.000000
428 90 car -1 -1 -1 928 166 1012 197 -1 -1 -1 21.81 2.08 43.78 -1 1.000000
428 91 car -1 -1 -1 1042 166 1109 207 -1 -1 -1 23.03 2.06 35.80 -1 1.000000
428 92 unknown -1 -1 -1 830 167 899 193 -1 -1 -1 17.43 2.07 49.14 -1 1.000000
429 88 train -1 -1 -1 286 118 384 215 -1 -1 -1 -12.25 1.87 35.03 -1 1.000000
429 90 car -1 -1 -1 938 166 1023 198 -1 -1 -1 21.92 2.11 42.61 -1 1.000000
429 91 car -1 -1 -1 1058 168 1120 208 -1 -1 -1 23.03 2.05 34.66 -1 1.000000
429 92 unknown -1 -1 -1 837 168 902 192 -1 -1 -1 17.38 2.13 48.05 -1 1.000000
430 88 train -1 -1 -1 270 134 375 246 -1 -1 -1 -12.25 1.95 33.77 -1 1.000000
430 90 car -1 -1 -1 951 158 1035 198 -1 -1 -1 22.00 2.14 41.00 -1 1.000000
430 91 car -1 -1 -1 1077 167 1138 209 -1 -1 -1 23.30 2.06 33.92 -1 1.000000
430 92 unknown -1 -1 -1 845 167 916 192 -1 -1 -1 17.43 2.19 47.46 -1 1.000000
431 88 train -1 -1 -1 276 131 369 223 -1 -1 -1 -12.57 1.89 32.84 -1 1.000000
431 90 car -1 -1 -1 963 163 1045 198 -1 -1 -1 21.78 1.90 39.79 -1 1.000000
431 91 car -1 -1 -1 1098 165 1161 209 -1 -1 -1 23.81 1.85 33.37 -1 1.000000
431 92 unknown -1 -1 -1 853 165 925 192 -1 -1 -1 17.51 1.96 46.54 -1 1.000000
432 88 train -1 -1 -1 293 130 360 213 -1 -1 -1 -12.69 1.83 31.94 -1 1.000000
432 90 car -1 -1 -1 978 158 1068 194 -1 -1 -1 21.97 1.67 38.58 -1 1.000000
432 91 car -1 -1 -1 1119 159 1187 204 -1 -1 -1 24.29 1.62 32.43 -1 1.000000
432 92 unknown -1 -1 -1 863 162 937 189 -1 -1 -1 17.76 1.71 44.54 -1 1.000000
432 93 traffic light -1 -1 -1 826 69 854 148 -1 -1 -1 3.60 1.66 11.31 -1 1.000000
433 88 train -1 -1 -1 282 128 353 213 -1 -1 -1 -12.52 1.85 30.86 -1 1.000000
433 90 car -1 -1 -1 995 153 1101 192 -1 -1 -1 22.35 1.54 37.59 -1 1.000000
433 91 car -1 -1 -1 1147 154 1213 199 -1 -1 -1 24.91 1.49 31.42 -1 1.000000
433 92 unknown -1 -1 -1 874 143 957 184 -1 -1 -1 18.07 1.60 43.31 -1 1.000000
433 93 traffic light -1 -1 -1 857 56 883 141 -1 -1 -1 3.66 1.63 10.10 -1 1.000000
434 88 train -1 -1 -1 273 132 348 213 -1 -1 -1 -12.51 1.92 29.75 -1 1.000000
434 90 car -1 -1 -1 1013 154 1129 193 -1 -1 -1 22.62 1.56 36.27 -1 1.000000
434 91 car -1 -1 -1 1176 154 1240 205 -1 -1 -1 25.33 1.49 30.63 -1 1.000000
434 92 unknown -1 -1 -1 890 152 984 188 -1 -1 -1 18.26 1.63 41.82 -1 1.000000
434 93 traffic light -1 -1 -1 892 65 922 136 -1 -1 -1 3.68 1.63 8.94 -1 1.000000
434 94 car -1 -1 -1 791 157 851 182 -1 -1 -1 14.69 1.71 49.76 -1 1.000000
435 88 train -1 -1 -1 261 136 343 222 -1 -1 -1 -12.24 2.05 28.28 -1 1.000000
435 90 car -1 -1 -1 1029 152 1143 193 -1 -1 -1 22.69 1.42 35.12 -1 1.000000
435 91 car -1 -1 -1 1205 148 1240 203 -1 -1 -1 25.29 1.33 29.60 -1 1.000000
435 92 unknown -1 -1 -1 901 149 996 189 -1 -1 -1 18.33 1.61 40.42 -1 1.000000
435 93 traffic light -1 -1 -1 937 56 969 131 -1 -1 -1 3.69 1.61 7.76 -1 1.000000
435 94 car -1 -1 -1 803 158 863 182 -1 -1 -1 15.14 1.66 48.65 -1 1.000000
436 88 train -1 -1 -1 249 132 332 221 -1 -1 -1 -11.99 1.99 27.31 -1 1.000000
436 90 car -1 -1 -1 1053 151 1162 192 -1 -1 -1 23.11 1.48 34.09 -1 1.000000
436 91 car -1 -1 -1 1236 160 1242 203 -1 -1 -1 25.63 1.35 28.39 -1 1.000000
436 93 traffic light -1 -1 -1 997 32 1042 126 -1 -1 -1 3.73 1.61 6.60 -1 1.000000
436 94 car -1 -1 -1 813 157 875 182 -1 -1 -1 15.49 1.69 47.65 -1 1.000000
437 88 train -1 -1 -1 238 130 322 221 -1 -1 -1 -11.81 1.98 26.10 -1 1.000000
437 90 car -1 -1 -1 1074 148 1177 192 -1 -1 -1 23.18 1.32 32.84 -1 1.000000
437 93 traffic light -1 -1 -1 1082 3 1145 112 -1 -1 -1 3.74 1.58 5.44 -1 1.000000
437 94 car -1 -1 -1 821 155 884 182 -1 -1 -1 15.33 1.54 46.45 -1 1.000000
