1 0 tracking error -1 -1 -1 498 139 548 333 -1 -1 -1 -0.75 1.46 6.92 -1 1.000000
1 1 unknown -1 -1 -1 273 163 414 299 -1 -1 -1 -3.42 1.36 8.82 -1 1.000000
2 0 tracking error -1 -1 -1 504 144 565 331 -1 -1 -1 -0.67 1.46 6.87 -1 1.000000
2 1 unknown -1 -1 -1 276 180 408 299 -1 -1 -1 -3.40 1.36 8.81 -1 1.000000
3 0 tracking error -1 -1 -1 515 141 570 337 -1 -1 -1 -0.59 1.46 6.81 -1 1.000000
3 1 unknown -1 -1 -1 276 178 406 299 -1 -1 -1 -3.40 1.36 8.81 -1 1.000000
4 0 tracking error -1 -1 -1 525 145 585 326 -1 -1 -1 -0.47 1.46 6.73 -1 1.000000
4 1 unknown -1 -1 -1 310 183 410 288 -1 -1 -1 -2.96 1.35 8.86 -1 1.000000
4 2 tracking error -1 -1 -1 236 210 321 366 -1 -1 -1 -3.64 1.40 8.18 -1 1.000000
5 0 tracking error -1 -1 -1 530 146 601 324 -1 -1 -1 -0.35 1.47 6.64 -1 1.000000
5 1 unknown -1 -1 -1 310 183 410 288 -1 -1 -1 -2.97 1.35 8.87 -1 1.000000
5 2 tracking error -1 -1 -1 235 210 320 366 -1 -1 -1 -3.65 1.40 8.19 -1 1.000000
6 0 tracking error -1 -1 -1 554 146 610 334 -1 -1 -1 -0.19 1.47 6.55 -1 1.000000
6 1 unknown -1 -1 -1 310 183 410 288 -1 -1 -1 -2.98 1.35 8.90 -1 1.000000
6 2 tracking error -1 -1 -1 235 210 321 366 -1 -1 -1 -3.64 1.40 8.18 -1 1.000000
6 3 unknown -1 -1 -1 974 124 1035 134 -1 -1 -1 13.91 0.28 23.89 -1 1.000000
7 0 tracking error -1 -1 -1 568 145 615 294 -1 -1 -1 -0.09 1.48 6.47 -1 1.000000
7 1 unknown -1 -1 -1 275 180 407 299 -1 -1 -1 -3.39 1.36 8.81 -1 1.000000
7 3 unknown -1 -1 -1 973 124 1035 134 -1 -1 -1 14.04 0.26 24.15 -1 1.000000
7 4 umbrella -1 -1 -1 338 97 365 172 -1 -1 -1 -12.38 -0.17 34.61 -1 1.000000
7 5 unknown -1 -1 -1 357 165 481 276 -1 -1 -1 -2.38 1.29 9.84 -1 1.000000
8 0 tracking error -1 -1 -1 573 141 632 332 -1 -1 -1 -0.01 1.48 6.44 -1 1.000000
8 1 unknown -1 -1 -1 277 174 408 298 -1 -1 -1 -3.38 1.36 8.82 -1 1.000000
8 3 unknown -1 -1 -1 973 124 1035 134 -1 -1 -1 14.00 0.26 24.12 -1 1.000000
8 4 umbrella -1 -1 -1 338 97 365 166 -1 -1 -1 -12.37 -0.17 34.61 -1 1.000000
8 5 unknown -1 -1 -1 360 166 480 274 -1 -1 -1 -2.34 1.27 10.04 -1 1.000000
9 0 tracking error -1 -1 -1 567 145 660 369 -1 -1 -1 0.09 1.48 6.39 -1 1.000000
9 1 unknown -1 -1 -1 275 167 409 300 -1 -1 -1 -3.40 1.35 8.82 -1 1.000000
9 3 unknown -1 -1 -1 972 124 1036 134 -1 -1 -1 14.08 0.27 24.15 -1 1.000000
9 4 umbrella -1 -1 -1 338 97 363 166 -1 -1 -1 -12.35 -0.19 34.52 -1 1.000000
9 5 unknown -1 -1 -1 357 165 480 274 -1 -1 -1 -2.34 1.25 10.19 -1 1.000000
10 0 tracking error -1 -1 -1 579 149 677 369 -1 -1 -1 0.18 1.49 6.26 -1 1.000000
10 1 unknown -1 -1 -1 281 176 408 300 -1 -1 -1 -3.36 1.35 8.80 -1 1.000000
10 3 unknown -1 -1 -1 971 124 1034 134 -1 -1 -1 13.83 0.29 23.79 -1 1.000000
10 4 umbrella -1 -1 -1 339 99 361 181 -1 -1 -1 -12.20 -0.18 34.21 -1 1.000000
10 5 unknown -1 -1 -1 356 166 480 274 -1 -1 -1 -2.36 1.24 10.30 -1 1.000000
11 0 tracking error -1 -1 -1 589 157 685 369 -1 -1 -1 0.25 1.50 6.13 -1 1.000000
11 1 unknown -1 -1 -1 308 183 410 288 -1 -1 -1 -2.98 1.36 8.87 -1 1.000000
11 3 unknown -1 -1 -1 969 124 1033 134 -1 -1 -1 13.74 0.27 23.78 -1 1.000000
11 4 umbrella -1 -1 -1 338 97 361 165 -1 -1 -1 -12.36 -0.13 34.59 -1 1.000000
11 5 unknown -1 -1 -1 392 178 481 261 -1 -1 -1 -2.26 1.25 10.55 -1 1.000000
12 0 tracking error -1 -1 -1 612 149 690 369 -1 -1 -1 0.41 1.49 6.08 -1 1.000000
12 1 unknown -1 -1 -1 307 182 410 288 -1 -1 -1 -2.98 1.35 8.86 -1 1.000000
12 3 unknown -1 -1 -1 971 124 1034 134 -1 -1 -1 13.88 0.28 23.88 -1 1.000000
12 5 unknown -1 -1 -1 391 178 481 261 -1 -1 -1 -2.29 1.23 10.58 -1 1.000000
13 0 tracking error -1 -1 -1 611 152 693 369 -1 -1 -1 0.51 1.50 6.03 -1 1.000000
13 1 unknown -1 -1 -1 310 183 410 289 -1 -1 -1 -2.93 1.35 8.82 -1 1.000000
13 3 unknown -1 -1 -1 973 124 1035 134 -1 -1 -1 13.86 0.28 23.74 -1 1.000000
13 5 unknown -1 -1 -1 391 178 481 261 -1 -1 -1 -2.31 1.23 10.58 -1 1.000000
13 6 unknown -1 -1 -1 914 123 977 135 -1 -1 -1 11.91 0.29 23.90 -1 1.000000
13 7 unknown -1 -1 -1 275 147 326 223 -1 -1 -1 -3.10 1.44 7.38 -1 1.000000
14 0 tracking error -1 -1 -1 599 148 715 369 -1 -1 -1 0.35 1.52 5.69 -1 1.000000
14 1 unknown -1 -1 -1 319 184 410 291 -1 -1 -1 -2.86 1.35 8.74 -1 1.000000
14 3 unknown -1 -1 -1 972 124 1034 134 -1 -1 -1 13.94 0.26 23.87 -1 1.000000
14 5 unknown -1 -1 -1 391 179 481 261 -1 -1 -1 -2.29 1.23 10.57 -1 1.000000
14 6 unknown -1 -1 -1 913 123 975 135 -1 -1 -1 11.84 0.28 23.74 -1 1.000000
15 1 unknown -1 -1 -1 341 188 407 292 -1 -1 -1 -2.80 1.35 8.70 -1 1.000000
15 3 unknown -1 -1 -1 973 124 1035 135 -1 -1 -1 13.99 0.25 24.00 -1 1.000000
15 5 unknown -1 -1 -1 390 178 481 261 -1 -1 -1 -2.27 1.23 10.52 -1 1.000000
15 6 unknown -1 -1 -1 913 122 977 135 -1 -1 -1 11.88 0.29 23.67 -1 1.000000
15 7 unknown -1 -1 -1 286 147 349 222 -1 -1 -1 -2.83 1.44 7.27 -1 1.000000
15 8 person -1 -1 -1 505 140 529 205 -1 -1 -1 -2.53 0.62 20.13 -1 1.000000
15 9 unknown -1 -1 -1 609 155 730 368 -1 -1 -1 0.65 1.51 5.81 -1 1.000000
16 1 unknown -1 -1 -1 358 207 407 293 -1 -1 -1 -2.74 1.35 8.68 -1 1.000000
16 3 unknown -1 -1 -1 973 124 1035 135 -1 -1 -1 14.02 0.23 24.06 -1 1.000000
16 5 unknown -1 -1 -1 391 179 481 261 -1 -1 -1 -2.28 1.23 10.49 -1 1.000000
16 6 unknown -1 -1 -1 912 122 976 135 -1 -1 -1 11.90 0.27 23.67 -1 1.000000
16 7 unknown -1 -1 -1 313 156 359 220 -1 -1 -1 -2.68 1.44 7.24 -1 1.000000
16 8 person -1 -1 -1 510 140 533 207 -1 -1 -1 -2.44 0.62 20.02 -1 1.000000
16 9 unknown -1 -1 -1 632 149 748 368 -1 -1 -1 0.74 1.52 5.73 -1 1.000000
17 3 unknown -1 -1 -1 972 124 1034 134 -1 -1 -1 13.96 0.24 23.96 -1 1.000000
17 5 unknown -1 -1 -1 362 188 481 281 -1 -1 -1 -2.40 1.28 9.75 -1 1.000000
17 6 unknown -1 -1 -1 913 122 977 135 -1 -1 -1 11.86 0.27 23.69 -1 1.000000
17 7 unknown -1 -1 -1 311 169 369 228 -1 -1 -1 -2.56 1.45 7.16 -1 1.000000
17 8 person -1 -1 -1 511 141 534 208 -1 -1 -1 -2.37 0.63 19.85 -1 1.000000
17 9 unknown -1 -1 -1 597 156 816 369 -1 -1 -1 0.79 1.52 5.62 -1 1.000000
18 3 unknown -1 -1 -1 972 124 1034 134 -1 -1 -1 14.06 0.23 24.30 -1 1.000000
18 5 unknown -1 -1 -1 379 198 482 277 -1 -1 -1 -2.36 1.26 9.89 -1 1.000000
18 7 unknown -1 -1 -1 337 173 383 231 -1 -1 -1 -2.42 1.45 7.14 -1 1.000000
18 8 person -1 -1 -1 512 141 533 209 -1 -1 -1 -2.29 0.65 19.67 -1 1.000000
18 9 unknown -1 -1 -1 626 156 763 369 -1 -1 -1 0.72 1.55 5.31 -1 1.000000
19 3 unknown -1 -1 -1 973 124 1034 134 -1 -1 -1 14.08 0.24 24.21 -1 1.000000
19 5 unknown -1 -1 -1 393 177 481 282 -1 -1 -1 -2.32 1.23 10.19 -1 1.000000
19 7 unknown -1 -1 -1 352 173 399 232 -1 -1 -1 -2.27 1.45 7.12 -1 1.000000
19 8 person -1 -1 -1 512 140 535 208 -1 -1 -1 -2.24 0.66 19.50 -1 1.000000
19 9 unknown -1 -1 -1 662 153 775 369 -1 -1 -1 0.80 1.55 5.17 -1 1.000000
20 3 unknown -1 -1 -1 972 124 1034 134 -1 -1 -1 13.99 0.25 24.14 -1 1.000000
20 5 unknown -1 -1 -1 412 180 481 287 -1 -1 -1 -2.30 1.24 10.26 -1 1.000000
20 8 person -1 -1 -1 512 141 537 209 -1 -1 -1 -2.15 0.68 19.22 -1 1.000000
20 9 unknown -1 -1 -1 677 144 800 369 -1 -1 -1 0.92 1.55 5.11 -1 1.000000
21 3 unknown -1 -1 -1 971 124 1034 134 -1 -1 -1 14.05 0.26 24.11 -1 1.000000
21 5 unknown -1 -1 -1 425 183 481 279 -1 -1 -1 -2.22 1.23 10.36 -1 1.000000
21 8 person -1 -1 -1 516 145 539 209 -1 -1 -1 -2.07 0.69 18.98 -1 1.000000
21 9 unknown -1 -1 -1 684 156 823 369 -1 -1 -1 0.96 1.56 5.00 -1 1.000000
22 3 unknown -1 -1 -1 972 124 1033 134 -1 -1 -1 14.03 0.24 24.24 -1 1.000000
22 8 person -1 -1 -1 519 143 540 211 -1 -1 -1 -2.01 0.69 18.85 -1 1.000000
22 9 unknown -1 -1 -1 707 181 846 369 -1 -1 -1 1.08 1.56 4.91 -1 1.000000
22 10 person -1 -1 -1 366 155 482 328 -1 -1 -1 -1.99 1.44 7.28 -1 1.000000
23 3 unknown -1 -1 -1 970 124 1033 134 -1 -1 -1 14.15 0.24 24.54 -1 1.000000
23 8 person -1 -1 -1 519 145 542 212 -1 -1 -1 -1.95 0.70 18.80 -1 1.000000
23 9 unknown -1 -1 -1 694 158 848 369 -1 -1 -1 1.19 1.57 4.83 -1 1.000000
23 10 person -1 -1 -1 399 149 483 330 -1 -1 -1 -1.83 1.45 7.15 -1 1.000000
23 11 bicycle -1 -1 -1 252 223 328 295 -1 -1 -1 -3.71 1.39 8.20 -1 1.000000
23 12 umbrella -1 -1 -1 338 98 359 147 -1 -1 -1 -12.45 -0.23 34.62 -1 1.000000
24 3 unknown -1 -1 -1 971 124 1035 134 -1 -1 -1 14.19 0.23 24.57 -1 1.000000
24 8 person -1 -1 -1 522 141 544 211 -1 -1 -1 -1.89 0.73 18.71 -1 1.000000
24 9 unknown -1 -1 -1 726 153 856 369 -1 -1 -1 1.30 1.57 4.77 -1 1.000000
24 10 person -1 -1 -1 400 158 485 330 -1 -1 -1 -1.65 1.45 7.04 -1 1.000000
24 11 bicycle -1 -1 -1 253 224 333 294 -1 -1 -1 -3.71 1.39 8.22 -1 1.000000
24 12 umbrella -1 -1 -1 338 98 357 157 -1 -1 -1 -12.47 -0.18 34.64 -1 1.000000
24 13 unknown -1 -1 -1 230 110 259 210 -1 -1 -1 -16.19 0.05 32.05 -1 1.000000
25 3 unknown -1 -1 -1 972 124 1034 134 -1 -1 -1 14.14 0.23 24.31 -1 1.000000
25 8 person -1 -1 -1 523 142 544 211 -1 -1 -1 -1.84 0.75 18.50 -1 1.000000
25 9 unknown -1 -1 -1 761 147 879 369 -1 -1 -1 1.46 1.56 4.77 -1 1.000000
25 10 person -1 -1 -1 413 151 493 333 -1 -1 -1 -1.46 1.46 6.97 -1 1.000000
25 11 bicycle -1 -1 -1 252 223 319 293 -1 -1 -1 -3.71 1.40 8.22 -1 1.000000
25 12 umbrella -1 -1 -1 338 97 359 163 -1 -1 -1 -12.45 -0.18 34.66 -1 1.000000
26 3 unknown -1 -1 -1 974 124 1035 134 -1 -1 -1 14.10 0.23 24.16 -1 1.000000
26 8 person -1 -1 -1 523 143 546 213 -1 -1 -1 -1.76 0.75 18.27 -1 1.000000
26 9 unknown -1 -1 -1 749 147 899 369 -1 -1 -1 1.46 1.58 4.62 -1 1.000000
26 10 person -1 -1 -1 443 164 507 336 -1 -1 -1 -1.28 1.46 6.93 -1 1.000000
26 11 bicycle -1 -1 -1 252 223 319 295 -1 -1 -1 -3.71 1.40 8.22 -1 1.000000
26 12 umbrella -1 -1 -1 338 96 359 160 -1 -1 -1 -12.47 -0.19 34.70 -1 1.000000
26 14 unknown -1 -1 -1 604 163 672 193 -1 -1 -1 1.30 0.17 27.12 -1 1.000000
27 3 unknown -1 -1 -1 972 124 1034 134 -1 -1 -1 14.02 0.23 24.19 -1 1.000000
27 8 person -1 -1 -1 521 147 548 213 -1 -1 -1 -1.72 0.76 18.18 -1 1.000000
27 9 unknown -1 -1 -1 753 149 944 369 -1 -1 -1 1.60 1.58 4.58 -1 1.000000
27 10 person -1 -1 -1 458 147 512 329 -1 -1 -1 -1.13 1.45 6.90 -1 1.000000
27 11 bicycle -1 -1 -1 248 215 326 301 -1 -1 -1 -3.73 1.39 8.24 -1 1.000000
27 12 umbrella -1 -1 -1 338 97 359 160 -1 -1 -1 -12.49 -0.19 34.70 -1 1.000000
27 14 unknown -1 -1 -1 605 163 672 193 -1 -1 -1 1.30 0.17 27.16 -1 1.000000
27 15 unknown -1 -1 -1 231 112 259 209 -1 -1 -1 -16.00 0.04 31.43 -1 1.000000
28 3 unknown -1 -1 -1 973 124 1035 134 -1 -1 -1 13.92 0.25 24.01 -1 1.000000
28 8 person -1 -1 -1 527 146 550 214 -1 -1 -1 -1.64 0.76 18.03 -1 1.000000
28 9 unknown -1 -1 -1 770 147 957 369 -1 -1 -1 1.60 1.59 4.43 -1 1.000000
28 10 person -1 -1 -1 452 152 544 336 -1 -1 -1 -1.02 1.46 6.84 -1 1.000000
28 11 bicycle -1 -1 -1 247 213 323 300 -1 -1 -1 -3.75 1.39 8.25 -1 1.000000
28 12 umbrella -1 -1 -1 338 96 359 161 -1 -1 -1 -12.47 -0.19 34.71 -1 1.000000
28 15 unknown -1 -1 -1 230 114 263 210 -1 -1 -1 -16.22 0.01 31.89 -1 1.000000
29 3 unknown -1 -1 -1 973 124 1034 134 -1 -1 -1 13.91 0.24 24.05 -1 1.000000
29 8 person -1 -1 -1 528 147 551 214 -1 -1 -1 -1.58 0.77 17.82 -1 1.000000
29 9 unknown -1 -1 -1 807 146 973 369 -1 -1 -1 1.65 1.60 4.28 -1 1.000000
29 10 person -1 -1 -1 468 149 560 341 -1 -1 -1 -0.87 1.47 6.77 -1 1.000000
29 11 bicycle -1 -1 -1 253 223 319 294 -1 -1 -1 -3.74 1.40 8.23 -1 1.000000
29 12 umbrella -1 -1 -1 337 97 359 162 -1 -1 -1 -12.45 -0.19 34.69 -1 1.000000
29 15 unknown -1 -1 -1 230 113 262 210 -1 -1 -1 -16.39 -0.01 32.16 -1 1.000000
30 3 unknown -1 -1 -1 975 124 1034 134 -1 -1 -1 14.03 0.26 24.09 -1 1.000000
30 9 unknown -1 -1 -1 778 151 984 368 -1 -1 -1 1.75 1.60 4.18 -1 1.000000
30 10 person -1 -1 -1 484 151 568 345 -1 -1 -1 -0.71 1.47 6.69 -1 1.000000
30 11 bicycle -1 -1 -1 253 223 319 294 -1 -1 -1 -3.72 1.40 8.23 -1 1.000000
30 12 umbrella -1 -1 -1 337 97 359 161 -1 -1 -1 -12.49 -0.17 34.72 -1 1.000000
30 15 unknown -1 -1 -1 230 112 261 211 -1 -1 -1 -16.35 0.02 32.23 -1 1.000000
31 3 unknown -1 -1 -1 972 124 1034 135 -1 -1 -1 13.99 0.25 24.13 -1 1.000000
31 9 unknown -1 -1 -1 852 151 993 369 -1 -1 -1 1.80 1.61 4.07 -1 1.000000
31 10 person -1 -1 -1 506 169 568 353 -1 -1 -1 -0.57 1.47 6.59 -1 1.000000
31 12 umbrella -1 -1 -1 337 97 359 160 -1 -1 -1 -12.48 -0.18 34.74 -1 1.000000
31 15 unknown -1 -1 -1 230 112 262 211 -1 -1 -1 -16.36 0.04 32.20 -1 1.000000
31 16 tracking error -1 -1 -1 234 213 319 367 -1 -1 -1 -3.63 1.40 8.18 -1 1.000000
31 17 unknown -1 -1 -1 310 182 418 286 -1 -1 -1 -3.26 1.35 8.96 -1 1.000000
31 18 person -1 -1 -1 400 141 483 359 -1 -1 -1 -1.39 1.52 5.96 -1 1.000000
32 3 unknown -1 -1 -1 979 124 1037 135 -1 -1 -1 14.07 0.25 24.13 -1 1.000000
32 9 unknown -1 -1 -1 879 149 1015 364 -1 -1 -1 1.90 1.61 3.99 -1 1.000000
32 10 person -1 -1 -1 528 149 585 353 -1 -1 -1 -0.45 1.48 6.50 -1 1.000000
32 12 umbrella -1 -1 -1 337 97 359 161 -1 -1 -1 -12.46 -0.22 34.64 -1 1.000000
32 15 unknown -1 -1 -1 230 111 262 210 -1 -1 -1 -16.34 0.00 32.05 -1 1.000000
32 16 tracking error -1 -1 -1 234 212 320 368 -1 -1 -1 -3.64 1.39 8.19 -1 1.000000
32 17 unknown -1 -1 -1 288 179 415 289 -1 -1 -1 -3.15 1.35 8.91 -1 1.000000
32 18 person -1 -1 -1 404 143 483 369 -1 -1 -1 -1.26 1.52 5.89 -1 1.000000
33 3 unknown -1 -1 -1 970 124 1032 134 -1 -1 -1 13.96 0.24 24.26 -1 1.000000
33 10 person -1 -1 -1 536 151 605 357 -1 -1 -1 -0.35 1.49 6.42 -1 1.000000
33 12 umbrella -1 -1 -1 338 97 359 161 -1 -1 -1 -12.41 -0.24 34.60 -1 1.000000
33 15 unknown -1 -1 -1 230 112 262 211 -1 -1 -1 -16.29 -0.04 32.07 -1 1.000000
33 16 tracking error -1 -1 -1 234 211 320 367 -1 -1 -1 -3.62 1.40 8.18 -1 1.000000
33 17 unknown -1 -1 -1 312 181 414 288 -1 -1 -1 -3.02 1.35 8.88 -1 1.000000
33 18 person -1 -1 -1 433 131 516 367 -1 -1 -1 -1.11 1.53 5.85 -1 1.000000
33 19 person -1 -1 -1 984 135 1026 264 -1 -1 -1 2.45 1.59 4.45 -1 1.000000
34 3 unknown -1 -1 -1 968 124 1031 134 -1 -1 -1 13.94 0.22 24.56 -1 1.000000
34 10 person -1 -1 -1 540 157 624 356 -1 -1 -1 -0.21 1.49 6.31 -1 1.000000
34 12 umbrella -1 -1 -1 338 97 359 162 -1 -1 -1 -12.42 -0.22 34.64 -1 1.000000
34 15 unknown -1 -1 -1 230 112 261 211 -1 -1 -1 -16.28 -0.01 32.02 -1 1.000000
34 16 tracking error -1 -1 -1 235 211 321 366 -1 -1 -1 -3.63 1.40 8.18 -1 1.000000
34 17 unknown -1 -1 -1 293 178 404 290 -1 -1 -1 -3.04 1.35 8.89 -1 1.000000
34 18 person -1 -1 -1 450 128 519 369 -1 -1 -1 -0.97 1.53 5.79 -1 1.000000
34 19 person -1 -1 -1 1005 143 1053 263 -1 -1 -1 2.54 1.59 4.35 -1 1.000000
35 3 unknown -1 -1 -1 969 124 1032 134 -1 -1 -1 14.00 0.25 24.36 -1 1.000000
35 10 person -1 -1 -1 557 156 630 369 -1 -1 -1 -0.07 1.49 6.21 -1 1.000000
35 12 umbrella -1 -1 -1 338 98 362 157 -1 -1 -1 -12.39 -0.27 34.54 -1 1.000000
35 15 unknown -1 -1 -1 230 111 261 211 -1 -1 -1 -16.24 -0.08 31.92 -1 1.000000
35 16 tracking error -1 -1 -1 235 211 321 365 -1 -1 -1 -3.64 1.38 8.19 -1 1.000000
35 17 unknown -1 -1 -1 293 179 404 290 -1 -1 -1 -3.08 1.33 8.89 -1 1.000000
35 18 person -1 -1 -1 461 143 539 369 -1 -1 -1 -0.85 1.53 5.73 -1 1.000000
35 19 person -1 -1 -1 1026 141 1082 281 -1 -1 -1 2.64 1.61 4.26 -1 1.000000
36 3 unknown -1 -1 -1 967 124 1030 134 -1 -1 -1 13.90 0.26 24.18 -1 1.000000
36 10 person -1 -1 -1 583 154 645 369 -1 -1 -1 0.06 1.50 6.15 -1 1.000000
36 12 umbrella -1 -1 -1 338 98 361 156 -1 -1 -1 -12.34 -0.30 34.48 -1 1.000000
36 15 unknown -1 -1 -1 230 112 261 211 -1 -1 -1 -16.17 -0.10 31.77 -1 1.000000
36 16 tracking error -1 -1 -1 235 211 321 366 -1 -1 -1 -3.63 1.38 8.18 -1 1.000000
36 17 unknown -1 -1 -1 292 179 405 291 -1 -1 -1 -3.10 1.33 8.90 -1 1.000000
36 18 person -1 -1 -1 465 141 560 369 -1 -1 -1 -0.71 1.53 5.65 -1 1.000000
36 20 unknown -1 -1 -1 396 178 481 261 -1 -1 -1 -2.42 1.22 10.57 -1 1.000000
37 3 unknown -1 -1 -1 971 124 1033 134 -1 -1 -1 13.93 0.31 24.05 -1 1.000000
37 10 person -1 -1 -1 582 150 700 369 -1 -1 -1 0.20 1.50 6.09 -1 1.000000
37 12 umbrella -1 -1 -1 338 97 360 165 -1 -1 -1 -12.33 -0.34 34.45 -1 1.000000
37 15 unknown -1 -1 -1 230 112 261 210 -1 -1 -1 -16.16 -0.19 31.79 -1 1.000000
37 17 unknown -1 -1 -1 291 180 405 290 -1 -1 -1 -3.07 1.32 8.91 -1 1.000000
37 18 person -1 -1 -1 472 152 565 369 -1 -1 -1 -0.57 1.54 5.57 -1 1.000000
37 20 unknown -1 -1 -1 398 182 481 261 -1 -1 -1 -2.34 1.21 10.55 -1 1.000000
37 21 tracking error -1 -1 -1 211 224 313 369 -1 -1 -1 -2.98 1.51 6.02 -1 1.000000
38 3 unknown -1 -1 -1 970 124 1032 134 -1 -1 -1 13.78 0.30 23.89 -1 1.000000
38 10 person -1 -1 -1 597 176 700 369 -1 -1 -1 0.37 1.50 6.10 -1 1.000000
38 12 umbrella -1 -1 -1 338 97 361 164 -1 -1 -1 -12.38 -0.34 34.49 -1 1.000000
38 15 unknown -1 -1 -1 230 112 261 210 -1 -1 -1 -16.31 -0.19 32.06 -1 1.000000
38 17 unknown -1 -1 -1 290 181 405 290 -1 -1 -1 -3.07 1.32 8.90 -1 1.000000
38 18 person -1 -1 -1 495 133 583 369 -1 -1 -1 -0.46 1.54 5.51 -1 1.000000
38 20 unknown -1 -1 -1 398 180 481 261 -1 -1 -1 -2.28 1.22 10.48 -1 1.000000
38 21 tracking error -1 -1 -1 211 223 313 369 -1 -1 -1 -2.96 1.52 5.98 -1 1.000000
39 3 unknown -1 -1 -1 972 124 1033 134 -1 -1 -1 13.78 0.27 23.96 -1 1.000000
39 10 person -1 -1 -1 591 157 705 369 -1 -1 -1 0.42 1.51 5.95 -1 1.000000
39 12 umbrella -1 -1 -1 338 98 360 162 -1 -1 -1 -12.39 -0.34 34.52 -1 1.000000
39 13 unknown -1 -1 -1 231 112 253 177 -1 -1 -1 -17.04 -0.26 33.52 -1 1.000000
39 18 person -1 -1 -1 524 143 629 369 -1 -1 -1 -0.34 1.55 5.45 -1 1.000000
39 20 unknown -1 -1 -1 358 174 480 274 -1 -1 -1 -2.34 1.24 10.15 -1 1.000000
39 22 unknown -1 -1 -1 261 178 406 306 -1 -1 -1 -3.54 1.33 8.87 -1 1.000000
40 3 unknown -1 -1 -1 972 124 1034 135 -1 -1 -1 13.86 0.28 24.04 -1 1.000000
40 10 person -1 -1 -1 606 159 704 369 -1 -1 -1 0.51 1.51 5.83 -1 1.000000
40 12 umbrella -1 -1 -1 338 97 360 162 -1 -1 -1 -12.44 -0.30 34.61 -1 1.000000
40 13 unknown -1 -1 -1 230 112 253 177 -1 -1 -1 -17.08 -0.22 33.56 -1 1.000000
40 18 person -1 -1 -1 534 150 604 369 -1 -1 -1 -0.24 1.55 5.35 -1 1.000000
40 20 unknown -1 -1 -1 356 177 480 275 -1 -1 -1 -2.35 1.24 10.16 -1 1.000000
40 22 unknown -1 -1 -1 260 176 406 306 -1 -1 -1 -3.55 1.33 8.88 -1 1.000000
41 3 unknown -1 -1 -1 972 124 1033 135 -1 -1 -1 13.80 0.26 24.02 -1 1.000000
41 10 person -1 -1 -1 632 151 711 369 -1 -1 -1 0.63 1.52 5.69 -1 1.000000
41 12 umbrella -1 -1 -1 338 97 360 161 -1 -1 -1 -12.44 -0.31 34.60 -1 1.000000
41 13 unknown -1 -1 -1 231 112 253 176 -1 -1 -1 -17.08 -0.22 33.53 -1 1.000000
41 18 person -1 -1 -1 532 158 645 369 -1 -1 -1 -0.11 1.55 5.29 -1 1.000000
41 20 unknown -1 -1 -1 357 179 480 275 -1 -1 -1 -2.34 1.25 10.08 -1 1.000000
41 22 unknown -1 -1 -1 259 173 407 306 -1 -1 -1 -3.54 1.33 8.89 -1 1.000000
42 3 unknown -1 -1 -1 971 124 1033 134 -1 -1 -1 13.82 0.25 23.91 -1 1.000000
42 10 person -1 -1 -1 667 137 730 369 -1 -1 -1 0.74 1.53 5.57 -1 1.000000
42 12 umbrella -1 -1 -1 338 98 360 161 -1 -1 -1 -12.45 -0.29 34.64 -1 1.000000
42 13 unknown -1 -1 -1 231 113 253 177 -1 -1 -1 -17.07 -0.20 33.58 -1 1.000000
42 18 person -1 -1 -1 540 132 642 369 -1 -1 -1 0.00 1.56 5.22 -1 1.000000
42 20 unknown -1 -1 -1 358 185 480 275 -1 -1 -1 -2.34 1.26 10.05 -1 1.000000
42 22 unknown -1 -1 -1 262 169 406 306 -1 -1 -1 -3.53 1.34 8.90 -1 1.000000
43 3 unknown -1 -1 -1 970 124 1034 134 -1 -1 -1 13.77 0.24 23.83 -1 1.000000
43 10 person -1 -1 -1 668 175 765 369 -1 -1 -1 0.84 1.54 5.45 -1 1.000000
43 12 umbrella -1 -1 -1 338 97 360 161 -1 -1 -1 -12.44 -0.33 34.56 -1 1.000000
43 13 unknown -1 -1 -1 230 112 253 179 -1 -1 -1 -17.04 -0.24 33.47 -1 1.000000
43 18 person -1 -1 -1 580 123 656 363 -1 -1 -1 0.15 1.56 5.15 -1 1.000000
43 20 unknown -1 -1 -1 356 180 480 275 -1 -1 -1 -2.33 1.26 9.97 -1 1.000000
43 22 unknown -1 -1 -1 260 175 407 307 -1 -1 -1 -3.52 1.33 8.88 -1 1.000000
44 3 unknown -1 -1 -1 971 124 1034 134 -1 -1 -1 13.75 0.24 23.79 -1 1.000000
44 10 person -1 -1 -1 685 151 784 369 -1 -1 -1 0.95 1.54 5.35 -1 1.000000
44 12 umbrella -1 -1 -1 338 98 360 162 -1 -1 -1 -12.44 -0.31 34.61 -1 1.000000
44 13 unknown -1 -1 -1 230 112 253 178 -1 -1 -1 -17.06 -0.21 33.47 -1 1.000000
44 18 person -1 -1 -1 585 135 674 369 -1 -1 -1 0.26 1.56 5.06 -1 1.000000
44 20 unknown -1 -1 -1 357 181 480 275 -1 -1 -1 -2.34 1.23 10.15 -1 1.000000
44 22 unknown -1 -1 -1 252 177 406 307 -1 -1 -1 -3.50 1.33 8.86 -1 1.000000
45 10 person -1 -1 -1 697 154 806 369 -1 -1 -1 1.04 1.55 5.22 -1 1.000000
45 12 umbrella -1 -1 -1 338 98 360 162 -1 -1 -1 -12.46 -0.29 34.66 -1 1.000000
45 13 unknown -1 -1 -1 230 111 253 178 -1 -1 -1 -17.02 -0.19 33.54 -1 1.000000
45 18 person -1 -1 -1 619 117 698 369 -1 -1 -1 0.39 1.56 5.00 -1 1.000000
45 20 unknown -1 -1 -1 357 180 480 276 -1 -1 -1 -2.35 1.24 10.22 -1 1.000000
45 22 unknown -1 -1 -1 260 176 407 307 -1 -1 -1 -3.50 1.34 8.86 -1 1.000000
45 23 unknown -1 -1 -1 918 122 1049 139 -1 -1 -1 12.59 0.28 23.45 -1 1.000000
45 24 person -1 -1 -1 563 150 590 226 -1 -1 -1 -0.66 0.91 15.19 -1 1.000000
45 25 person -1 -1 -1 527 133 549 199 -1 -1 -1 -1.71 0.66 19.01 -1 1.000000
46 3 unknown -1 -1 -1 970 124 1034 135 -1 -1 -1 13.79 0.24 23.82 -1 1.000000
46 10 person -1 -1 -1 722 144 819 369 -1 -1 -1 1.15 1.55 5.11 -1 1.000000
46 12 umbrella -1 -1 -1 338 98 360 161 -1 -1 -1 -12.47 -0.27 34.72 -1 1.000000
46 13 unknown -1 -1 -1 231 110 253 176 -1 -1 -1 -17.04 -0.16 33.53 -1 1.000000
46 18 person -1 -1 -1 616 128 723 369 -1 -1 -1 0.53 1.56 4.93 -1 1.000000
46 20 unknown -1 -1 -1 356 180 480 276 -1 -1 -1 -2.36 1.26 10.09 -1 1.000000
46 22 unknown -1 -1 -1 253 174 407 306 -1 -1 -1 -3.49 1.34 8.84 -1 1.000000
46 24 person -1 -1 -1 567 147 593 226 -1 -1 -1 -0.55 0.93 14.98 -1 1.000000
46 25 person -1 -1 -1 529 140 549 211 -1 -1 -1 -1.71 0.67 18.86 -1 1.000000
47 3 unknown -1 -1 -1 972 124 1034 135 -1 -1 -1 13.78 0.24 23.77 -1 1.000000
47 10 person -1 -1 -1 746 149 823 369 -1 -1 -1 1.25 1.55 5.01 -1 1.000000
47 12 umbrella -1 -1 -1 338 98 360 162 -1 -1 -1 -12.46 -0.27 34.74 -1 1.000000
47 18 person -1 -1 -1 630 147 741 369 -1 -1 -1 0.60 1.57 4.81 -1 1.000000
47 20 unknown -1 -1 -1 398 181 477 267 -1 -1 -1 -2.40 1.27 9.92 -1 1.000000
47 22 unknown -1 -1 -1 260 171 406 307 -1 -1 -1 -3.50 1.34 8.85 -1 1.000000
47 24 person -1 -1 -1 568 149 595 226 -1 -1 -1 -0.46 0.94 14.74 -1 1.000000
47 25 person -1 -1 -1 529 144 553 211 -1 -1 -1 -1.70 0.67 18.85 -1 1.000000
47 26 person -1 -1 -1 603 149 625 211 -1 -1 -1 0.30 0.65 18.98 -1 1.000000
48 10 person -1 -1 -1 760 155 839 369 -1 -1 -1 1.34 1.55 4.92 -1 1.000000
48 12 umbrella -1 -1 -1 338 98 360 162 -1 -1 -1 -12.47 -0.24 34.77 -1 1.000000
48 18 person -1 -1 -1 681 153 771 369 -1 -1 -1 0.74 1.58 4.70 -1 1.000000
48 20 unknown -1 -1 -1 399 180 477 268 -1 -1 -1 -2.39 1.27 9.90 -1 1.000000
48 22 unknown -1 -1 -1 259 170 405 306 -1 -1 -1 -3.49 1.34 8.84 -1 1.000000
48 24 person -1 -1 -1 573 146 599 222 -1 -1 -1 -0.36 0.95 14.60 -1 1.000000
48 25 person -1 -1 -1 533 136 553 211 -1 -1 -1 -1.65 0.71 18.67 -1 1.000000
48 26 person -1 -1 -1 607 150 627 209 -1 -1 -1 0.31 0.68 18.85 -1 1.000000
48 27 unknown -1 -1 -1 961 122 1052 136 -1 -1 -1 14.03 0.22 24.16 -1 1.000000
48 28 person -1 -1 -1 559 148 579 222 -1 -1 -1 -0.96 0.71 18.33 -1 1.000000
49 10 person -1 -1 -1 769 149 859 369 -1 -1 -1 1.42 1.56 4.82 -1 1.000000
49 12 umbrella -1 -1 -1 338 98 360 162 -1 -1 -1 -12.49 -0.23 34.79 -1 1.000000
49 18 person -1 -1 -1 678 175 791 369 -1 -1 -1 0.84 1.58 4.61 -1 1.000000
49 22 unknown -1 -1 -1 274 176 408 299 -1 -1 -1 -3.41 1.35 8.83 -1 1.000000
49 24 person -1 -1 -1 580 152 604 228 -1 -1 -1 -0.26 0.95 14.59 -1 1.000000
49 25 person -1 -1 -1 532 135 554 213 -1 -1 -1 -1.61 0.73 18.45 -1 1.000000
49 26 person -1 -1 -1 607 149 631 209 -1 -1 -1 0.37 0.69 18.70 -1 1.000000
49 27 unknown -1 -1 -1 961 122 1053 136 -1 -1 -1 14.08 0.23 24.02 -1 1.000000
49 28 person -1 -1 -1 559 147 579 211 -1 -1 -1 -0.93 0.73 18.25 -1 1.000000
50 10 person -1 -1 -1 790 147 885 369 -1 -1 -1 1.53 1.57 4.72 -1 1.000000
50 12 umbrella -1 -1 -1 338 98 360 161 -1 -1 -1 -12.48 -0.23 34.77 -1 1.000000
50 13 unknown -1 -1 -1 230 112 253 177 -1 -1 -1 -16.91 -0.10 33.30 -1 1.000000
50 18 person -1 -1 -1 710 127 792 369 -1 -1 -1 0.92 1.58 4.53 -1 1.000000
50 22 unknown -1 -1 -1 273 171 416 299 -1 -1 -1 -3.42 1.35 8.83 -1 1.000000
50 24 person -1 -1 -1 584 147 607 230 -1 -1 -1 -0.20 0.98 14.36 -1 1.000000
50 25 person -1 -1 -1 532 146 553 212 -1 -1 -1 -1.60 0.74 18.27 -1 1.000000
50 26 person -1 -1 -1 609 150 634 211 -1 -1 -1 0.40 0.72 18.35 -1 1.000000
50 27 unknown -1 -1 -1 961 122 1052 136 -1 -1 -1 14.07 0.23 24.01 -1 1.000000
50 28 person -1 -1 -1 560 147 582 211 -1 -1 -1 -0.90 0.73 18.13 -1 1.000000
51 10 person -1 -1 -1 817 146 901 369 -1 -1 -1 1.65 1.57 4.60 -1 1.000000
51 11 bicycle -1 -1 -1 253 223 320 294 -1 -1 -1 -3.73 1.39 8.23 -1 1.000000
51 12 umbrella -1 -1 -1 338 97 360 160 -1 -1 -1 -12.49 -0.22 34.79 -1 1.000000
51 13 unknown -1 -1 -1 230 111 253 178 -1 -1 -1 -16.94 -0.09 33.38 -1 1.000000
51 18 person -1 -1 -1 714 131 834 369 -1 -1 -1 1.01 1.59 4.45 -1 1.000000
51 24 person -1 -1 -1 582 150 611 231 -1 -1 -1 -0.15 0.99 14.16 -1 1.000000
51 25 person -1 -1 -1 533 141 554 213 -1 -1 -1 -1.58 0.75 18.13 -1 1.000000
51 26 person -1 -1 -1 613 151 635 211 -1 -1 -1 0.46 0.73 18.01 -1 1.000000
51 27 unknown -1 -1 -1 917 122 1050 139 -1 -1 -1 13.09 0.27 23.55 -1 1.000000
51 28 person -1 -1 -1 561 148 582 213 -1 -1 -1 -0.83 0.74 17.81 -1 1.000000
52 10 person -1 -1 -1 849 142 916 369 -1 -1 -1 1.76 1.58 4.48 -1 1.000000
52 12 umbrella -1 -1 -1 340 98 361 177 -1 -1 -1 -12.38 -0.21 34.61 -1 1.000000
52 13 unknown -1 -1 -1 230 111 253 178 -1 -1 -1 -16.93 -0.09 33.32 -1 1.000000
52 18 person -1 -1 -1 717 125 828 369 -1 -1 -1 1.09 1.59 4.36 -1 1.000000
52 24 person -1 -1 -1 584 148 612 234 -1 -1 -1 -0.10 0.99 14.03 -1 1.000000
52 25 person -1 -1 -1 533 140 554 215 -1 -1 -1 -1.54 0.75 18.03 -1 1.000000
52 26 person -1 -1 -1 613 150 635 211 -1 -1 -1 0.49 0.73 17.89 -1 1.000000
52 28 person -1 -1 -1 562 148 584 212 -1 -1 -1 -0.81 0.75 17.75 -1 1.000000
52 29 unknown -1 -1 -1 258 165 484 298 -1 -1 -1 -3.19 1.32 9.08 -1 1.000000
53 10 person -1 -1 -1 873 141 950 369 -1 -1 -1 1.86 1.58 4.38 -1 1.000000
53 11 bicycle -1 -1 -1 253 223 319 294 -1 -1 -1 -3.73 1.39 8.23 -1 1.000000
53 12 umbrella -1 -1 -1 337 98 364 157 -1 -1 -1 -12.52 -0.19 34.82 -1 1.000000
53 24 person -1 -1 -1 585 155 617 234 -1 -1 -1 -0.05 1.01 13.83 -1 1.000000
53 25 person -1 -1 -1 532 140 554 216 -1 -1 -1 -1.51 0.77 17.89 -1 1.000000
53 26 person -1 -1 -1 615 150 637 210 -1 -1 -1 0.54 0.74 17.84 -1 1.000000
53 28 person -1 -1 -1 561 147 584 213 -1 -1 -1 -0.79 0.78 17.65 -1 1.000000
53 30 person -1 -1 -1 732 130 874 370 -1 -1 -1 1.16 1.60 4.28 -1 1.000000
53 31 unknown -1 -1 -1 230 110 261 210 -1 -1 -1 -15.91 0.04 31.37 -1 1.000000
53 32 unknown -1 -1 -1 384 187 480 277 -1 -1 -1 -2.23 1.26 10.13 -1 1.000000
54 10 person -1 -1 -1 887 128 1005 368 -1 -1 -1 1.96 1.59 4.29 -1 1.000000
54 12 umbrella -1 -1 -1 337 99 370 155 -1 -1 -1 -12.49 -0.21 34.76 -1 1.000000
54 24 person -1 -1 -1 587 145 618 234 -1 -1 -1 -0.00 1.02 13.63 -1 1.000000
54 25 person -1 -1 -1 531 138 556 216 -1 -1 -1 -1.48 0.79 17.62 -1 1.000000
54 26 person -1 -1 -1 618 150 638 213 -1 -1 -1 0.59 0.75 17.78 -1 1.000000
54 28 person -1 -1 -1 564 147 590 216 -1 -1 -1 -0.75 0.79 17.51 -1 1.000000
54 30 person -1 -1 -1 753 120 882 369 -1 -1 -1 1.28 1.61 4.15 -1 1.000000
54 31 unknown -1 -1 -1 230 110 262 210 -1 -1 -1 -15.99 0.02 31.51 -1 1.000000
54 32 unknown -1 -1 -1 367 185 480 278 -1 -1 -1 -2.31 1.28 9.90 -1 1.000000
55 10 person -1 -1 -1 887 146 1037 369 -1 -1 -1 2.06 1.61 4.19 -1 1.000000
55 12 umbrella -1 -1 -1 338 99 364 156 -1 -1 -1 -12.48 -0.23 34.73 -1 1.000000
55 24 person -1 -1 -1 591 147 622 236 -1 -1 -1 0.06 1.02 13.55 -1 1.000000
55 25 person -1 -1 -1 536 133 558 216 -1 -1 -1 -1.42 0.79 17.46 -1 1.000000
55 26 person -1 -1 -1 619 150 639 214 -1 -1 -1 0.63 0.76 17.59 -1 1.000000
55 28 person -1 -1 -1 564 148 593 217 -1 -1 -1 -0.71 0.79 17.36 -1 1.000000
55 30 person -1 -1 -1 776 117 930 369 -1 -1 -1 1.39 1.62 4.03 -1 1.000000
55 31 unknown -1 -1 -1 231 108 263 209 -1 -1 -1 -15.99 -0.01 31.62 -1 1.000000
55 32 unknown -1 -1 -1 352 146 482 291 -1 -1 -1 -2.49 1.27 9.94 -1 1.000000
56 10 person -1 -1 -1 932 145 1069 369 -1 -1 -1 2.15 1.65 4.06 -1 1.000000
56 12 umbrella -1 -1 -1 337 99 362 155 -1 -1 -1 -12.36 -0.36 34.48 -1 1.000000
56 13 unknown -1 -1 -1 230 113 253 178 -1 -1 -1 -16.88 -0.29 33.29 -1 1.000000
56 24 person -1 -1 -1 598 149 628 240 -1 -1 -1 0.14 1.03 13.40 -1 1.000000
56 25 person -1 -1 -1 536 136 559 218 -1 -1 -1 -1.38 0.77 17.33 -1 1.000000
56 26 person -1 -1 -1 625 150 643 215 -1 -1 -1 0.70 0.77 17.42 -1 1.000000
56 28 person -1 -1 -1 563 150 594 225 -1 -1 -1 -0.69 0.78 17.27 -1 1.000000
56 30 person -1 -1 -1 817 113 928 369 -1 -1 -1 1.47 1.66 3.93 -1 1.000000
56 32 unknown -1 -1 -1 354 183 480 276 -1 -1 -1 -2.43 1.26 9.95 -1 1.000000
56 33 unknown -1 -1 -1 346 194 409 294 -1 -1 -1 -2.78 1.34 8.70 -1 1.000000
57 10 person -1 -1 -1 976 139 1085 369 -1 -1 -1 2.25 1.64 3.95 -1 1.000000
57 12 umbrella -1 -1 -1 338 97 360 164 -1 -1 -1 -12.45 -0.31 34.63 -1 1.000000
57 13 unknown -1 -1 -1 230 114 253 179 -1 -1 -1 -17.00 -0.23 33.45 -1 1.000000
57 24 person -1 -1 -1 599 149 630 241 -1 -1 -1 0.21 1.05 13.19 -1 1.000000
57 25 person -1 -1 -1 537 137 561 218 -1 -1 -1 -1.34 0.79 17.24 -1 1.000000
57 26 person -1 -1 -1 627 150 644 215 -1 -1 -1 0.76 0.78 17.32 -1 1.000000
57 28 person -1 -1 -1 565 150 595 220 -1 -1 -1 -0.66 0.79 17.21 -1 1.000000
57 30 person -1 -1 -1 846 116 968 369 -1 -1 -1 1.54 1.65 3.83 -1 1.000000
57 32 unknown -1 -1 -1 355 184 480 275 -1 -1 -1 -2.40 1.25 10.08 -1 1.000000
57 33 unknown -1 -1 -1 323 191 407 292 -1 -1 -1 -2.82 1.35 8.72 -1 1.000000
58 10 person -1 -1 -1 997 132 1095 368 -1 -1 -1 2.34 1.67 3.86 -1 1.000000
58 12 umbrella -1 -1 -1 338 97 360 160 -1 -1 -1 -12.39 -0.41 34.47 -1 1.000000
58 13 unknown -1 -1 -1 230 113 253 178 -1 -1 -1 -16.95 -0.34 33.33 -1 1.000000
58 24 person -1 -1 -1 604 149 632 240 -1 -1 -1 0.27 1.05 13.06 -1 1.000000
58 25 person -1 -1 -1 538 139 563 218 -1 -1 -1 -1.29 0.78 17.07 -1 1.000000
58 26 person -1 -1 -1 630 149 647 214 -1 -1 -1 0.80 0.77 17.23 -1 1.000000
58 28 person -1 -1 -1 565 147 595 219 -1 -1 -1 -0.62 0.78 17.10 -1 1.000000
58 30 person -1 -1 -1 861 118 992 369 -1 -1 -1 1.62 1.68 3.73 -1 1.000000
58 32 unknown -1 -1 -1 357 182 480 275 -1 -1 -1 -2.37 1.23 10.17 -1 1.000000
58 33 unknown -1 -1 -1 305 187 409 290 -1 -1 -1 -2.91 1.33 8.78 -1 1.000000
59 10 person -1 -1 -1 1021 135 1126 369 -1 -1 -1 2.42 1.68 3.76 -1 1.000000
59 12 umbrella -1 -1 -1 338 97 359 162 -1 -1 -1 -12.35 -0.44 34.42 -1 1.000000
59 13 unknown -1 -1 -1 230 113 253 180 -1 -1 -1 -16.91 -0.39 33.46 -1 1.000000
59 24 person -1 -1 -1 606 147 642 241 -1 -1 -1 0.33 1.06 12.86 -1 1.000000
59 25 person -1 -1 -1 540 138 563 218 -1 -1 -1 -1.24 0.80 16.80 -1 1.000000
59 28 person -1 -1 -1 566 146 593 225 -1 -1 -1 -0.59 0.80 16.83 -1 1.000000
59 30 person -1 -1 -1 907 113 1024 369 -1 -1 -1 1.72 1.69 3.62 -1 1.000000
59 32 unknown -1 -1 -1 356 177 480 275 -1 -1 -1 -2.39 1.25 10.01 -1 1.000000
59 33 unknown -1 -1 -1 300 182 405 294 -1 -1 -1 -3.04 1.32 8.84 -1 1.000000
60 10 person -1 -1 -1 1049 137 1147 369 -1 -1 -1 2.51 1.69 3.66 -1 1.000000
60 12 umbrella -1 -1 -1 337 98 359 160 -1 -1 -1 -12.39 -0.43 34.48 -1 1.000000
60 13 unknown -1 -1 -1 230 112 253 179 -1 -1 -1 -16.98 -0.37 33.55 -1 1.000000
60 24 person -1 -1 -1 610 155 644 245 -1 -1 -1 0.39 1.07 12.67 -1 1.000000
60 25 person -1 -1 -1 541 136 565 222 -1 -1 -1 -1.21 0.81 16.57 -1 1.000000
60 28 person -1 -1 -1 568 147 598 219 -1 -1 -1 -0.55 0.81 16.64 -1 1.000000
60 30 person -1 -1 -1 934 108 1060 369 -1 -1 -1 1.83 1.69 3.51 -1 1.000000
60 32 unknown -1 -1 -1 356 173 480 275 -1 -1 -1 -2.38 1.23 10.16 -1 1.000000
60 33 unknown -1 -1 -1 289 180 409 298 -1 -1 -1 -3.18 1.32 8.85 -1 1.000000
61 10 person -1 -1 -1 1078 126 1188 369 -1 -1 -1 2.60 1.69 3.54 -1 1.000000
61 12 umbrella -1 -1 -1 338 98 360 163 -1 -1 -1 -12.39 -0.41 34.53 -1 1.000000
61 13 unknown -1 -1 -1 231 111 257 180 -1 -1 -1 -17.14 -0.36 33.79 -1 1.000000
61 24 person -1 -1 -1 611 149 650 249 -1 -1 -1 0.45 1.08 12.56 -1 1.000000
61 25 person -1 -1 -1 541 136 567 220 -1 -1 -1 -1.16 0.81 16.43 -1 1.000000
61 28 person -1 -1 -1 569 148 594 219 -1 -1 -1 -0.54 0.81 16.53 -1 1.000000
61 30 person -1 -1 -1 952 103 1082 369 -1 -1 -1 1.92 1.70 3.41 -1 1.000000
61 32 unknown -1 -1 -1 356 175 480 275 -1 -1 -1 -2.37 1.24 10.17 -1 1.000000
61 33 unknown -1 -1 -1 278 172 409 298 -1 -1 -1 -3.30 1.33 8.85 -1 1.000000
62 10 person -1 -1 -1 1126 125 1223 369 -1 -1 -1 2.70 1.69 3.46 -1 1.000000
62 12 umbrella -1 -1 -1 337 97 362 163 -1 -1 -1 -12.41 -0.40 34.59 -1 1.000000
62 13 unknown -1 -1 -1 231 112 253 174 -1 -1 -1 -17.19 -0.35 33.87 -1 1.000000
62 24 person -1 -1 -1 616 150 655 247 -1 -1 -1 0.51 1.10 12.35 -1 1.000000
62 25 person -1 -1 -1 544 138 571 225 -1 -1 -1 -1.09 0.82 16.36 -1 1.000000
62 28 person -1 -1 -1 571 147 595 219 -1 -1 -1 -0.51 0.82 16.42 -1 1.000000
62 30 person -1 -1 -1 964 111 1137 369 -1 -1 -1 2.02 1.70 3.32 -1 1.000000
62 32 unknown -1 -1 -1 356 174 480 276 -1 -1 -1 -2.37 1.24 10.17 -1 1.000000
62 33 unknown -1 -1 -1 276 177 409 298 -1 -1 -1 -3.37 1.33 8.84 -1 1.000000
63 10 person -1 -1 -1 1139 125 1223 369 -1 -1 -1 2.75 1.69 3.39 -1 1.000000
63 12 umbrella -1 -1 -1 337 97 360 159 -1 -1 -1 -12.45 -0.38 34.62 -1 1.000000
63 13 unknown -1 -1 -1 231 113 253 175 -1 -1 -1 -17.20 -0.31 33.79 -1 1.000000
63 24 person -1 -1 -1 623 149 659 255 -1 -1 -1 0.59 1.10 12.25 -1 1.000000
63 25 person -1 -1 -1 544 137 569 225 -1 -1 -1 -1.05 0.84 16.18 -1 1.000000
63 28 person -1 -1 -1 573 148 598 221 -1 -1 -1 -0.46 0.84 16.27 -1 1.000000
63 30 person -1 -1 -1 986 106 1170 369 -1 -1 -1 2.12 1.70 3.23 -1 1.000000
63 32 unknown -1 -1 -1 356 169 480 276 -1 -1 -1 -2.38 1.23 10.25 -1 1.000000
63 33 unknown -1 -1 -1 253 173 406 307 -1 -1 -1 -3.49 1.33 8.88 -1 1.000000
64 10 person -1 -1 -1 1194 202 1222 351 -1 -1 -1 2.82 1.68 3.35 -1 1.000000
64 12 umbrella -1 -1 -1 338 98 361 178 -1 -1 -1 -12.33 -0.34 34.45 -1 1.000000
64 13 unknown -1 -1 -1 231 112 253 177 -1 -1 -1 -17.28 -0.28 33.88 -1 1.000000
64 24 person -1 -1 -1 628 149 661 255 -1 -1 -1 0.66 1.12 12.06 -1 1.000000
64 25 person -1 -1 -1 542 135 570 222 -1 -1 -1 -1.02 0.86 15.93 -1 1.000000
64 28 person -1 -1 -1 573 150 599 219 -1 -1 -1 -0.43 0.86 16.04 -1 1.000000
64 30 person -1 -1 -1 1016 103 1218 369 -1 -1 -1 2.23 1.70 3.12 -1 1.000000
64 32 unknown -1 -1 -1 355 173 480 276 -1 -1 -1 -2.38 1.24 10.24 -1 1.000000
64 33 unknown -1 -1 -1 257 175 406 306 -1 -1 -1 -3.52 1.33 8.89 -1 1.000000
65 12 umbrella -1 -1 -1 336 98 362 157 -1 -1 -1 -12.51 -0.31 34.72 -1 1.000000
65 13 unknown -1 -1 -1 230 113 253 177 -1 -1 -1 -17.27 -0.23 33.93 -1 1.000000
65 24 person -1 -1 -1 630 148 663 255 -1 -1 -1 0.71 1.12 11.91 -1 1.000000
65 25 person -1 -1 -1 546 133 572 224 -1 -1 -1 -1.00 0.87 15.80 -1 1.000000
65 28 person -1 -1 -1 572 155 602 222 -1 -1 -1 -0.42 0.87 15.86 -1 1.000000
65 30 person -1 -1 -1 1072 98 1221 369 -1 -1 -1 2.29 1.70 2.98 -1 1.000000
65 32 unknown -1 -1 -1 355 166 480 276 -1 -1 -1 -2.37 1.25 10.19 -1 1.000000
65 33 unknown -1 -1 -1 258 172 406 306 -1 -1 -1 -3.52 1.34 8.87 -1 1.000000
66 12 umbrella -1 -1 -1 337 97 359 160 -1 -1 -1 -12.51 -0.28 34.75 -1 1.000000
66 24 person -1 -1 -1 636 149 668 247 -1 -1 -1 0.77 1.14 11.72 -1 1.000000
66 25 person -1 -1 -1 548 134 574 227 -1 -1 -1 -0.95 0.88 15.76 -1 1.000000
66 28 person -1 -1 -1 561 157 603 220 -1 -1 -1 -0.37 0.87 15.78 -1 1.000000
66 30 person -1 -1 -1 1132 105 1223 369 -1 -1 -1 2.29 1.71 2.83 -1 1.000000
66 32 unknown -1 -1 -1 357 164 480 276 -1 -1 -1 -2.37 1.25 10.26 -1 1.000000
66 33 unknown -1 -1 -1 252 173 406 306 -1 -1 -1 -3.52 1.35 8.86 -1 1.000000
67 12 umbrella -1 -1 -1 337 97 359 160 -1 -1 -1 -12.50 -0.26 34.78 -1 1.000000
67 24 person -1 -1 -1 638 162 673 255 -1 -1 -1 0.88 1.15 11.57 -1 1.000000
67 25 person -1 -1 -1 549 134 575 239 -1 -1 -1 -0.91 0.90 15.60 -1 1.000000
67 28 person -1 -1 -1 576 143 610 222 -1 -1 -1 -0.27 0.89 15.68 -1 1.000000
67 32 unknown -1 -1 -1 355 167 480 276 -1 -1 -1 -2.38 1.26 10.22 -1 1.000000
67 33 unknown -1 -1 -1 253 172 406 306 -1 -1 -1 -3.51 1.35 8.88 -1 1.000000
67 34 person -1 -1 -1 441 140 463 196 -1 -1 -1 -5.96 0.14 27.88 -1 1.000000
68 24 person -1 -1 -1 643 160 677 255 -1 -1 -1 0.96 1.15 11.44 -1 1.000000
68 25 person -1 -1 -1 549 136 575 230 -1 -1 -1 -0.89 0.91 15.36 -1 1.000000
68 28 person -1 -1 -1 582 144 610 224 -1 -1 -1 -0.20 0.90 15.45 -1 1.000000
68 32 unknown -1 -1 -1 357 174 480 276 -1 -1 -1 -2.38 1.26 10.14 -1 1.000000
68 33 unknown -1 -1 -1 258 175 407 307 -1 -1 -1 -3.51 1.35 8.84 -1 1.000000
68 34 person -1 -1 -1 429 140 459 197 -1 -1 -1 -6.10 0.13 27.74 -1 1.000000
69 24 person -1 -1 -1 645 147 686 255 -1 -1 -1 1.04 1.17 11.27 -1 1.000000
69 25 person -1 -1 -1 548 134 577 229 -1 -1 -1 -0.86 0.93 15.20 -1 1.000000
69 28 person -1 -1 -1 583 139 620 225 -1 -1 -1 -0.12 0.92 15.25 -1 1.000000
69 32 unknown -1 -1 -1 356 178 480 276 -1 -1 -1 -2.37 1.27 10.09 -1 1.000000
69 33 unknown -1 -1 -1 252 174 406 307 -1 -1 -1 -3.48 1.36 8.84 -1 1.000000
69 34 person -1 -1 -1 428 140 457 196 -1 -1 -1 -6.18 0.15 27.67 -1 1.000000
69 35 unknown -1 -1 -1 919 122 1050 139 -1 -1 -1 12.61 0.30 23.18 -1 1.000000
70 24 person -1 -1 -1 650 144 692 249 -1 -1 -1 1.09 1.17 11.10 -1 1.000000
70 25 person -1 -1 -1 545 133 577 228 -1 -1 -1 -0.84 0.92 15.14 -1 1.000000
70 28 person -1 -1 -1 589 146 621 224 -1 -1 -1 -0.06 0.92 15.15 -1 1.000000
70 32 unknown -1 -1 -1 357 182 480 277 -1 -1 -1 -2.37 1.27 10.08 -1 1.000000
70 33 unknown -1 -1 -1 274 176 408 299 -1 -1 -1 -3.41 1.35 8.83 -1 1.000000
70 34 person -1 -1 -1 429 140 456 197 -1 -1 -1 -6.20 0.13 27.69 -1 1.000000
70 35 unknown -1 -1 -1 919 122 1050 139 -1 -1 -1 12.63 0.30 23.24 -1 1.000000
71 24 person -1 -1 -1 653 150 701 260 -1 -1 -1 1.17 1.19 10.91 -1 1.000000
71 25 person -1 -1 -1 551 132 578 231 -1 -1 -1 -0.82 0.94 15.04 -1 1.000000
71 28 person -1 -1 -1 589 148 618 225 -1 -1 -1 -0.02 0.93 15.07 -1 1.000000
71 32 unknown -1 -1 -1 356 173 480 276 -1 -1 -1 -2.37 1.27 10.09 -1 1.000000
71 33 unknown -1 -1 -1 274 175 409 300 -1 -1 -1 -3.42 1.35 8.84 -1 1.000000
71 34 person -1 -1 -1 431 140 454 195 -1 -1 -1 -6.27 0.12 27.85 -1 1.000000
71 36 unknown -1 -1 -1 975 124 1036 135 -1 -1 -1 13.96 0.27 23.64 -1 1.000000
72 24 person -1 -1 -1 655 154 705 265 -1 -1 -1 1.22 1.20 10.74 -1 1.000000
72 25 person -1 -1 -1 552 134 579 231 -1 -1 -1 -0.79 0.96 14.81 -1 1.000000
72 28 person -1 -1 -1 591 149 627 226 -1 -1 -1 0.04 0.95 14.84 -1 1.000000
72 32 unknown -1 -1 -1 355 173 480 276 -1 -1 -1 -2.38 1.27 10.10 -1 1.000000
72 33 unknown -1 -1 -1 275 177 408 299 -1 -1 -1 -3.41 1.36 8.83 -1 1.000000
72 34 person -1 -1 -1 431 137 453 195 -1 -1 -1 -6.33 0.15 27.95 -1 1.000000
72 37 unknown -1 -1 -1 961 118 1053 136 -1 -1 -1 14.12 0.25 24.08 -1 1.000000
73 24 person -1 -1 -1 666 152 712 264 -1 -1 -1 1.30 1.21 10.59 -1 1.000000
73 25 person -1 -1 -1 553 134 580 232 -1 -1 -1 -0.76 0.96 14.63 -1 1.000000
73 28 person -1 -1 -1 597 146 632 224 -1 -1 -1 0.12 0.95 14.63 -1 1.000000
73 32 unknown -1 -1 -1 354 170 480 275 -1 -1 -1 -2.41 1.25 10.23 -1 1.000000
73 33 unknown -1 -1 -1 274 175 409 300 -1 -1 -1 -3.41 1.35 8.83 -1 1.000000
73 34 person -1 -1 -1 426 137 452 196 -1 -1 -1 -6.38 0.12 28.06 -1 1.000000
73 37 unknown -1 -1 -1 960 120 1052 136 -1 -1 -1 14.20 0.23 24.18 -1 1.000000
73 38 person -1 -1 -1 654 148 678 220 -1 -1 -1 1.24 0.91 15.22 -1 1.000000
74 24 person -1 -1 -1 661 152 717 264 -1 -1 -1 1.38 1.22 10.44 -1 1.000000
74 25 person -1 -1 -1 552 134 580 239 -1 -1 -1 -0.74 0.97 14.48 -1 1.000000
74 28 person -1 -1 -1 600 155 634 227 -1 -1 -1 0.18 0.96 14.56 -1 1.000000
74 32 unknown -1 -1 -1 354 172 481 276 -1 -1 -1 -2.40 1.27 10.12 -1 1.000000
74 33 unknown -1 -1 -1 275 174 409 299 -1 -1 -1 -3.40 1.35 8.83 -1 1.000000
74 34 person -1 -1 -1 430 137 451 194 -1 -1 -1 -6.50 0.10 28.26 -1 1.000000
74 37 unknown -1 -1 -1 961 118 1053 136 -1 -1 -1 14.07 0.25 24.07 -1 1.000000
74 38 person -1 -1 -1 658 151 683 225 -1 -1 -1 1.30 0.91 15.19 -1 1.000000
75 24 person -1 -1 -1 683 162 730 270 -1 -1 -1 1.46 1.23 10.28 -1 1.000000
75 25 person -1 -1 -1 552 134 580 239 -1 -1 -1 -0.73 0.99 14.27 -1 1.000000
75 28 person -1 -1 -1 603 155 639 229 -1 -1 -1 0.24 0.96 14.46 -1 1.000000
75 32 unknown -1 -1 -1 355 175 480 276 -1 -1 -1 -2.40 1.26 10.17 -1 1.000000
75 33 unknown -1 -1 -1 275 175 408 299 -1 -1 -1 -3.40 1.36 8.83 -1 1.000000
75 34 person -1 -1 -1 429 138 449 193 -1 -1 -1 -6.74 0.10 29.06 -1 1.000000
75 36 unknown -1 -1 -1 973 124 1034 134 -1 -1 -1 14.03 0.23 24.28 -1 1.000000
75 38 person -1 -1 -1 661 152 686 224 -1 -1 -1 1.39 0.92 15.10 -1 1.000000
76 24 person -1 -1 -1 686 151 734 273 -1 -1 -1 1.53 1.24 10.08 -1 1.000000
76 25 person -1 -1 -1 554 132 581 239 -1 -1 -1 -0.70 1.00 14.08 -1 1.000000
76 28 person -1 -1 -1 605 149 642 230 -1 -1 -1 0.31 0.99 14.25 -1 1.000000
76 32 unknown -1 -1 -1 356 176 480 275 -1 -1 -1 -2.39 1.26 10.20 -1 1.000000
76 33 unknown -1 -1 -1 275 167 409 299 -1 -1 -1 -3.41 1.36 8.84 -1 1.000000
76 34 person -1 -1 -1 426 139 447 194 -1 -1 -1 -6.76 0.12 28.61 -1 1.000000
76 36 unknown -1 -1 -1 973 124 1034 134 -1 -1 -1 14.01 0.24 24.20 -1 1.000000
76 38 person -1 -1 -1 664 150 691 226 -1 -1 -1 1.47 0.95 14.87 -1 1.000000
77 12 umbrella -1 -1 -1 337 97 359 159 -1 -1 -1 -12.49 -0.24 34.78 -1 1.000000
77 24 person -1 -1 -1 692 149 735 272 -1 -1 -1 1.59 1.25 9.93 -1 1.000000
77 25 person -1 -1 -1 556 133 582 239 -1 -1 -1 -0.67 1.00 14.00 -1 1.000000
77 28 person -1 -1 -1 607 149 643 230 -1 -1 -1 0.37 0.99 14.10 -1 1.000000
77 32 unknown -1 -1 -1 356 174 480 275 -1 -1 -1 -2.37 1.26 10.19 -1 1.000000
77 33 unknown -1 -1 -1 275 175 409 299 -1 -1 -1 -3.41 1.35 8.84 -1 1.000000
77 34 person -1 -1 -1 424 137 445 191 -1 -1 -1 -6.85 0.07 28.86 -1 1.000000
77 36 unknown -1 -1 -1 973 124 1034 134 -1 -1 -1 14.04 0.22 24.50 -1 1.000000
77 38 person -1 -1 -1 666 149 694 225 -1 -1 -1 1.55 0.95 14.70 -1 1.000000
78 12 umbrella -1 -1 -1 336 98 363 158 -1 -1 -1 -12.51 -0.23 34.77 -1 1.000000
78 24 person -1 -1 -1 695 160 743 275 -1 -1 -1 1.65 1.26 9.77 -1 1.000000
78 25 person -1 -1 -1 558 133 584 231 -1 -1 -1 -0.65 1.01 13.89 -1 1.000000
78 28 person -1 -1 -1 608 146 649 231 -1 -1 -1 0.44 0.99 14.01 -1 1.000000
78 32 unknown -1 -1 -1 356 176 480 276 -1 -1 -1 -2.36 1.27 10.14 -1 1.000000
78 33 unknown -1 -1 -1 274 176 408 299 -1 -1 -1 -3.41 1.36 8.84 -1 1.000000
78 34 person -1 -1 -1 424 138 444 190 -1 -1 -1 -6.96 0.09 29.14 -1 1.000000
78 36 unknown -1 -1 -1 973 124 1035 134 -1 -1 -1 14.03 0.23 24.21 -1 1.000000
78 38 person -1 -1 -1 667 151 698 228 -1 -1 -1 1.60 0.95 14.60 -1 1.000000
78 39 unknown -1 -1 -1 913 120 980 135 -1 -1 -1 12.01 0.27 23.93 -1 1.000000
79 12 umbrella -1 -1 -1 337 97 359 160 -1 -1 -1 -12.49 -0.21 34.77 -1 1.000000
79 24 person -1 -1 -1 709 149 751 275 -1 -1 -1 1.71 1.27 9.58 -1 1.000000
79 25 person -1 -1 -1 560 134 586 228 -1 -1 -1 -0.61 1.03 13.73 -1 1.000000
79 28 person -1 -1 -1 608 145 650 232 -1 -1 -1 0.47 1.01 13.83 -1 1.000000
79 32 unknown -1 -1 -1 356 174 480 275 -1 -1 -1 -2.37 1.27 10.12 -1 1.000000
79 33 unknown -1 -1 -1 274 175 408 299 -1 -1 -1 -3.41 1.36 8.84 -1 1.000000
79 34 person -1 -1 -1 421 138 443 189 -1 -1 -1 -7.04 0.11 29.09 -1 1.000000
79 36 unknown -1 -1 -1 972 124 1034 134 -1 -1 -1 14.08 0.22 24.47 -1 1.000000
79 38 person -1 -1 -1 670 151 702 231 -1 -1 -1 1.64 0.95 14.51 -1 1.000000
80 12 umbrella -1 -1 -1 336 98 363 158 -1 -1 -1 -12.52 -0.20 34.79 -1 1.000000
80 24 person -1 -1 -1 713 149 762 276 -1 -1 -1 1.76 1.28 9.44 -1 1.000000
80 25 person -1 -1 -1 561 134 590 241 -1 -1 -1 -0.56 1.04 13.60 -1 1.000000
80 28 person -1 -1 -1 609 146 653 234 -1 -1 -1 0.51 1.02 13.63 -1 1.000000
80 32 unknown -1 -1 -1 356 172 480 275 -1 -1 -1 -2.36 1.27 10.15 -1 1.000000
80 33 unknown -1 -1 -1 275 173 408 299 -1 -1 -1 -3.42 1.36 8.85 -1 1.000000
80 36 unknown -1 -1 -1 972 124 1035 134 -1 -1 -1 14.19 0.22 24.61 -1 1.000000
80 38 person -1 -1 -1 672 151 704 236 -1 -1 -1 1.66 0.98 14.27 -1 1.000000
80 40 unknown -1 -1 -1 231 111 253 177 -1 -1 -1 -17.02 -0.08 33.54 -1 1.000000
81 12 umbrella -1 -1 -1 336 99 363 157 -1 -1 -1 -12.51 -0.21 34.74 -1 1.000000
81 24 person -1 -1 -1 711 161 773 286 -1 -1 -1 1.82 1.29 9.27 -1 1.000000
81 25 person -1 -1 -1 560 134 595 243 -1 -1 -1 -0.52 1.04 13.48 -1 1.000000
81 28 person -1 -1 -1 608 148 656 235 -1 -1 -1 0.54 1.02 13.52 -1 1.000000
81 32 unknown -1 -1 -1 356 170 481 275 -1 -1 -1 -2.36 1.26 10.16 -1 1.000000
81 33 unknown -1 -1 -1 261 171 412 308 -1 -1 -1 -3.51 1.35 8.88 -1 1.000000
81 36 unknown -1 -1 -1 973 124 1035 134 -1 -1 -1 14.19 0.23 24.38 -1 1.000000
81 38 person -1 -1 -1 673 151 704 236 -1 -1 -1 1.69 0.98 14.09 -1 1.000000
81 40 unknown -1 -1 -1 230 112 253 178 -1 -1 -1 -17.04 -0.10 33.56 -1 1.000000
82 12 umbrella -1 -1 -1 337 97 359 160 -1 -1 -1 -12.45 -0.24 34.68 -1 1.000000
82 24 person -1 -1 -1 719 149 776 289 -1 -1 -1 1.87 1.30 9.07 -1 1.000000
82 25 person -1 -1 -1 563 133 595 241 -1 -1 -1 -0.48 1.05 13.24 -1 1.000000
82 28 person -1 -1 -1 616 146 668 236 -1 -1 -1 0.61 1.03 13.38 -1 1.000000
82 32 unknown -1 -1 -1 356 170 481 276 -1 -1 -1 -2.37 1.26 10.19 -1 1.000000
82 33 unknown -1 -1 -1 261 173 411 307 -1 -1 -1 -3.50 1.35 8.88 -1 1.000000
82 36 unknown -1 -1 -1 972 124 1035 134 -1 -1 -1 14.12 0.23 24.17 -1 1.000000
82 38 person -1 -1 -1 675 152 705 236 -1 -1 -1 1.74 0.98 14.02 -1 1.000000
82 40 unknown -1 -1 -1 231 112 253 176 -1 -1 -1 -16.98 -0.13 33.55 -1 1.000000
83 12 umbrella -1 -1 -1 337 97 359 161 -1 -1 -1 -12.45 -0.25 34.65 -1 1.000000
83 24 person -1 -1 -1 734 152 788 289 -1 -1 -1 1.94 1.31 8.89 -1 1.000000
83 25 person -1 -1 -1 558 133 597 242 -1 -1 -1 -0.45 1.05 13.10 -1 1.000000
83 28 person -1 -1 -1 620 146 662 236 -1 -1 -1 0.65 1.04 13.17 -1 1.000000
83 32 unknown -1 -1 -1 355 176 481 275 -1 -1 -1 -2.37 1.26 10.18 -1 1.000000
83 33 unknown -1 -1 -1 258 174 409 309 -1 -1 -1 -3.50 1.35 8.87 -1 1.000000
83 38 person -1 -1 -1 679 152 707 236 -1 -1 -1 1.79 0.98 13.94 -1 1.000000
83 40 unknown -1 -1 -1 231 113 253 177 -1 -1 -1 -17.01 -0.14 33.55 -1 1.000000
83 41 unknown -1 -1 -1 918 122 1049 138 -1 -1 -1 12.88 0.27 23.73 -1 1.000000
84 12 umbrella -1 -1 -1 337 97 359 160 -1 -1 -1 -12.45 -0.24 34.63 -1 1.000000
84 24 person -1 -1 -1 749 150 791 292 -1 -1 -1 2.02 1.32 8.76 -1 1.000000
84 25 person -1 -1 -1 558 134 598 249 -1 -1 -1 -0.39 1.06 12.97 -1 1.000000
84 28 person -1 -1 -1 623 157 666 239 -1 -1 -1 0.69 1.05 13.07 -1 1.000000
84 32 unknown -1 -1 -1 355 175 481 276 -1 -1 -1 -2.38 1.26 10.15 -1 1.000000
84 33 unknown -1 -1 -1 260 173 412 309 -1 -1 -1 -3.50 1.36 8.86 -1 1.000000
84 36 unknown -1 -1 -1 971 124 1035 134 -1 -1 -1 13.98 0.24 24.03 -1 1.000000
84 38 person -1 -1 -1 680 154 710 236 -1 -1 -1 1.81 1.01 13.71 -1 1.000000
84 40 unknown -1 -1 -1 230 112 253 176 -1 -1 -1 -16.99 -0.13 33.54 -1 1.000000
85 12 umbrella -1 -1 -1 336 99 362 157 -1 -1 -1 -12.45 -0.23 34.60 -1 1.000000
85 24 person -1 -1 -1 751 152 810 302 -1 -1 -1 2.08 1.33 8.60 -1 1.000000
85 25 person -1 -1 -1 566 135 600 248 -1 -1 -1 -0.34 1.08 12.76 -1 1.000000
85 28 person -1 -1 -1 626 150 669 242 -1 -1 -1 0.74 1.06 12.96 -1 1.000000
85 32 unknown -1 -1 -1 353 173 481 276 -1 -1 -1 -2.40 1.26 10.20 -1 1.000000
85 33 unknown -1 -1 -1 261 173 409 307 -1 -1 -1 -3.51 1.35 8.88 -1 1.000000
85 36 unknown -1 -1 -1 971 124 1035 134 -1 -1 -1 14.01 0.23 24.21 -1 1.000000
85 38 person -1 -1 -1 681 165 713 234 -1 -1 -1 1.83 1.01 13.57 -1 1.000000
85 40 unknown -1 -1 -1 230 113 253 177 -1 -1 -1 -16.98 -0.12 33.50 -1 1.000000
86 12 umbrella -1 -1 -1 336 99 362 157 -1 -1 -1 -12.42 -0.22 34.58 -1 1.000000
86 24 person -1 -1 -1 754 171 812 315 -1 -1 -1 2.13 1.34 8.42 -1 1.000000
86 25 person -1 -1 -1 571 133 603 244 -1 -1 -1 -0.29 1.08 12.66 -1 1.000000
86 28 person -1 -1 -1 626 150 672 242 -1 -1 -1 0.77 1.07 12.76 -1 1.000000
86 32 unknown -1 -1 -1 354 169 481 276 -1 -1 -1 -2.42 1.25 10.29 -1 1.000000
86 33 unknown -1 -1 -1 260 170 408 307 -1 -1 -1 -3.49 1.35 8.86 -1 1.000000
86 36 unknown -1 -1 -1 974 124 1036 134 -1 -1 -1 14.03 0.23 24.17 -1 1.000000
86 38 person -1 -1 -1 682 152 720 236 -1 -1 -1 1.91 1.01 13.51 -1 1.000000
86 40 unknown -1 -1 -1 230 113 253 177 -1 -1 -1 -16.99 -0.12 33.50 -1 1.000000
87 12 umbrella -1 -1 -1 337 97 359 161 -1 -1 -1 -12.31 -0.23 34.33 -1 1.000000
87 24 person -1 -1 -1 749 166 816 315 -1 -1 -1 2.19 1.35 8.24 -1 1.000000
87 25 person -1 -1 -1 573 128 605 248 -1 -1 -1 -0.26 1.09 12.54 -1 1.000000
87 28 person -1 -1 -1 615 150 674 242 -1 -1 -1 0.81 1.07 12.65 -1 1.000000
87 32 unknown -1 -1 -1 354 172 480 276 -1 -1 -1 -2.41 1.26 10.24 -1 1.000000
87 33 unknown -1 -1 -1 261 173 407 309 -1 -1 -1 -3.49 1.35 8.86 -1 1.000000
87 36 unknown -1 -1 -1 972 124 1035 134 -1 -1 -1 14.01 0.23 24.22 -1 1.000000
87 38 person -1 -1 -1 684 152 726 237 -1 -1 -1 1.93 1.03 13.32 -1 1.000000
87 40 unknown -1 -1 -1 230 114 253 178 -1 -1 -1 -17.00 -0.14 33.55 -1 1.000000
88 12 umbrella -1 -1 -1 338 97 359 160 -1 -1 -1 -12.39 -0.23 34.54 -1 1.000000
88 24 person -1 -1 -1 767 169 823 315 -1 -1 -1 2.25 1.36 8.10 -1 1.000000
88 25 person -1 -1 -1 572 120 609 249 -1 -1 -1 -0.21 1.10 12.37 -1 1.000000
88 28 person -1 -1 -1 627 145 676 243 -1 -1 -1 0.84 1.08 12.51 -1 1.000000
88 32 unknown -1 -1 -1 355 176 480 276 -1 -1 -1 -2.40 1.26 10.17 -1 1.000000
88 33 unknown -1 -1 -1 261 170 410 315 -1 -1 -1 -3.50 1.36 8.85 -1 1.000000
88 36 unknown -1 -1 -1 973 124 1036 134 -1 -1 -1 14.02 0.22 24.31 -1 1.000000
88 38 person -1 -1 -1 692 153 731 239 -1 -1 -1 1.98 1.04 13.15 -1 1.000000
88 40 unknown -1 -1 -1 230 114 253 178 -1 -1 -1 -17.04 -0.12 33.54 -1 1.000000
89 12 umbrella -1 -1 -1 337 98 362 157 -1 -1 -1 -12.40 -0.23 34.53 -1 1.000000
89 24 person -1 -1 -1 786 151 838 310 -1 -1 -1 2.31 1.37 7.96 -1 1.000000
89 25 person -1 -1 -1 576 123 612 251 -1 -1 -1 -0.16 1.11 12.24 -1 1.000000
89 28 person -1 -1 -1 626 148 676 255 -1 -1 -1 0.83 1.10 12.31 -1 1.000000
89 32 unknown -1 -1 -1 355 176 480 276 -1 -1 -1 -2.41 1.26 10.20 -1 1.000000
89 33 unknown -1 -1 -1 262 172 411 307 -1 -1 -1 -3.49 1.35 8.85 -1 1.000000
89 36 unknown -1 -1 -1 972 125 1035 134 -1 -1 -1 13.97 0.23 24.17 -1 1.000000
89 38 person -1 -1 -1 698 153 736 238 -1 -1 -1 2.05 1.04 13.08 -1 1.000000
89 40 unknown -1 -1 -1 230 113 253 178 -1 -1 -1 -17.01 -0.13 33.51 -1 1.000000
90 12 umbrella -1 -1 -1 337 98 362 157 -1 -1 -1 -12.40 -0.25 34.51 -1 1.000000
90 24 person -1 -1 -1 791 153 852 324 -1 -1 -1 2.38 1.38 7.79 -1 1.000000
90 25 person -1 -1 -1 580 127 615 252 -1 -1 -1 -0.10 1.12 12.03 -1 1.000000
90 28 person -1 -1 -1 633 148 679 248 -1 -1 -1 0.85 1.10 12.20 -1 1.000000
90 32 unknown -1 -1 -1 356 176 480 276 -1 -1 -1 -2.38 1.27 10.09 -1 1.000000
90 33 unknown -1 -1 -1 263 172 415 307 -1 -1 -1 -3.48 1.35 8.85 -1 1.000000
90 36 unknown -1 -1 -1 972 124 1036 134 -1 -1 -1 14.01 0.22 24.28 -1 1.000000
90 38 person -1 -1 -1 701 156 737 241 -1 -1 -1 2.09 1.04 12.96 -1 1.000000
90 40 unknown -1 -1 -1 230 111 254 180 -1 -1 -1 -16.95 -0.14 33.41 -1 1.000000
91 12 umbrella -1 -1 -1 337 98 362 158 -1 -1 -1 -12.40 -0.24 34.50 -1 1.000000
91 24 person -1 -1 -1 802 171 865 322 -1 -1 -1 2.46 1.39 7.60 -1 1.000000
91 25 person -1 -1 -1 587 149 618 251 -1 -1 -1 -0.05 1.13 11.89 -1 1.000000
91 28 person -1 -1 -1 626 152 682 255 -1 -1 -1 0.84 1.12 12.01 -1 1.000000
91 32 unknown -1 -1 -1 354 173 480 276 -1 -1 -1 -2.38 1.27 10.03 -1 1.000000
91 33 unknown -1 -1 -1 262 174 408 307 -1 -1 -1 -3.49 1.35 8.85 -1 1.000000
91 36 unknown -1 -1 -1 972 124 1036 134 -1 -1 -1 13.98 0.21 24.35 -1 1.000000
91 38 person -1 -1 -1 704 154 739 241 -1 -1 -1 2.13 1.06 12.77 -1 1.000000
91 40 unknown -1 -1 -1 231 111 254 173 -1 -1 -1 -16.87 -0.12 33.18 -1 1.000000
92 12 umbrella -1 -1 -1 337 97 362 157 -1 -1 -1 -12.45 -0.22 34.58 -1 1.000000
92 24 person -1 -1 -1 806 150 872 324 -1 -1 -1 2.51 1.40 7.42 -1 1.000000
92 25 person -1 -1 -1 590 150 631 251 -1 -1 -1 0.01 1.14 11.74 -1 1.000000
92 28 person -1 -1 -1 632 160 683 255 -1 -1 -1 0.85 1.12 11.89 -1 1.000000
92 32 unknown -1 -1 -1 355 175 480 275 -1 -1 -1 -2.37 1.26 10.12 -1 1.000000
92 33 unknown -1 -1 -1 262 173 407 307 -1 -1 -1 -3.49 1.36 8.86 -1 1.000000
92 36 unknown -1 -1 -1 972 124 1034 134 -1 -1 -1 14.00 0.23 24.16 -1 1.000000
92 38 person -1 -1 -1 709 154 741 243 -1 -1 -1 2.19 1.06 12.66 -1 1.000000
92 40 unknown -1 -1 -1 231 110 254 174 -1 -1 -1 -16.85 -0.10 33.25 -1 1.000000
93 12 umbrella -1 -1 -1 337 97 362 157 -1 -1 -1 -12.40 -0.26 34.53 -1 1.000000
93 24 person -1 -1 -1 835 150 894 325 -1 -1 -1 2.59 1.41 7.24 -1 1.000000
93 25 person -1 -1 -1 589 154 623 256 -1 -1 -1 0.07 1.15 11.56 -1 1.000000
93 28 person -1 -1 -1 635 150 686 255 -1 -1 -1 0.87 1.13 11.77 -1 1.000000
93 32 unknown -1 -1 -1 355 177 480 274 -1 -1 -1 -2.36 1.26 10.14 -1 1.000000
93 33 unknown -1 -1 -1 260 172 407 309 -1 -1 -1 -3.48 1.35 8.84 -1 1.000000
93 36 unknown -1 -1 -1 972 125 1034 134 -1 -1 -1 14.00 0.23 24.07 -1 1.000000
93 38 person -1 -1 -1 714 153 750 245 -1 -1 -1 2.24 1.07 12.52 -1 1.000000
93 40 unknown -1 -1 -1 231 110 253 177 -1 -1 -1 -16.88 -0.14 33.24 -1 1.000000
94 12 umbrella -1 -1 -1 337 98 361 157 -1 -1 -1 -12.40 -0.24 34.55 -1 1.000000
94 24 person -1 -1 -1 843 145 902 329 -1 -1 -1 2.67 1.42 7.07 -1 1.000000
94 25 person -1 -1 -1 586 135 642 255 -1 -1 -1 0.13 1.16 11.44 -1 1.000000
94 28 person -1 -1 -1 640 151 688 255 -1 -1 -1 0.90 1.15 11.58 -1 1.000000
94 32 unknown -1 -1 -1 355 179 480 276 -1 -1 -1 -2.36 1.27 10.06 -1 1.000000
94 33 unknown -1 -1 -1 261 172 409 315 -1 -1 -1 -3.48 1.35 8.85 -1 1.000000
94 36 unknown -1 -1 -1 971 124 1033 134 -1 -1 -1 14.07 0.21 24.48 -1 1.000000
94 38 person -1 -1 -1 716 155 753 255 -1 -1 -1 2.30 1.09 12.32 -1 1.000000
94 40 unknown -1 -1 -1 231 112 254 177 -1 -1 -1 -16.89 -0.12 33.32 -1 1.000000
95 12 umbrella -1 -1 -1 337 97 363 157 -1 -1 -1 -12.42 -0.22 34.56 -1 1.000000
95 24 person -1 -1 -1 851 160 940 341 -1 -1 -1 2.75 1.43 6.91 -1 1.000000
95 25 person -1 -1 -1 585 136 629 259 -1 -1 -1 0.16 1.17 11.26 -1 1.000000
95 28 person -1 -1 -1 634 148 689 256 -1 -1 -1 0.91 1.16 11.42 -1 1.000000
95 32 unknown -1 -1 -1 354 167 480 276 -1 -1 -1 -2.36 1.26 10.12 -1 1.000000
95 33 unknown -1 -1 -1 260 169 410 307 -1 -1 -1 -3.48 1.36 8.85 -1 1.000000
95 36 unknown -1 -1 -1 973 124 1036 134 -1 -1 -1 14.40 0.18 24.86 -1 1.000000
95 38 person -1 -1 -1 720 154 754 255 -1 -1 -1 2.36 1.09 12.25 -1 1.000000
95 42 unknown -1 -1 -1 230 114 264 210 -1 -1 -1 -16.08 -0.02 31.64 -1 1.000000
96 12 umbrella -1 -1 -1 337 98 363 157 -1 -1 -1 -12.42 -0.22 34.60 -1 1.000000
96 24 person -1 -1 -1 850 158 946 356 -1 -1 -1 2.81 1.44 6.72 -1 1.000000
96 25 person -1 -1 -1 584 140 639 264 -1 -1 -1 0.18 1.18 11.14 -1 1.000000
96 28 person -1 -1 -1 632 148 691 258 -1 -1 -1 0.93 1.17 11.23 -1 1.000000
96 32 unknown -1 -1 -1 354 164 480 276 -1 -1 -1 -2.37 1.26 10.20 -1 1.000000
96 33 unknown -1 -1 -1 262 169 407 307 -1 -1 -1 -3.48 1.36 8.86 -1 1.000000
96 36 unknown -1 -1 -1 972 124 1035 134 -1 -1 -1 14.52 0.17 24.87 -1 1.000000
96 38 person -1 -1 -1 724 152 762 247 -1 -1 -1 2.39 1.10 12.11 -1 1.000000
96 42 unknown -1 -1 -1 231 114 272 210 -1 -1 -1 -16.08 -0.02 31.79 -1 1.000000
97 12 umbrella -1 -1 -1 337 98 362 156 -1 -1 -1 -12.40 -0.23 34.56 -1 1.000000
97 24 person -1 -1 -1 870 153 950 355 -1 -1 -1 2.89 1.45 6.56 -1 1.000000
97 25 person -1 -1 -1 601 133 640 262 -1 -1 -1 0.23 1.19 10.96 -1 1.000000
97 28 person -1 -1 -1 628 145 695 259 -1 -1 -1 0.95 1.18 11.10 -1 1.000000
97 32 unknown -1 -1 -1 353 164 480 276 -1 -1 -1 -2.36 1.27 10.11 -1 1.000000
97 33 unknown -1 -1 -1 262 171 414 310 -1 -1 -1 -3.49 1.35 8.87 -1 1.000000
97 36 unknown -1 -1 -1 972 124 1035 134 -1 -1 -1 14.39 0.19 24.69 -1 1.000000
97 38 person -1 -1 -1 730 155 770 255 -1 -1 -1 2.44 1.11 11.94 -1 1.000000
97 42 unknown -1 -1 -1 231 115 275 209 -1 -1 -1 -16.22 -0.06 32.06 -1 1.000000
97 43 tracking error -1 -1 -1 477 119 552 180 -1 -1 -1 -4.87 -0.72 41.15 -1 1.000000
98 24 person -1 -1 -1 901 149 958 346 -1 -1 -1 2.94 1.46 6.42 -1 1.000000
98 25 person -1 -1 -1 604 132 639 263 -1 -1 -1 0.28 1.19 10.87 -1 1.000000
98 28 person -1 -1 -1 626 146 688 260 -1 -1 -1 0.95 1.19 10.91 -1 1.000000
98 32 unknown -1 -1 -1 352 165 480 276 -1 -1 -1 -2.37 1.27 10.04 -1 1.000000
98 33 unknown -1 -1 -1 261 170 407 315 -1 -1 -1 -3.50 1.35 8.86 -1 1.000000
98 36 unknown -1 -1 -1 975 124 1036 134 -1 -1 -1 14.33 0.19 24.66 -1 1.000000
98 38 person -1 -1 -1 733 154 776 253 -1 -1 -1 2.49 1.11 11.87 -1 1.000000
98 42 unknown -1 -1 -1 230 113 262 210 -1 -1 -1 -16.15 -0.00 31.77 -1 1.000000
99 24 person -1 -1 -1 902 173 979 369 -1 -1 -1 2.99 1.47 6.27 -1 1.000000
99 25 person -1 -1 -1 606 133 644 264 -1 -1 -1 0.32 1.21 10.69 -1 1.000000
99 28 person -1 -1 -1 631 149 690 265 -1 -1 -1 0.96 1.20 10.74 -1 1.000000
99 32 unknown -1 -1 -1 352 172 480 276 -1 -1 -1 -2.37 1.27 10.01 -1 1.000000
99 33 unknown -1 -1 -1 262 176 409 315 -1 -1 -1 -3.51 1.36 8.85 -1 1.000000
99 36 unknown -1 -1 -1 973 124 1035 134 -1 -1 -1 14.30 0.20 24.56 -1 1.000000
99 38 person -1 -1 -1 734 157 781 253 -1 -1 -1 2.53 1.13 11.69 -1 1.000000
99 42 unknown -1 -1 -1 231 109 265 209 -1 -1 -1 -16.22 -0.04 31.88 -1 1.000000
100 24 person -1 -1 -1 895 179 1018 369 -1 -1 -1 3.07 1.48 6.12 -1 1.000000
100 25 person -1 -1 -1 611 134 649 266 -1 -1 -1 0.37 1.21 10.57 -1 1.000000
100 28 person -1 -1 -1 650 150 705 268 -1 -1 -1 1.02 1.21 10.59 -1 1.000000
100 32 unknown -1 -1 -1 351 174 480 275 -1 -1 -1 -2.37 1.28 9.98 -1 1.000000
100 33 unknown -1 -1 -1 262 177 406 308 -1 -1 -1 -3.51 1.35 8.88 -1 1.000000
100 36 unknown -1 -1 -1 972 124 1034 134 -1 -1 -1 14.17 0.21 24.40 -1 1.000000
100 38 person -1 -1 -1 741 154 785 252 -1 -1 -1 2.59 1.14 11.54 -1 1.000000
100 42 unknown -1 -1 -1 231 110 262 209 -1 -1 -1 -16.35 -0.06 32.07 -1 1.000000
101 24 person -1 -1 -1 911 159 1019 369 -1 -1 -1 3.15 1.49 5.96 -1 1.000000
101 25 person -1 -1 -1 612 134 653 270 -1 -1 -1 0.41 1.23 10.38 -1 1.000000
101 28 person -1 -1 -1 655 150 724 269 -1 -1 -1 1.07 1.22 10.42 -1 1.000000
101 32 unknown -1 -1 -1 351 174 480 275 -1 -1 -1 -2.38 1.28 9.92 -1 1.000000
101 33 unknown -1 -1 -1 263 177 406 308 -1 -1 -1 -3.52 1.35 8.88 -1 1.000000
101 36 unknown -1 -1 -1 973 124 1035 134 -1 -1 -1 14.12 0.24 24.25 -1 1.000000
101 38 person -1 -1 -1 745 154 786 252 -1 -1 -1 2.65 1.14 11.45 -1 1.000000
101 40 unknown -1 -1 -1 230 112 253 177 -1 -1 -1 -16.99 -0.12 33.44 -1 1.000000
102 24 person -1 -1 -1 947 156 1048 369 -1 -1 -1 3.21 1.50 5.76 -1 1.000000
102 25 person -1 -1 -1 615 136 659 275 -1 -1 -1 0.46 1.23 10.26 -1 1.000000
102 28 person -1 -1 -1 655 146 714 269 -1 -1 -1 1.11 1.23 10.27 -1 1.000000
102 33 unknown -1 -1 -1 263 178 406 309 -1 -1 -1 -3.50 1.35 8.88 -1 1.000000
102 36 unknown -1 -1 -1 970 124 1034 134 -1 -1 -1 14.17 0.24 24.34 -1 1.000000
102 38 person -1 -1 -1 751 156 795 258 -1 -1 -1 2.70 1.16 11.26 -1 1.000000
102 44 unknown -1 -1 -1 354 174 480 275 -1 -1 -1 -2.36 1.27 10.00 -1 1.000000
102 45 umbrella -1 -1 -1 339 97 361 160 -1 -1 -1 -12.45 -0.21 34.61 -1 1.000000
103 24 person -1 -1 -1 984 143 1066 369 -1 -1 -1 3.28 1.51 5.61 -1 1.000000
103 25 person -1 -1 -1 602 131 664 292 -1 -1 -1 0.48 1.25 10.08 -1 1.000000
103 28 person -1 -1 -1 663 147 719 272 -1 -1 -1 1.16 1.24 10.09 -1 1.000000
103 33 unknown -1 -1 -1 262 176 406 307 -1 -1 -1 -3.51 1.36 8.87 -1 1.000000
103 36 unknown -1 -1 -1 971 124 1033 135 -1 -1 -1 14.04 0.22 24.07 -1 1.000000
103 38 person -1 -1 -1 756 156 801 260 -1 -1 -1 2.75 1.15 11.15 -1 1.000000
103 44 unknown -1 -1 -1 354 172 481 275 -1 -1 -1 -2.34 1.28 9.92 -1 1.000000
104 24 person -1 -1 -1 987 174 1085 369 -1 -1 -1 3.35 1.52 5.46 -1 1.000000
104 25 person -1 -1 -1 611 131 664 285 -1 -1 -1 0.51 1.25 9.93 -1 1.000000
104 28 person -1 -1 -1 670 150 726 292 -1 -1 -1 1.21 1.25 9.93 -1 1.000000
104 33 unknown -1 -1 -1 260 177 406 308 -1 -1 -1 -3.51 1.35 8.87 -1 1.000000
104 36 unknown -1 -1 -1 969 125 1034 135 -1 -1 -1 13.91 0.25 23.90 -1 1.000000
104 38 person -1 -1 -1 761 155 803 262 -1 -1 -1 2.80 1.17 10.96 -1 1.000000
104 44 unknown -1 -1 -1 354 172 480 275 -1 -1 -1 -2.35 1.25 10.11 -1 1.000000
105 24 person -1 -1 -1 989 155 1119 369 -1 -1 -1 3.41 1.54 5.32 -1 1.000000
105 25 person -1 -1 -1 624 133 667 292 -1 -1 -1 0.53 1.26 9.79 -1 1.000000
105 28 person -1 -1 -1 672 154 728 278 -1 -1 -1 1.26 1.26 9.77 -1 1.000000
105 33 unknown -1 -1 -1 261 170 406 307 -1 -1 -1 -3.52 1.35 8.88 -1 1.000000
105 36 unknown -1 -1 -1 967 124 1034 134 -1 -1 -1 13.71 0.26 23.69 -1 1.000000
105 38 person -1 -1 -1 764 156 807 271 -1 -1 -1 2.84 1.18 10.86 -1 1.000000
105 44 unknown -1 -1 -1 354 175 480 276 -1 -1 -1 -2.35 1.26 10.13 -1 1.000000
106 24 person -1 -1 -1 1005 155 1146 369 -1 -1 -1 3.51 1.55 5.17 -1 1.000000
106 25 person -1 -1 -1 625 135 668 292 -1 -1 -1 0.55 1.27 9.60 -1 1.000000
106 28 person -1 -1 -1 670 155 731 281 -1 -1 -1 1.30 1.27 9.60 -1 1.000000
106 33 unknown -1 -1 -1 262 170 406 308 -1 -1 -1 -3.52 1.34 8.89 -1 1.000000
106 36 unknown -1 -1 -1 965 124 1033 134 -1 -1 -1 13.67 0.26 23.72 -1 1.000000
106 38 person -1 -1 -1 773 154 817 271 -1 -1 -1 2.89 1.18 10.73 -1 1.000000
106 44 unknown -1 -1 -1 355 174 480 276 -1 -1 -1 -2.37 1.27 10.00 -1 1.000000
107 24 person -1 -1 -1 1045 149 1155 369 -1 -1 -1 3.55 1.56 5.00 -1 1.000000
107 25 person -1 -1 -1 608 135 670 292 -1 -1 -1 0.57 1.29 9.44 -1 1.000000
107 28 person -1 -1 -1 674 152 740 292 -1 -1 -1 1.32 1.28 9.45 -1 1.000000
107 33 unknown -1 -1 -1 261 173 407 307 -1 -1 -1 -3.51 1.35 8.86 -1 1.000000
107 36 unknown -1 -1 -1 966 124 1034 134 -1 -1 -1 13.72 0.26 23.79 -1 1.000000
107 38 person -1 -1 -1 777 156 826 271 -1 -1 -1 2.93 1.19 10.59 -1 1.000000
107 44 unknown -1 -1 -1 355 176 480 276 -1 -1 -1 -2.34 1.28 9.91 -1 1.000000
107 46 umbrella -1 -1 -1 338 97 362 164 -1 -1 -1 -12.40 -0.28 34.59 -1 1.000000
108 24 person -1 -1 -1 1069 147 1224 365 -1 -1 -1 3.64 1.56 4.85 -1 1.000000
108 25 person -1 -1 -1 608 133 671 286 -1 -1 -1 0.59 1.29 9.30 -1 1.000000
108 28 person -1 -1 -1 683 153 730 287 -1 -1 -1 1.33 1.29 9.28 -1 1.000000
108 33 unknown -1 -1 -1 262 175 407 315 -1 -1 -1 -3.50 1.35 8.86 -1 1.000000
108 36 unknown -1 -1 -1 969 125 1035 134 -1 -1 -1 13.85 0.23 24.00 -1 1.000000
108 38 person -1 -1 -1 776 158 833 271 -1 -1 -1 2.98 1.20 10.45 -1 1.000000
108 44 unknown -1 -1 -1 356 186 480 276 -1 -1 -1 -2.34 1.26 10.01 -1 1.000000
108 45 umbrella -1 -1 -1 338 98 365 158 -1 -1 -1 -12.38 -0.28 34.56 -1 1.000000
109 24 person -1 -1 -1 1096 145 1224 370 -1 -1 -1 3.74 1.56 4.69 -1 1.000000
109 25 person -1 -1 -1 630 126 675 293 -1 -1 -1 0.62 1.30 9.14 -1 1.000000
109 28 person -1 -1 -1 688 157 744 291 -1 -1 -1 1.36 1.30 9.11 -1 1.000000
109 33 unknown -1 -1 -1 260 174 408 315 -1 -1 -1 -3.49 1.35 8.85 -1 1.000000
109 36 unknown -1 -1 -1 970 124 1035 134 -1 -1 -1 13.84 0.23 24.08 -1 1.000000
109 38 person -1 -1 -1 792 159 837 271 -1 -1 -1 3.03 1.21 10.29 -1 1.000000
109 44 unknown -1 -1 -1 356 182 480 276 -1 -1 -1 -2.34 1.27 10.00 -1 1.000000
109 45 umbrella -1 -1 -1 338 98 363 156 -1 -1 -1 -12.41 -0.26 34.59 -1 1.000000
110 25 person -1 -1 -1 635 127 677 295 -1 -1 -1 0.65 1.31 8.99 -1 1.000000
110 28 person -1 -1 -1 691 156 776 290 -1 -1 -1 1.40 1.31 8.93 -1 1.000000
110 33 unknown -1 -1 -1 262 175 414 309 -1 -1 -1 -3.47 1.35 8.85 -1 1.000000
110 38 person -1 -1 -1 796 157 839 271 -1 -1 -1 3.06 1.22 10.12 -1 1.000000
110 44 unknown -1 -1 -1 356 182 480 276 -1 -1 -1 -2.34 1.26 10.04 -1 1.000000
110 45 umbrella -1 -1 -1 338 98 363 159 -1 -1 -1 -12.45 -0.27 34.66 -1 1.000000
110 47 unknown -1 -1 -1 917 122 1049 139 -1 -1 -1 12.87 0.27 23.55 -1 1.000000
111 25 person -1 -1 -1 639 156 682 305 -1 -1 -1 0.68 1.32 8.83 -1 1.000000
111 28 person -1 -1 -1 694 159 748 292 -1 -1 -1 1.42 1.32 8.78 -1 1.000000
111 33 unknown -1 -1 -1 261 176 413 308 -1 -1 -1 -3.48 1.35 8.86 -1 1.000000
111 36 unknown -1 -1 -1 973 124 1036 134 -1 -1 -1 13.96 0.21 24.21 -1 1.000000
111 38 person -1 -1 -1 806 155 842 268 -1 -1 -1 3.12 1.22 10.01 -1 1.000000
111 44 unknown -1 -1 -1 355 180 480 275 -1 -1 -1 -2.35 1.26 10.08 -1 1.000000
111 45 umbrella -1 -1 -1 338 98 362 156 -1 -1 -1 -12.43 -0.28 34.66 -1 1.000000
112 25 person -1 -1 -1 640 138 686 306 -1 -1 -1 0.71 1.33 8.66 -1 1.000000
112 28 person -1 -1 -1 702 171 762 293 -1 -1 -1 1.47 1.33 8.64 -1 1.000000
112 33 unknown -1 -1 -1 262 176 413 309 -1 -1 -1 -3.48 1.35 8.85 -1 1.000000
112 36 unknown -1 -1 -1 973 124 1036 134 -1 -1 -1 14.05 0.18 24.49 -1 1.000000
112 38 person -1 -1 -1 806 158 849 266 -1 -1 -1 3.17 1.24 9.85 -1 1.000000
112 44 unknown -1 -1 -1 356 179 480 275 -1 -1 -1 -2.35 1.26 10.04 -1 1.000000
112 45 umbrella -1 -1 -1 338 98 362 154 -1 -1 -1 -12.37 -0.30 34.54 -1 1.000000
112 48 unknown -1 -1 -1 544 146 609 186 -1 -1 -1 -1.51 -0.21 32.47 -1 1.000000
113 25 person -1 -1 -1 646 155 691 301 -1 -1 -1 0.74 1.34 8.49 -1 1.000000
113 28 person -1 -1 -1 708 158 769 315 -1 -1 -1 1.52 1.34 8.47 -1 1.000000
113 33 unknown -1 -1 -1 261 177 412 307 -1 -1 -1 -3.48 1.36 8.85 -1 1.000000
113 36 unknown -1 -1 -1 974 124 1037 134 -1 -1 -1 14.23 0.17 24.67 -1 1.000000
113 38 person -1 -1 -1 811 158 855 260 -1 -1 -1 3.22 1.24 9.74 -1 1.000000
113 44 unknown -1 -1 -1 355 178 480 275 -1 -1 -1 -2.35 1.27 10.05 -1 1.000000
113 45 umbrella -1 -1 -1 339 97 362 162 -1 -1 -1 -12.37 -0.26 34.57 -1 1.000000
113 48 unknown -1 -1 -1 546 149 609 186 -1 -1 -1 -1.44 -0.17 32.24 -1 1.000000
114 25 person -1 -1 -1 643 139 694 298 -1 -1 -1 0.76 1.36 8.32 -1 1.000000
114 28 person -1 -1 -1 710 176 775 310 -1 -1 -1 1.56 1.35 8.31 -1 1.000000
114 33 unknown -1 -1 -1 259 177 410 307 -1 -1 -1 -3.48 1.36 8.85 -1 1.000000
114 36 unknown -1 -1 -1 973 125 1036 134 -1 -1 -1 14.16 0.18 24.29 -1 1.000000
114 38 person -1 -1 -1 817 157 865 271 -1 -1 -1 3.30 1.25 9.56 -1 1.000000
114 44 unknown -1 -1 -1 355 176 480 275 -1 -1 -1 -2.35 1.27 10.06 -1 1.000000
114 45 umbrella -1 -1 -1 339 97 363 162 -1 -1 -1 -12.33 -0.26 34.54 -1 1.000000
114 48 unknown -1 -1 -1 546 150 608 186 -1 -1 -1 -1.38 -0.18 32.05 -1 1.000000
115 25 person -1 -1 -1 646 157 699 303 -1 -1 -1 0.80 1.36 8.17 -1 1.000000
115 28 person -1 -1 -1 715 181 785 315 -1 -1 -1 1.61 1.36 8.13 -1 1.000000
115 33 unknown -1 -1 -1 261 180 413 308 -1 -1 -1 -3.48 1.35 8.85 -1 1.000000
115 36 unknown -1 -1 -1 972 125 1036 134 -1 -1 -1 14.10 0.19 24.19 -1 1.000000
115 38 person -1 -1 -1 822 156 877 265 -1 -1 -1 3.34 1.26 9.46 -1 1.000000
115 44 unknown -1 -1 -1 354 173 481 275 -1 -1 -1 -2.38 1.25 10.14 -1 1.000000
115 45 umbrella -1 -1 -1 339 98 362 159 -1 -1 -1 -12.33 -0.28 34.52 -1 1.000000
115 48 unknown -1 -1 -1 546 143 608 186 -1 -1 -1 -1.41 -0.19 31.91 -1 1.000000
115 49 unknown -1 -1 -1 230 110 262 210 -1 -1 -1 -16.58 -0.13 32.62 -1 1.000000
116 25 person -1 -1 -1 630 137 713 304 -1 -1 -1 0.84 1.37 8.02 -1 1.000000
116 28 person -1 -1 -1 722 179 790 315 -1 -1 -1 1.63 1.37 7.99 -1 1.000000
116 36 unknown -1 -1 -1 973 124 1037 134 -1 -1 -1 14.05 0.19 24.25 -1 1.000000
116 38 person -1 -1 -1 832 157 890 260 -1 -1 -1 3.39 1.27 9.31 -1 1.000000
116 45 umbrella -1 -1 -1 338 97 363 165 -1 -1 -1 -12.24 -0.24 34.28 -1 1.000000
116 48 unknown -1 -1 -1 546 142 608 186 -1 -1 -1 -1.41 -0.17 31.73 -1 1.000000
116 49 unknown -1 -1 -1 230 109 263 210 -1 -1 -1 -16.59 -0.10 32.68 -1 1.000000
116 50 tracking error -1 -1 -1 235 210 321 365 -1 -1 -1 -3.65 1.40 8.19 -1 1.000000
116 51 unknown -1 -1 -1 309 186 410 288 -1 -1 -1 -2.98 1.35 8.89 -1 1.000000
116 52 unknown -1 -1 -1 397 180 481 259 -1 -1 -1 -2.26 1.23 10.56 -1 1.000000
117 25 person -1 -1 -1 642 140 708 323 -1 -1 -1 0.87 1.39 7.83 -1 1.000000
117 28 person -1 -1 -1 723 179 795 315 -1 -1 -1 1.64 1.38 7.85 -1 1.000000
117 36 unknown -1 -1 -1 973 124 1038 134 -1 -1 -1 14.17 0.21 24.08 -1 1.000000
117 38 person -1 -1 -1 841 156 898 271 -1 -1 -1 3.44 1.28 9.17 -1 1.000000
117 45 umbrella -1 -1 -1 337 97 362 163 -1 -1 -1 -12.36 -0.27 34.56 -1 1.000000
117 48 unknown -1 -1 -1 545 141 607 186 -1 -1 -1 -1.42 -0.17 31.67 -1 1.000000
117 49 unknown -1 -1 -1 230 109 263 209 -1 -1 -1 -16.63 -0.13 32.75 -1 1.000000
117 50 tracking error -1 -1 -1 235 210 320 366 -1 -1 -1 -3.66 1.40 8.19 -1 1.000000
117 51 unknown -1 -1 -1 309 185 410 289 -1 -1 -1 -2.98 1.35 8.89 -1 1.000000
117 52 unknown -1 -1 -1 397 181 481 259 -1 -1 -1 -2.27 1.23 10.56 -1 1.000000
118 25 person -1 -1 -1 659 134 714 322 -1 -1 -1 0.91 1.40 7.65 -1 1.000000
118 28 person -1 -1 -1 727 164 788 314 -1 -1 -1 1.63 1.39 7.69 -1 1.000000
118 36 unknown -1 -1 -1 975 125 1038 134 -1 -1 -1 14.12 0.21 23.94 -1 1.000000
118 38 person -1 -1 -1 850 160 908 271 -1 -1 -1 3.48 1.28 9.05 -1 1.000000
118 45 umbrella -1 -1 -1 338 97 362 161 -1 -1 -1 -12.34 -0.28 34.49 -1 1.000000
118 48 unknown -1 -1 -1 546 141 609 186 -1 -1 -1 -1.40 -0.18 31.65 -1 1.000000
118 49 unknown -1 -1 -1 230 109 267 209 -1 -1 -1 -16.67 -0.14 32.83 -1 1.000000
118 50 tracking error -1 -1 -1 235 210 320 366 -1 -1 -1 -3.64 1.40 8.19 -1 1.000000
118 51 unknown -1 -1 -1 309 183 410 289 -1 -1 -1 -2.98 1.35 8.89 -1 1.000000
118 52 unknown -1 -1 -1 396 181 481 259 -1 -1 -1 -2.28 1.23 10.57 -1 1.000000
119 25 person -1 -1 -1 673 134 720 319 -1 -1 -1 0.96 1.40 7.53 -1 1.000000
119 36 unknown -1 -1 -1 973 124 1036 134 -1 -1 -1 14.10 0.20 24.20 -1 1.000000
119 38 person -1 -1 -1 855 158 912 289 -1 -1 -1 3.51 1.30 8.86 -1 1.000000
119 45 umbrella -1 -1 -1 338 97 363 162 -1 -1 -1 -12.37 -0.25 34.53 -1 1.000000
119 48 unknown -1 -1 -1 546 141 609 186 -1 -1 -1 -1.42 -0.15 31.62 -1 1.000000
119 49 unknown -1 -1 -1 230 110 272 210 -1 -1 -1 -16.73 -0.11 32.97 -1 1.000000
119 50 tracking error -1 -1 -1 235 210 321 365 -1 -1 -1 -3.63 1.40 8.18 -1 1.000000
119 51 unknown -1 -1 -1 309 180 410 289 -1 -1 -1 -2.95 1.35 8.88 -1 1.000000
119 52 unknown -1 -1 -1 396 182 481 259 -1 -1 -1 -2.28 1.23 10.55 -1 1.000000
119 53 person -1 -1 -1 734 163 794 322 -1 -1 -1 1.65 1.40 7.51 -1 1.000000
120 25 person -1 -1 -1 677 137 726 317 -1 -1 -1 1.00 1.42 7.38 -1 1.000000
120 36 unknown -1 -1 -1 972 125 1036 134 -1 -1 -1 14.04 0.21 24.10 -1 1.000000
120 38 person -1 -1 -1 866 157 918 291 -1 -1 -1 3.57 1.31 8.72 -1 1.000000
120 45 umbrella -1 -1 -1 339 97 362 162 -1 -1 -1 -12.31 -0.30 34.44 -1 1.000000
120 48 unknown -1 -1 -1 546 140 609 186 -1 -1 -1 -1.40 -0.19 31.67 -1 1.000000
120 49 unknown -1 -1 -1 231 110 272 210 -1 -1 -1 -16.72 -0.17 32.96 -1 1.000000
120 50 tracking error -1 -1 -1 236 210 321 364 -1 -1 -1 -3.63 1.39 8.19 -1 1.000000
120 51 unknown -1 -1 -1 309 182 410 289 -1 -1 -1 -2.93 1.34 8.86 -1 1.000000
120 52 unknown -1 -1 -1 394 181 481 259 -1 -1 -1 -2.28 1.23 10.56 -1 1.000000
120 53 person -1 -1 -1 739 165 807 339 -1 -1 -1 1.66 1.42 7.33 -1 1.000000
121 25 person -1 -1 -1 678 164 739 329 -1 -1 -1 1.05 1.42 7.22 -1 1.000000
121 36 unknown -1 -1 -1 971 125 1035 134 -1 -1 -1 14.01 0.20 24.09 -1 1.000000
121 38 person -1 -1 -1 876 158 936 295 -1 -1 -1 3.65 1.31 8.60 -1 1.000000
121 45 umbrella -1 -1 -1 339 97 362 163 -1 -1 -1 -12.34 -0.28 34.44 -1 1.000000
121 48 unknown -1 -1 -1 546 140 609 186 -1 -1 -1 -1.40 -0.18 31.65 -1 1.000000
121 49 unknown -1 -1 -1 231 110 272 210 -1 -1 -1 -16.70 -0.13 32.91 -1 1.000000
121 50 tracking error -1 -1 -1 235 210 321 364 -1 -1 -1 -3.64 1.40 8.19 -1 1.000000
121 51 unknown -1 -1 -1 309 183 410 289 -1 -1 -1 -2.97 1.34 8.88 -1 1.000000
121 52 unknown -1 -1 -1 396 181 481 259 -1 -1 -1 -2.27 1.23 10.56 -1 1.000000
121 53 person -1 -1 -1 741 164 811 342 -1 -1 -1 1.69 1.42 7.19 -1 1.000000
122 25 person -1 -1 -1 683 139 742 326 -1 -1 -1 1.10 1.44 7.05 -1 1.000000
122 36 unknown -1 -1 -1 971 124 1036 134 -1 -1 -1 13.78 0.16 24.49 -1 1.000000
122 38 person -1 -1 -1 887 158 948 298 -1 -1 -1 3.72 1.32 8.46 -1 1.000000
122 45 umbrella -1 -1 -1 339 97 362 164 -1 -1 -1 -12.34 -0.28 34.45 -1 1.000000
122 49 unknown -1 -1 -1 231 109 263 210 -1 -1 -1 -16.68 -0.12 32.90 -1 1.000000
122 50 tracking error -1 -1 -1 235 210 320 365 -1 -1 -1 -3.65 1.40 8.19 -1 1.000000
122 51 unknown -1 -1 -1 309 182 410 289 -1 -1 -1 -2.96 1.35 8.89 -1 1.000000
122 52 unknown -1 -1 -1 393 178 481 259 -1 -1 -1 -2.29 1.23 10.56 -1 1.000000
122 53 person -1 -1 -1 750 162 813 340 -1 -1 -1 1.71 1.43 7.04 -1 1.000000
123 25 person -1 -1 -1 693 135 751 323 -1 -1 -1 1.15 1.44 6.88 -1 1.000000
123 36 unknown -1 -1 -1 970 125 1034 134 -1 -1 -1 13.81 0.23 24.06 -1 1.000000
123 38 person -1 -1 -1 895 161 959 315 -1 -1 -1 3.78 1.33 8.29 -1 1.000000
123 45 umbrella -1 -1 -1 339 97 362 163 -1 -1 -1 -12.38 -0.24 34.54 -1 1.000000
123 49 unknown -1 -1 -1 232 111 275 209 -1 -1 -1 -16.77 -0.11 33.15 -1 1.000000
123 50 tracking error -1 -1 -1 236 210 322 363 -1 -1 -1 -3.67 1.40 8.20 -1 1.000000
123 51 unknown -1 -1 -1 309 183 410 289 -1 -1 -1 -2.97 1.35 8.89 -1 1.000000
123 52 unknown -1 -1 -1 396 180 481 260 -1 -1 -1 -2.27 1.23 10.55 -1 1.000000
123 53 person -1 -1 -1 756 163 826 347 -1 -1 -1 1.75 1.44 6.85 -1 1.000000
124 25 person -1 -1 -1 699 132 761 326 -1 -1 -1 1.18 1.45 6.72 -1 1.000000
124 36 unknown -1 -1 -1 971 124 1035 134 -1 -1 -1 13.88 0.23 23.88 -1 1.000000
124 38 person -1 -1 -1 908 158 961 315 -1 -1 -1 3.83 1.34 8.12 -1 1.000000
124 45 umbrella -1 -1 -1 339 97 361 162 -1 -1 -1 -12.38 -0.25 34.54 -1 1.000000
124 49 unknown -1 -1 -1 231 113 276 210 -1 -1 -1 -16.84 -0.14 33.30 -1 1.000000
124 51 unknown -1 -1 -1 309 183 410 289 -1 -1 -1 -2.97 1.35 8.88 -1 1.000000
124 52 unknown -1 -1 -1 397 181 481 260 -1 -1 -1 -2.27 1.23 10.55 -1 1.000000
124 53 person -1 -1 -1 757 165 836 355 -1 -1 -1 1.80 1.45 6.67 -1 1.000000
124 54 tracking error -1 -1 -1 253 223 319 294 -1 -1 -1 -3.71 1.39 8.22 -1 1.000000
125 25 person -1 -1 -1 687 159 767 313 -1 -1 -1 1.20 1.46 6.57 -1 1.000000
125 36 unknown -1 -1 -1 973 124 1035 134 -1 -1 -1 13.78 0.22 23.90 -1 1.000000
125 38 person -1 -1 -1 919 156 982 315 -1 -1 -1 3.89 1.35 7.98 -1 1.000000
125 45 umbrella -1 -1 -1 339 97 361 161 -1 -1 -1 -12.38 -0.27 34.56 -1 1.000000
125 49 unknown -1 -1 -1 230 107 262 210 -1 -1 -1 -16.87 -0.13 33.26 -1 1.000000
125 50 tracking error -1 -1 -1 235 210 321 364 -1 -1 -1 -3.64 1.40 8.19 -1 1.000000
125 51 unknown -1 -1 -1 309 184 410 289 -1 -1 -1 -2.94 1.35 8.87 -1 1.000000
125 52 unknown -1 -1 -1 397 183 481 260 -1 -1 -1 -2.28 1.23 10.56 -1 1.000000
125 53 person -1 -1 -1 763 165 841 365 -1 -1 -1 1.83 1.46 6.49 -1 1.000000
126 25 person -1 -1 -1 687 137 774 306 -1 -1 -1 1.24 1.47 6.41 -1 1.000000
126 36 unknown -1 -1 -1 972 125 1035 134 -1 -1 -1 13.77 0.22 23.82 -1 1.000000
126 38 person -1 -1 -1 936 160 1002 310 -1 -1 -1 3.94 1.36 7.84 -1 1.000000
126 45 umbrella -1 -1 -1 339 98 359 160 -1 -1 -1 -12.39 -0.26 34.55 -1 1.000000
126 49 unknown -1 -1 -1 231 108 265 210 -1 -1 -1 -16.74 -0.10 33.04 -1 1.000000
126 50 tracking error -1 -1 -1 235 210 321 365 -1 -1 -1 -3.63 1.40 8.18 -1 1.000000
126 51 unknown -1 -1 -1 310 184 410 288 -1 -1 -1 -2.93 1.34 8.87 -1 1.000000
126 52 unknown -1 -1 -1 397 180 481 260 -1 -1 -1 -2.30 1.23 10.57 -1 1.000000
126 53 person -1 -1 -1 782 164 842 357 -1 -1 -1 1.86 1.47 6.36 -1 1.000000
127 25 person -1 -1 -1 714 136 779 304 -1 -1 -1 1.27 1.49 6.22 -1 1.000000
127 36 unknown -1 -1 -1 972 125 1036 134 -1 -1 -1 13.88 0.21 24.03 -1 1.000000
127 38 person -1 -1 -1 944 160 1017 315 -1 -1 -1 4.01 1.37 7.69 -1 1.000000
127 45 umbrella -1 -1 -1 338 98 359 160 -1 -1 -1 -12.40 -0.26 34.59 -1 1.000000
127 48 unknown -1 -1 -1 546 142 609 186 -1 -1 -1 -1.36 -0.15 31.64 -1 1.000000
127 49 unknown -1 -1 -1 230 104 263 209 -1 -1 -1 -16.66 -0.08 32.91 -1 1.000000
127 50 tracking error -1 -1 -1 235 210 322 365 -1 -1 -1 -3.64 1.40 8.18 -1 1.000000
127 51 unknown -1 -1 -1 310 185 410 289 -1 -1 -1 -2.97 1.35 8.88 -1 1.000000
127 52 unknown -1 -1 -1 396 181 481 260 -1 -1 -1 -2.29 1.23 10.55 -1 1.000000
127 53 person -1 -1 -1 788 164 860 365 -1 -1 -1 1.87 1.48 6.20 -1 1.000000
127 55 unknown -1 -1 -1 606 163 672 193 -1 -1 -1 1.28 0.12 27.15 -1 1.000000
128 25 person -1 -1 -1 704 135 787 361 -1 -1 -1 1.29 1.50 6.04 -1 1.000000
128 36 unknown -1 -1 -1 973 125 1036 134 -1 -1 -1 13.92 0.21 24.15 -1 1.000000
128 38 person -1 -1 -1 953 162 1026 315 -1 -1 -1 4.06 1.38 7.53 -1 1.000000
128 45 umbrella -1 -1 -1 338 98 359 160 -1 -1 -1 -12.43 -0.26 34.64 -1 1.000000
128 48 unknown -1 -1 -1 535 145 607 185 -1 -1 -1 -1.57 -0.16 31.78 -1 1.000000
128 49 unknown -1 -1 -1 230 107 263 209 -1 -1 -1 -16.62 -0.10 32.88 -1 1.000000
128 50 tracking error -1 -1 -1 235 211 321 365 -1 -1 -1 -3.63 1.40 8.18 -1 1.000000
128 51 unknown -1 -1 -1 309 186 411 289 -1 -1 -1 -2.97 1.34 8.89 -1 1.000000
128 52 unknown -1 -1 -1 396 180 481 260 -1 -1 -1 -2.29 1.23 10.54 -1 1.000000
128 53 person -1 -1 -1 795 170 883 369 -1 -1 -1 1.89 1.49 6.04 -1 1.000000
129 25 person -1 -1 -1 734 161 795 365 -1 -1 -1 1.32 1.50 5.89 -1 1.000000
129 36 unknown -1 -1 -1 972 124 1036 134 -1 -1 -1 14.01 0.21 24.27 -1 1.000000
129 38 person -1 -1 -1 972 158 1029 315 -1 -1 -1 4.13 1.38 7.42 -1 1.000000
129 45 umbrella -1 -1 -1 338 97 358 160 -1 -1 -1 -12.46 -0.25 34.70 -1 1.000000
129 48 unknown -1 -1 -1 536 145 607 184 -1 -1 -1 -1.52 -0.15 31.77 -1 1.000000
129 49 unknown -1 -1 -1 230 107 262 208 -1 -1 -1 -16.62 -0.08 32.82 -1 1.000000
129 50 tracking error -1 -1 -1 235 210 320 365 -1 -1 -1 -3.63 1.40 8.19 -1 1.000000
129 51 unknown -1 -1 -1 309 186 410 289 -1 -1 -1 -2.97 1.34 8.90 -1 1.000000
129 52 unknown -1 -1 -1 398 180 481 259 -1 -1 -1 -2.27 1.23 10.54 -1 1.000000
129 53 person -1 -1 -1 798 167 873 369 -1 -1 -1 1.91 1.50 5.88 -1 1.000000
130 25 person -1 -1 -1 746 164 803 369 -1 -1 -1 1.36 1.51 5.74 -1 1.000000
130 36 unknown -1 -1 -1 970 125 1034 134 -1 -1 -1 13.89 0.22 24.28 -1 1.000000
130 38 person -1 -1 -1 985 160 1042 302 -1 -1 -1 4.21 1.39 7.30 -1 1.000000
130 45 umbrella -1 -1 -1 338 97 358 161 -1 -1 -1 -12.47 -0.23 34.73 -1 1.000000
130 48 unknown -1 -1 -1 550 142 609 186 -1 -1 -1 -1.38 -0.12 31.62 -1 1.000000
130 49 unknown -1 -1 -1 230 107 266 209 -1 -1 -1 -16.61 -0.06 32.80 -1 1.000000
130 50 tracking error -1 -1 -1 235 210 321 365 -1 -1 -1 -3.63 1.40 8.18 -1 1.000000
130 51 unknown -1 -1 -1 309 185 410 289 -1 -1 -1 -2.97 1.35 8.89 -1 1.000000
130 52 unknown -1 -1 -1 398 180 481 259 -1 -1 -1 -2.29 1.23 10.57 -1 1.000000
130 53 person -1 -1 -1 813 169 916 369 -1 -1 -1 1.94 1.51 5.70 -1 1.000000
131 25 person -1 -1 -1 751 138 815 369 -1 -1 -1 1.38 1.52 5.57 -1 1.000000
131 36 unknown -1 -1 -1 971 125 1034 134 -1 -1 -1 13.91 0.23 24.13 -1 1.000000
131 38 person -1 -1 -1 996 160 1054 298 -1 -1 -1 4.26 1.39 7.17 -1 1.000000
131 45 umbrella -1 -1 -1 338 97 359 160 -1 -1 -1 -12.48 -0.23 34.71 -1 1.000000
131 48 unknown -1 -1 -1 544 143 609 186 -1 -1 -1 -1.41 -0.12 31.61 -1 1.000000
131 50 tracking error -1 -1 -1 236 210 320 364 -1 -1 -1 -3.63 1.39 8.17 -1 1.000000
131 51 unknown -1 -1 -1 309 185 411 288 -1 -1 -1 -2.94 1.34 8.88 -1 1.000000
131 52 unknown -1 -1 -1 398 180 481 259 -1 -1 -1 -2.31 1.23 10.59 -1 1.000000
131 53 person -1 -1 -1 827 190 926 369 -1 -1 -1 1.99 1.52 5.55 -1 1.000000
132 25 person -1 -1 -1 756 136 824 364 -1 -1 -1 1.41 1.52 5.44 -1 1.000000
132 36 unknown -1 -1 -1 971 125 1034 134 -1 -1 -1 13.85 0.23 24.10 -1 1.000000
132 38 person -1 -1 -1 999 165 1084 331 -1 -1 -1 4.32 1.40 7.01 -1 1.000000
132 45 umbrella -1 -1 -1 338 97 359 161 -1 -1 -1 -12.51 -0.21 34.73 -1 1.000000
132 48 unknown -1 -1 -1 546 142 609 186 -1 -1 -1 -1.45 -0.11 31.60 -1 1.000000
132 50 tracking error -1 -1 -1 235 210 320 365 -1 -1 -1 -3.64 1.40 8.18 -1 1.000000
132 51 unknown -1 -1 -1 309 185 411 289 -1 -1 -1 -2.93 1.35 8.87 -1 1.000000
132 52 unknown -1 -1 -1 397 180 481 259 -1 -1 -1 -2.33 1.23 10.60 -1 1.000000
132 53 person -1 -1 -1 829 191 918 369 -1 -1 -1 2.02 1.52 5.38 -1 1.000000
133 36 unknown -1 -1 -1 971 124 1035 134 -1 -1 -1 13.77 0.24 23.93 -1 1.000000
133 38 person -1 -1 -1 1018 161 1087 334 -1 -1 -1 4.38 1.41 6.86 -1 1.000000
133 45 umbrella -1 -1 -1 338 97 358 161 -1 -1 -1 -12.48 -0.22 34.75 -1 1.000000
133 50 tracking error -1 -1 -1 235 210 320 365 -1 -1 -1 -3.63 1.40 8.18 -1 1.000000
133 51 unknown -1 -1 -1 309 184 411 288 -1 -1 -1 -2.95 1.35 8.87 -1 1.000000
133 52 unknown -1 -1 -1 397 179 481 259 -1 -1 -1 -2.33 1.23 10.59 -1 1.000000
133 53 person -1 -1 -1 836 194 963 369 -1 -1 -1 2.08 1.54 5.23 -1 1.000000
133 56 person -1 -1 -1 758 168 847 370 -1 -1 -1 1.46 1.54 5.24 -1 1.000000
134 36 unknown -1 -1 -1 971 124 1035 134 -1 -1 -1 13.83 0.23 24.21 -1 1.000000
134 38 person -1 -1 -1 1030 161 1107 340 -1 -1 -1 4.42 1.42 6.73 -1 1.000000
134 45 umbrella -1 -1 -1 338 97 359 160 -1 -1 -1 -12.48 -0.22 34.75 -1 1.000000
134 50 tracking error -1 -1 -1 235 209 320 364 -1 -1 -1 -3.64 1.40 8.18 -1 1.000000
134 51 unknown -1 -1 -1 309 184 411 288 -1 -1 -1 -2.93 1.35 8.87 -1 1.000000
134 52 unknown -1 -1 -1 397 180 481 259 -1 -1 -1 -2.32 1.23 10.59 -1 1.000000
134 53 person -1 -1 -1 843 168 984 368 -1 -1 -1 2.14 1.55 5.06 -1 1.000000
134 56 person -1 -1 -1 773 127 850 369 -1 -1 -1 1.48 1.55 5.08 -1 1.000000
135 36 unknown -1 -1 -1 970 124 1034 134 -1 -1 -1 13.80 0.25 24.05 -1 1.000000
135 38 person -1 -1 -1 1045 161 1135 342 -1 -1 -1 4.53 1.43 6.62 -1 1.000000
135 45 umbrella -1 -1 -1 338 97 359 160 -1 -1 -1 -12.46 -0.22 34.68 -1 1.000000
135 50 tracking error -1 -1 -1 235 210 320 366 -1 -1 -1 -3.63 1.40 8.18 -1 1.000000
135 51 unknown -1 -1 -1 309 185 410 289 -1 -1 -1 -2.97 1.35 8.89 -1 1.000000
135 52 unknown -1 -1 -1 398 180 481 259 -1 -1 -1 -2.32 1.23 10.58 -1 1.000000
135 53 person -1 -1 -1 857 195 1000 369 -1 -1 -1 2.19 1.56 4.90 -1 1.000000
135 56 person -1 -1 -1 783 117 862 369 -1 -1 -1 1.51 1.56 4.94 -1 1.000000
135 57 unknown -1 -1 -1 948 206 1000 244 -1 -1 -1 2.52 1.56 4.89 -1 1.000000
136 36 unknown -1 -1 -1 972 124 1035 134 -1 -1 -1 14.00 0.24 24.04 -1 1.000000
136 38 person -1 -1 -1 1065 164 1171 353 -1 -1 -1 4.60 1.44 6.48 -1 1.000000
136 45 umbrella -1 -1 -1 338 98 359 159 -1 -1 -1 -12.44 -0.23 34.66 -1 1.000000
136 50 tracking error -1 -1 -1 235 209 320 365 -1 -1 -1 -3.64 1.40 8.18 -1 1.000000
136 51 unknown -1 -1 -1 309 184 410 288 -1 -1 -1 -2.98 1.34 8.89 -1 1.000000
136 52 unknown -1 -1 -1 398 179 481 259 -1 -1 -1 -2.32 1.23 10.57 -1 1.000000
136 53 person -1 -1 -1 895 192 1019 352 -1 -1 -1 2.23 1.57 4.75 -1 1.000000
136 56 person -1 -1 -1 793 118 875 369 -1 -1 -1 1.54 1.57 4.80 -1 1.000000
136 57 unknown -1 -1 -1 968 206 1021 241 -1 -1 -1 2.56 1.57 4.70 -1 1.000000
137 36 unknown -1 -1 -1 972 124 1036 134 -1 -1 -1 13.94 0.24 23.97 -1 1.000000
137 38 person -1 -1 -1 1082 164 1220 357 -1 -1 -1 4.67 1.45 6.35 -1 1.000000
137 45 umbrella -1 -1 -1 338 97 359 159 -1 -1 -1 -12.43 -0.23 34.67 -1 1.000000
137 50 tracking error -1 -1 -1 235 209 321 365 -1 -1 -1 -3.64 1.40 8.18 -1 1.000000
137 51 unknown -1 -1 -1 309 183 411 288 -1 -1 -1 -2.98 1.35 8.88 -1 1.000000
137 52 unknown -1 -1 -1 397 179 481 260 -1 -1 -1 -2.32 1.23 10.58 -1 1.000000
137 53 person -1 -1 -1 882 200 1043 369 -1 -1 -1 2.26 1.58 4.60 -1 1.000000
137 56 person -1 -1 -1 795 120 905 369 -1 -1 -1 1.56 1.58 4.64 -1 1.000000
138 38 person -1 -1 -1 1066 165 1201 361 -1 -1 -1 4.71 1.45 6.20 -1 1.000000
138 50 tracking error -1 -1 -1 235 209 321 365 -1 -1 -1 -3.64 1.40 8.19 -1 1.000000
138 51 unknown -1 -1 -1 309 182 411 287 -1 -1 -1 -2.97 1.35 8.87 -1 1.000000
138 52 unknown -1 -1 -1 396 178 481 260 -1 -1 -1 -2.30 1.23 10.58 -1 1.000000
138 53 person -1 -1 -1 914 165 1044 369 -1 -1 -1 2.29 1.59 4.46 -1 1.000000
138 56 person -1 -1 -1 807 120 900 369 -1 -1 -1 1.59 1.59 4.47 -1 1.000000
139 38 person -1 -1 -1 1120 161 1205 369 -1 -1 -1 4.74 1.54 6.06 -1 1.000000
139 50 tracking error -1 -1 -1 235 209 321 365 -1 -1 -1 -3.63 1.36 8.19 -1 1.000000
139 51 unknown -1 -1 -1 309 184 411 288 -1 -1 -1 -2.98 1.32 8.90 -1 1.000000
139 52 unknown -1 -1 -1 393 177 481 260 -1 -1 -1 -2.31 1.20 10.61 -1 1.000000
139 53 person -1 -1 -1 909 165 1095 369 -1 -1 -1 2.30 1.65 4.29 -1 1.000000
139 56 person -1 -1 -1 821 116 914 369 -1 -1 -1 1.58 1.65 4.29 -1 1.000000
140 38 person -1 -1 -1 1135 163 1223 369 -1 -1 -1 4.83 1.49 5.94 -1 1.000000
140 50 tracking error -1 -1 -1 235 209 320 364 -1 -1 -1 -3.63 1.39 8.17 -1 1.000000
140 51 unknown -1 -1 -1 309 184 411 288 -1 -1 -1 -2.98 1.34 8.89 -1 1.000000
140 52 unknown -1 -1 -1 394 177 481 260 -1 -1 -1 -2.33 1.23 10.61 -1 1.000000
140 53 person -1 -1 -1 938 160 1136 368 -1 -1 -1 2.38 1.62 4.14 -1 1.000000
140 56 person -1 -1 -1 830 112 925 369 -1 -1 -1 1.62 1.62 4.15 -1 1.000000
141 38 person -1 -1 -1 1136 164 1223 369 -1 -1 -1 4.84 1.51 5.85 -1 1.000000
141 51 unknown -1 -1 -1 275 175 408 299 -1 -1 -1 -3.40 1.34 8.83 -1 1.000000
141 52 unknown -1 -1 -1 394 178 481 260 -1 -1 -1 -2.32 1.22 10.59 -1 1.000000
141 53 person -1 -1 -1 994 160 1165 367 -1 -1 -1 2.44 1.64 3.99 -1 1.000000
141 56 person -1 -1 -1 856 108 946 369 -1 -1 -1 1.64 1.64 3.99 -1 1.000000
142 38 person -1 -1 -1 1153 169 1224 363 -1 -1 -1 4.91 1.51 5.75 -1 1.000000
142 51 unknown -1 -1 -1 275 165 408 299 -1 -1 -1 -3.40 1.34 8.83 -1 1.000000
142 52 unknown -1 -1 -1 412 180 481 262 -1 -1 -1 -2.27 1.23 10.57 -1 1.000000
142 53 person -1 -1 -1 1005 165 1165 369 -1 -1 -1 2.46 1.65 3.84 -1 1.000000
142 56 person -1 -1 -1 870 114 962 369 -1 -1 -1 1.66 1.65 3.85 -1 1.000000
143 51 unknown -1 -1 -1 275 175 409 299 -1 -1 -1 -3.40 1.32 8.83 -1 1.000000
143 52 unknown -1 -1 -1 395 178 481 259 -1 -1 -1 -2.35 1.20 10.59 -1 1.000000
143 53 person -1 -1 -1 1027 165 1223 369 -1 -1 -1 2.50 1.70 3.69 -1 1.000000
143 56 person -1 -1 -1 886 113 1011 369 -1 -1 -1 1.68 1.69 3.68 -1 1.000000
144 51 unknown -1 -1 -1 275 178 408 299 -1 -1 -1 -3.40 1.32 8.81 -1 1.000000
144 52 unknown -1 -1 -1 395 178 481 260 -1 -1 -1 -2.33 1.20 10.60 -1 1.000000
144 53 person -1 -1 -1 1065 167 1222 369 -1 -1 -1 2.56 1.71 3.53 -1 1.000000
144 56 person -1 -1 -1 913 111 1033 369 -1 -1 -1 1.72 1.70 3.51 -1 1.000000
